63
 Lattice="1.0 0.0 0.0 0.0 1.0 0.0 0.0 0.0 1.0"Properties=species:S:1:pos:R:3:Color:r:1
active_stem 0.0 0.0 0.0 1
active_stem 1.7804750435723302 -0.7055665566210295 0.5762676924781164 1
active_stem 3.2108274673129533 0.13769638975803056 -0.53863120301126 1
active_stem -0.7328339488267874 1.423387965944283 1.1987164393016116 1
active_stem 2.25304930045851 -2.596703476321557 0.1287470530947743 1
active_stem 2.974169699616301 1.6701464731779498 -1.8017977964640477 1
active_stem -2.354950078196341 -1.9012189053738704 -2.2404657001889188 1
active_stem -1.957115575055455 -0.04397131220008291 0.40959144226748534 1
active_stem -0.7393602637175475 2.764691625779797 -0.28481377586955303 1
active_stem 3.1028902635882476 2.7311464072069462 -3.492274106975736 1
active_stem -0.26167560851909055 -3.0041148862163256 -2.1545237413398004 1
active_stem -3.131917373382257 -2.7308879982192886 -3.886057088896499 1
active_stem 5.136499412169953 -0.3193311321026722 -0.2506843241385694 1
active_stem 0.34845108852980355 -2.0994742202913415 0.6558215569067708 1
active_stem 0.08186539110609437 4.274792519780815 0.737528492549788 1
active_stem 4.118914834146097 -1.9002594629633653 1.6056033960069311 1
active_stem 4.76051974930214 1.0854165249671461 -2.48520425506156 1
active_stem -2.3549749073746264 -2.0425166610417933 0.2883752257947976 1
active_stem 0.5460994182161348 -4.013963860737839 1.1995720092240472 1
active_stem -0.22560441218242175 0.18459625111861985 -1.9786426845888005 1
active_stem 4.082801129732241 3.2680085348400976 -5.151054909350219 1
active_stem 4.031534154631861 1.2316868405675847 0.9206924166590084 1
active_stem -3.899626586212068 -0.6782303746947302 -2.5843749024671037 1
active_stem 6.094851361050003 0.7884463151010193 1.1110758124290583 1
active_stem 1.2470321188050737 -1.2673097047624546 -1.2676095489704342 1
active_stem -1.2803507718482372 -0.8576827936192569 2.106607360326744 1
active_stem -1.1411146767889324 -4.6517253942611045 -1.4390053705196681 1
active_stem -4.659949027185983 -2.92942631217192 -2.6110269704809785 1
active_stem -0.00972446809898847 -0.3778336528834013 -3.885752658561673 1
active_stem 1.0815588088329033 1.5257580632620178 -0.7087262344706083 1
active_stem 3.216956256913944 1.8604082633583425 -6.277542429005345 1
active_stem 6.472828228266897 1.3891918298304764 -3.4729897768326534 1
active_stem -3.109539836193137 -4.416277475168075 -2.8095063205536186 1
active_stem -0.41340233922471625 -4.840599679086403 2.7474833766127347 1
active_stem 2.66213636709593 -3.4562870414035203 1.8876569048356113 1
active_stem -1.6393698103520675 -6.1255157206385675 -2.695860133709987 1
active_stem -5.3238243325114905 0.40232940436971387 -1.6876858017728633 1
active_stem 6.2294610761357285 1.2051013767455403 -0.9446153920897797 1
active_stem -0.33038531917445 -3.2352579859048305 -4.139933483213766 1
active_stem 1.9597214041846422 -0.8505181675592204 2.5629382169218813 1
active_stem -2.010342341210421 -3.8550012291162163 1.0604685393464353 1
active_stem 5.416297114923687 -3.1430638733857696 2.484373226485288 1
active_stem -3.4510905801095735 1.0666737180424226 1.140690820649911 1
active_stem 6.439333914008775 1.8972337398088646 2.739548169430168 1
active_stem 1.3167274374383429 2.426582557333014 -4.338951861396007 1
active_stem 4.04875528749139 -0.7522973785427325 -2.1215993203644876 1
active_stem 2.9606427554937227 3.3654215172817272 -0.7407325078876847 1
active_stem -1.6403991456709175 2.0591790343403984 -1.925051842897838 1
active_stem -3.0792884246426304 -1.077023317167956 2.9526056204242352 1
active_stem -0.6339114862052151 -2.7661295302550637 2.2653352938649736 1
active_stem 1.9628549071267352 -1.431826325252466 -3.1278600743841345 1
active_stem -2.11740086807648 2.8360155212325915 1.49444914997054 1
active_stem -2.175322851759148 -0.7099773585587945 -3.836923540742219 1
active_stem 4.203819617178483 0.7029325137983049 2.841821402780935 1
quiesc_stem -0.8722280364941468 -1.5278722879442095 -0.9512226469579519 2
active_diff 4.12616825608622 -3.296293487006256 0.1734594117704398 3
active_diff 0.42135178175299903 0.8559310224876471 2.7303325519907076 3
active_diff 1.953026669709313 -3.930359668393795 -1.3311664999574977 3
active_diff -1.2292985553552596 5.282747699113019 -0.3871383300947109 3
active_diff 2.269830401533298 -5.146736277254725 -2.8868217769769218 3
active_diff 1.839012728207137 2.21742762373481 3.099878822018132 3
active_diff 3.158100186152428 -4.986393971076044 0.6277771042739712 3
active_diff -5.2666016947114525 -3.727911126133254 -0.8805950755895999 3
