62
 Lattice="1.0 0.0 0.0 0.0 1.0 0.0 0.0 0.0 1.0"Properties=species:S:1:pos:R:3:Color:r:1
active_stem 1.9926094204465348 0.13044302219694964 0.11176902749801518 1
active_stem 1.8039623623084582 3.6197589932839103 1.339823891139959 1
active_stem 1.3992571290868778 0.42766147470452887 -2.35796475350873 1
active_stem 3.7125659452308595 0.9118676070361471 0.7683702543173968 1
active_stem 0.5904594825771878 5.2020267836510214 1.4942240221330814 1
active_stem 4.337736675462539 -2.4952189312227606 -1.1792920234349396 1
active_stem 1.0644190014850496 4.108137469902394 -0.4530960962096793 1
active_stem -2.358397799752677 0.5109868292602913 -0.6463441079905714 1
active_stem 2.2814458104566087 6.043281745948462 0.836306605328507 1
active_stem -0.033988874892761034 0.8358570913013705 -3.6918246526988665 1
active_stem 5.754148676636139 -1.8937814485935913 0.09822509872823737 1
active_stem -0.13745929917083577 6.319286853446563 0.003632131769077729 1
active_stem 0.5933451724872703 4.425223415179447 -2.370788968110998 1
active_stem 5.149856418778438 -2.503619478320738 -4.173292054289592 1
active_stem -1.2117460831271831 -0.920919203515567 -4.767185100984695 1
active_stem 3.274026151502211 0.4971942737776884 -1.3793596325560213 1
active_stem 1.521855187548353 -4.109878510103953 4.193850658299871 1
active_stem 4.100440851940476 2.2329500087941714 2.2189888618467006 1
active_stem 4.25191421012754 5.7589573243518055 1.0271308940917765 1
active_stem 2.469749620680819 -0.5484551984745356 -4.296215158282611 1
quiesc_stem 0.0 0.0 0.0 2
quiesc_stem -0.47935176220588166 -0.11519948354437967 -1.938285574176629 2
active_diff 0.927159011804838 -1.66441232508287 -0.6083648403230678 3
active_diff 1.8343022500566162 2.1218164365334107 0.014966318460085865 3
active_diff 1.0316155119534163 -2.188216750076382 1.3189954695136596 3
active_diff 3.4975110832596843 -1.186423904132403 0.0781166337926591 3
active_diff 0.26419180417919497 -2.1813996283588253 -2.4230820661917467 3
active_diff -1.6747159852054414 -0.28899328515427397 1.0544236577548458 3
active_diff 1.0991110998155027 -3.959743147954391 2.244813252471255 3
active_diff 0.8286263387174948 1.6947921797924752 1.6901577240932093 3
active_diff 2.381337926696202 -0.22056051568042623 2.041972815916862 3
active_diff 4.2861835577888945 -2.561165405598343 1.2979861071655876 3
active_diff -1.5248422290283736 -3.0476719933522807 -2.644282015725433 3
active_diff 4.6724479857151815 -1.2390723693754582 -2.699181543744939 3
active_diff 2.7027098247918113 1.3091006693004328 -3.592499490277877 3
active_diff 2.4411997652505892 -5.124042208047257 1.3265509191603773 3
active_diff 3.4766897627752043 3.2575017157359403 0.1280247311002865 3
active_diff -1.076223430117165 -1.6448292906969801 -0.3691608496741128 3
active_diff 5.114834921066208 0.4043383709696625 2.1010576872691193 3
active_diff -2.0795710533953633 -0.7154620400744578 -2.977026679232652 3
active_diff -0.8564452994953577 2.5464867566485023 1.030498780513509 3
active_diff 1.8148376941356466 -3.438760066015484 -0.3559432660019152 3
active_diff 0.7544183237137394 -1.2994667949363752 3.089104289917268 3
active_diff 2.868154986368927 4.829737798056412 2.5244948795990343 3
active_diff 2.3571191607900763 -1.4326476776909183 -1.9873133964822158 3
active_diff 1.2969913411602327 -3.8940836544133344 -2.4292903920105022 3
active_diff 4.000472805842037 -5.95605858626866 0.39037981767516206 3
active_diff 4.481474778597614 -2.1393358333546173 3.2432164665461203 3
active_diff -1.5085319758322369 2.1631487889204184 -1.386674399403829 3
active_diff 1.37468588507955 2.448993903716245 3.4601856141156464 3
active_diff 0.02192790824522617 -2.653378941197886 4.365967513388096 3
active_diff -1.1198711579593883 3.9119458559848255 -0.406904525845609 3
active_diff 1.202303963809919 2.5155612064366055 -1.8412511317205544 3
active_diff -1.383260160492486 -3.431339682963272 0.47588889118436073 3
active_diff -3.1610673016028277 -2.4893113438152747 -3.6497674193625693 3
active_diff -1.1067556855068847 0.08242587826169873 2.9357712872517725 3
active_diff 2.6358396741804992 -5.098816464058244 -1.1110382958357312 3
active_diff 3.3460538744926853 4.852889868756325 -1.0710044202946418 3
active_diff 5.0154835888091025 -0.05279172080054728 -0.5626934358147649 3
active_diff 6.3325720848579685 1.8434218461097895 2.7690060022598937 3
active_diff 2.5925976605825043 -2.2405315236667005 2.568234396270871 3
active_diff 2.997319600780503 0.6421941716772379 3.7379153051053016 3
