61
 Lattice="1.0 0.0 0.0 0.0 1.0 0.0 0.0 0.0 1.0"Properties=species:S:1:pos:R:3:Color:r:1
active_stem 0.9583674090202522 0.3062142254339531 -1.728515188671969 1
active_stem 4.160683037669703 -3.7739976140005784 -0.9159598582644198 1
active_stem -0.5887697406324789 1.159275353977475 -2.665880299571919 1
active_stem 7.1510455102372354 1.1600607257533075 -0.6069142693723534 1
active_stem 2.591150441369242 -5.3198299846790285 -0.3339129146667821 1
quiesc_stem 1.9926094204465348 0.13044302219694964 0.11176902749801518 2
active_diff 0.927159011804838 -1.66441232508287 -0.6083648403230678 3
active_diff 3.4391498299885894 1.4509340547439384 -0.9721411098327892 3
active_diff -0.9954295773417675 -2.1946093700644953 -0.45821754472298454 3
active_diff -1.2206513923546958 0.15643447355855053 1.5765590486324963 3
active_diff 2.5684294279639923 -0.13039866537108918 2.0092391677029284 3
active_diff 3.786005312254404 -0.5571274416088692 -0.4458850162858604 3
active_diff 2.9571579342136594 -0.48140220324846505 3.939442956121775 3
active_diff 2.387344215857261 -2.8949055918607414 -1.2031299118266876 3
active_diff 3.908803676459292 1.7099504541533883 0.9546011586951626 3
active_diff -2.596925682899233 1.4818783793277055 2.167378420222104 3
active_diff 1.1855273378305067 3.6097053792246077 1.1834172620102532 3
active_diff -1.8804351818157468 -3.3558215571366556 -1.8250940338926303 3
active_diff -3.0096854255622643 -0.709837891434905 1.35535909909881 3
active_diff -1.369712560070958 1.272199937169847 -0.7109112621480259 3
active_diff 5.312414520165174 0.5528758297333343 -1.1076762731144956 3
active_diff 1.4551207306302292 -4.56232966956015 -1.7952923208830578 3
active_diff -1.1454138013815958 -4.994596151070335 -0.9452296121876843 3
active_diff 1.7080591520830928 -0.15638025349341939 -3.524056510515973 3
active_diff 4.6760808412260335 3.044059633023161 -0.322676591554536 3
active_diff -0.7257513566951497 -1.3624236724993208 -2.256756013056881 3
active_diff -4.340351946736278 0.8294155458991145 1.4361075309084805 3
active_diff 2.3294279876401873 -2.1719415611493544 0.7243225926286546 3
active_diff 2.9971947071813285 -2.1323133475519374 5.067666981049863 3
active_diff 0.8938378160505591 1.0134576912989817 1.5305664251287419 3
active_diff 4.432031578305357 -0.8349529125046316 2.184140105633892 3
active_diff 0.991637756067646 3.003804865833011 -1.5699667909019261 3
active_diff 3.895960459332231 2.605089043085374 -2.5403408138900394 3
active_diff 2.87398732351191 4.680852453366972 1.1416222586126639 3
active_diff -1.6388185437781522 -6.484845985283922 -2.1844661480463414 3
active_diff 0.4568674201082979 -3.576738922817592 -0.2593192811536683 3
active_diff 3.127908062771936 4.362861831894527 -3.106318144761233 3
active_diff -1.0436841580718301 -4.515226674828604 -3.2235315538888676 3
active_diff 1.2496736364316665 1.4700046059231786 3.4449712369908596 3
active_diff -2.8425584528272823 -2.7811380177855636 0.03584627984840821 3
active_diff 2.9914945934315114 4.034097139275154 -0.7492852060431644 3
active_diff 0.2936111278896585 -1.1445040146249843 1.6972573077166906 3
active_diff 2.131544092251838 -1.9427855880028737 2.733383384080418 3
active_diff -5.228621209069426 -0.46216561647466736 2.6782008521188136 3
active_diff -2.748588921169792 2.359634146547718 0.3766961269971738 3
active_diff 1.9456288694774904 -2.3267500317658474 6.757756820320582 3
active_diff 0.5428340578503661 4.766637448943185 -0.7387047838358002 3
active_diff 2.0587978942162195 0.6531192590347286 5.319953836250796 3
active_diff -0.025268903222583017 2.9348329598687 2.6251244723149014 3
active_diff 2.7002007744060754 5.740265025472095 2.8290591425924747 3
active_diff 4.020860489896019 -1.8398770392259842 -1.9622611290455065 3
active_diff 5.767324527138392 1.3143091397015718 1.5785949069730387 3
active_diff 0.20131153534480273 -1.3221508641163922 -4.132900088835745 3
active_diff 5.1457522988528375 0.6024717491962515 3.3776278831143682 3
active_diff -2.89553927138635 -0.565736991810436 -0.6361743769477934 3
active_diff -2.3541126080020645 -0.5516639161403579 -3.0880852214400187 3
active_diff -2.0091230809929543 2.936140351997466 -1.6178051267416476 3
active_diff 2.625498252543945 -3.9889887004278566 1.5057841028002243 3
active_diff 3.8165935127443555 0.1098678302742011 -2.4070897667310938 3
quiesc_diff 0.0 0.0 0.0 4
quiesc_diff 1.8343022500566162 2.1218164365334107 0.014966318460085865 4
