306
 Lattice="1.0 0.0 0.0 0.0 1.0 0.0 0.0 0.0 1.0"Properties=species:S:1:pos:R:3:Color:r:1
active_stem 8.51352247871135 1.143124347131493 0.8571108907450428 1
active_stem -2.184820405077146 1.472142796284399 -3.8298116721493836 1
active_stem 9.198585496772731 -0.5977830601768956 0.15005356600862818 1
active_stem 6.282985152671988 -8.638293139025718 -1.8558488790065273 1
active_stem -1.0222899865344774 2.287886687121608 -7.396030425765188 1
active_stem 4.278621502661685 -7.370416619095317 -2.5229011543978155 1
quiesc_stem 1.9926094204465348 0.13044302219694964 0.11176902749801518 2
quiesc_stem 0.9583674090202522 0.3062142254339531 -1.728515188671969 2
quiesc_stem 4.160683037669703 -3.7739976140005784 -0.9159598582644198 2
quiesc_stem -0.5887697406324789 1.159275353977475 -2.665880299571919 2
active_diff -1.6388185437781522 -6.484845985283922 -2.1844661480463414 3
active_diff 3.127908062771936 4.362861831894527 -3.106318144761233 3
active_diff -5.228621209069426 -0.46216561647466736 2.6782008521188136 3
active_diff 7.1510455102372354 1.1600607257533075 -0.6069142693723534 3
active_diff 1.9456288694774904 -2.3267500317658474 6.757756820320582 3
active_diff 2.0587978942162195 0.6531192590347286 5.319953836250796 3
active_diff 2.7002007744060754 5.740265025472095 2.8290591425924747 3
active_diff 2.475089139889958 2.735454959184156 -4.068281930245003 3
active_diff -2.672207827113895 -7.000471071672756 -3.8173278566344715 3
active_diff 4.155197744152143 -6.503449978812496 -0.7248089931135013 3
active_diff 0.2378369954122456 -1.1476353290775025 -6.1249367900029075 3
active_diff -6.322399792787835 -1.9933228287755904 2.0005534504283644 3
active_diff -1.201483781087438 -6.274382420556943 0.5906750924764227 3
active_diff -2.310981532064644 3.763948190362498 -3.4132481523645755 3
active_diff -3.4863164099310353 -1.629573228634214 -4.335573123159553 3
active_diff 3.2093617114745117 -1.1476150099944893 -4.397866720269234 3
active_diff -2.9145713376570477 -1.2064069065142848 3.2903972185024184 3
active_diff 0.11713946927803076 0.46403690516106944 5.760646954327477 3
active_diff 6.940742461645872 -0.10624514994826961 2.8525272524318197 3
active_diff 0.06005390873352939 5.903941036251217 -2.3114297686678618 3
active_diff -3.1763378610836233 -4.6646002125819805 -2.6046674280750306 3
active_diff -4.749025907491989 -3.38060244082997 0.11346232076980145 3
active_diff 3.2018316108411886 -3.465423786964445 -2.9383876080977362 3
active_diff -4.254989862332397 0.894891157772371 -0.772040117378374 3
active_diff 4.128575764201575 6.22557713998047 1.3412055421178364 3
active_diff 0.4681338566807749 -1.1431480852537912 7.402811019108331 3
active_diff 5.4431788799270295 2.552549482632473 -3.8065772663583584 3
active_diff 1.194670207480992 7.02641086572611 3.1104957955919197 3
active_diff 6.381148861383115 0.7890952546445501 -2.7815960116910103 3
active_diff -6.090528363065967 1.466544314155448 0.7074447526745876 3
active_diff 0.03569969469159814 3.1771130267289993 4.609458919748233 3
active_diff -3.2854394476412154 4.091081899727539 1.2216104364013325 3
active_diff 2.6753293255019144 5.979042981519343 -1.0916668558026803 3
active_diff 2.4364960813441168 -5.738257574998864 2.456750234551946 3
active_diff 4.721609723810838 -1.3697331593393203 4.251817722449054 3
active_diff 6.249094491002947 2.7681876659679676 2.8647266781300216 3
active_diff 0.404071369333457 -5.768604595042495 -3.8006344233911245 3
active_diff -0.0011384856660054954 5.2195770707821545 1.1951373331272255 3
active_diff 4.636819657800224 -3.1602340645158646 5.572651159954855 3
active_diff 1.7435403586177491 -6.481112214008339 -2.2801507180594633 3
active_diff -6.188001875118176 -0.12827723957800102 4.401020427519896 3
active_diff 6.01315930838333 0.4774137213042374 -5.589493739222348 3
active_diff 0.3067152690219175 -0.2636579904540911 9.19178871955835 3
active_diff -1.4190209395270534 4.868747256359483 -1.11380284634033 3
active_diff -3.462484225296277 4.85241874116081 4.1315317106258584 3
active_diff 0.9915815676728601 3.179982766600888 -5.333825414921765 3
active_diff 1.3883965599564672 4.50387558857501 5.259974033789681 3
active_diff 0.6630902653756012 7.0896761811905815 5.037519476040712 3
active_diff -6.6611728166255855 -1.6043769044966887 0.06820930242918921 3
active_diff 7.683459125550888 -0.6744375303717381 -2.3790295413712226 3
active_diff 5.420386535006602 7.631588844864838 1.93648364364709 3
active_diff -6.53256407717186 -4.171646316528189 -0.3261297446901148 3
active_diff 5.61076867004351 -6.212608676373128 1.4885885476654759 3
active_diff -2.549683225032324 -7.9300807562011055 -1.1444555762848374 3
active_diff 0.2682149909130169 7.051954974742358 0.4402599114664614 3
active_diff -3.3839473096556185 -1.1553677970083722 5.23386865029946 3
active_diff 4.237196651761472 2.9984342203858816 4.533876217257004 3
active_diff -0.6730473499617102 -3.724430360641917 2.9931564103182184 3
active_diff 5.960751135836786 1.0420071223374499 5.150361803214178 3
active_diff -7.756486268167492 1.173390737539018 1.7745179642897653 3
active_diff 2.024658863138003 -7.147937276840326 0.24669971018714587 3
active_diff 7.5784400785264765 -2.814777134946774 -1.0392046599974896 3
active_diff 0.10733519808265202 -6.640710241530658 -1.1411330964884439 3
active_diff 2.334884170361004 -4.18724166304522 7.379891211488202 3
active_diff 3.592502388232641 -0.19380473813229981 6.284562704163825 3
active_diff 0.24608835803409823 -5.894771674754888 2.613548311842035 3
active_diff 6.520800797664035 -2.240740853875703 4.317063993035163 3
active_diff -3.1035633807519263 -5.181224368273643 -0.5835389524308783 3
active_diff 5.543823309688228 -5.090917223074692 -1.5097996777078493 3
active_diff 7.301368168857093 3.0066455385172532 -3.2226857194633265 3
active_diff -0.014785308074746706 5.152310727423211 -4.512523396729106 3
active_diff -3.5625269850409755 -8.721040168161846 -4.314292424018034 3
active_diff -1.5879722905653109 6.128244832595731 -3.4221491091720497 3
active_diff 1.2052465598562456 -7.1782412055058975 -4.971549851819678 3
active_diff -5.845328295460556 0.6003724482640809 -1.9485104305886318 3
active_diff -3.910135969257473 3.010814185478514 -2.2347117787121364 3
active_diff -0.9076217803658537 -2.9148493426423547 -4.616199641709585 3
active_diff 4.055394717389446 -3.559043274752211 -4.744672584131708 3
active_diff 4.617926497370574 -8.448785254935924 -0.7642141249456027 3
active_diff -4.687674965840974 -1.2785043113481298 -0.1068234528334645 3
active_diff 8.071022699807749 2.6231414801877166 3.6768468699439723 3
active_diff -4.790308596079585 4.09229944418473 2.5389438655922385 3
active_diff 4.920664863265694 -1.9545566899940412 -3.744731512351923 3
active_diff 2.8510891395902362 4.747064213248283 -5.04944959011706 3
active_diff -4.4972160033069795 3.1583136184294704 -0.17504151791304257 3
active_diff -1.9653090544496363 -0.49078666475603133 -5.048984442973062 3
active_diff 4.071163577910158 7.361449016978421 -0.7166998000094627 3
active_diff 6.670580987332598 3.1908818868788984 -0.34298405209529476 3
active_diff -0.28152499224189587 -3.129847666566654 5.683707525929018 3
active_diff -1.5890411998917433 2.9029216826325563 5.743053261782062 3
active_diff 8.13907098561592 -1.6534188027080936 2.439898561178305 3
active_diff 3.5915444475927116 7.454388606582685 3.346057019716511 3
active_diff 5.710887486572103 -4.06841492218698 2.371292744390273 3
active_diff -4.0305256693496485 1.2799504439919762 3.547239350816349 3
active_diff 6.532068074169703 5.680297669696467 1.3989295319917936 3
active_diff -1.0842984667814584 -1.0320886587917695 4.9590323651353785 3
active_diff 5.908195123335885 -3.5497006546861556 0.03478437985098187 3
active_diff -5.0786902387274395 -0.9525827691034469 -3.3325629003459465 3
active_diff -2.3174540983614467 -5.172690271387433 -4.618254378830984 3
active_diff 2.1656765112851506 -0.29042579716849226 -5.8729761590297755 3
active_diff 9.987349938030057 0.21438523029252432 1.8395956351616336 3
active_diff 4.836279878926766 -5.079615764378629 6.098188513927029 3
active_diff 4.5337450405305875 5.21038353078972 -1.2369468546893776 3
active_diff 2.2868751839289065 -6.826957841338038 4.127781448242965 3
active_diff 2.862728064329746 -4.10656190220875 5.3579450656441265 3
active_diff 1.0947867112010898 1.8503009722994963 6.820117485546285 3
active_diff -0.9174163871710342 -0.7840281956459367 -7.716533307512156 3
active_diff -2.7938996835151553 -5.392319912651936 1.419033303544345 3
active_diff -3.8498519025192737 5.039377833260864 -3.485061862427325 3
active_diff -0.21941804584103997 0.8118219481270623 -6.311304869163834 3
active_diff -4.806921343518973 -5.615146144790347 -1.9431087099168205 3
active_diff -3.877159405309472 -9.139832822800177 -0.2645084596033459 3
active_diff -0.6219683321068263 -8.04439254576082 -2.915102974882122 3
active_diff -5.645555153693279 -4.92220822071865 -3.6213608857878166 3
active_diff 3.1554063871740805 2.082462483311451 6.1885318467869315 3
active_diff 2.7454793300945104 5.940183490386095 5.568755455169748 3
active_diff 4.426706119122399 8.58339330087723 -2.2595678009853626 3
active_diff -1.3338613179332017 -1.3818136572107198 8.950466596174 3
active_diff -2.115806158928244 1.6173245002891288 -5.823341031514523 3
active_diff -5.804381639029275 4.981860276380657 -3.0649365956928944 3
active_diff -1.0451475314930363 6.430565667025741 2.396616310054962 3
active_diff 6.067129633899163 0.41300831897439727 7.045894477825154 3
active_diff -1.8021828899449202 4.786042187628151 -5.331704232125694 3
active_diff -3.0279243273887855 -1.990387743811815 -6.248604639967295 3
active_diff 2.8865316947817004 2.0865643758511543 -5.914807325382018 3
active_diff 0.702919861408152 -5.322494296899012 7.16104434349127 3
active_diff -4.125729487119326 -8.364617026045675 -2.428618675614901 3
active_diff 3.268184319351053 -0.329332193288573 8.253432963753264 3
active_diff 7.296790049611362 6.569500327738665 -0.22110717537236257 3
active_diff 7.111338822624592 -5.03936338825358 0.6121492377028532 3
active_diff -0.42035050568317184 -5.059598073503376 4.460627528747461 3
active_diff -7.319742784609053 -0.710418506993798 -1.6199849585120916 3
active_diff 8.504665924311542 0.43827407423042253 3.9739737368543517 3
active_diff -4.833633115072568 -5.972518884975296 0.03347944456033092 3
active_diff 2.1846333698317806 -2.059583280674837 -6.805565262583714 3
active_diff 6.392314166737106 5.110745490830791 -1.968925723308604 3
active_diff 4.272803692554462 -7.5474932960006615 2.1427542539621194 3
active_diff 1.7786446164285963 -4.959103519026151 -5.006974506576088 3
active_diff 3.2936511021825305 6.356170440092488 -3.9472172824805707 3
active_diff 5.012512669198976 4.582845670347768 -3.738672940942426 3
active_diff -0.02438013912218495 7.817300617210176 -2.8875599670737904 3
active_diff -6.685385654294588 3.60218339508091 2.9493938647858426 3
active_diff 8.505009362684117 -2.4489658436577186 4.456916501526176 3
active_diff 3.836438146256106 -5.379062590717507 3.839190532777179 3
active_diff 2.5858690396383173 -5.876177554162254 6.247781862370405 3
active_diff 9.439681873830171 -1.6249232238005935 -2.268310956601404 3
active_diff 8.917149054276718 0.9266384164825918 -1.5159754869291828 3
active_diff 4.119318054126554 -7.163048651004927 4.855240103507484 3
active_diff 4.07332990686501 -1.9384413131373093 -6.019024552070674 3
active_diff -0.08510507553656857 -2.6300315384899156 -7.428090617120413 3
active_diff 4.619879380703573 -6.510750199178093 7.478414964151764 3
active_diff 3.036067947054983 -7.0991795389426064 -4.170399241100367 3
active_diff 0.11163872279817033 -4.026611313345847 -5.929627731552081 3
active_diff 3.562661036224302 4.061253958136962 6.088037054628289 3
active_diff -4.944611310374425 -4.66280215382641 1.6358651078702326 3
active_diff 0.7023156368870943 8.912175210347945 2.661630767584303 3
active_diff -3.7299212246749507 0.6973865584454961 5.9029003001284615 3
active_diff 0.7145206858990767 -8.55894166522648 0.7876290701742719 3
active_diff -2.6515849451670253 3.251481577515205 7.4012169415965054 3
active_diff -4.649805355243899 -2.2312075271054326 3.40995417516701 3
active_diff -2.935102335592907 -2.984343994435078 4.206103606772965 3
active_diff 0.23458200487691386 -7.353441433521249 3.981813687672874 3
active_diff 5.013918977931453 5.625770836323765 3.0312942356473007 3
active_diff -0.5993869352355212 -8.478284963947385 -0.7891913885121082 3
active_diff -2.699498351967423 -1.1394036958693121 -8.551932687801864 3
active_diff -8.360812559017361 -4.862337998951037 0.09866725207600219 3
active_diff 3.5433525781760165 -5.396197926708174 -2.544084868863595 3
active_diff -5.469642978708578 2.3978552072065638 4.371393650863164 3
active_diff -1.7121619796226508 7.864711562717458 -4.40665924945106 3
active_diff 2.1098030828409335 7.125200487948807 1.2169119535447783 3
active_diff -4.025453063650102 1.052765580757971 -2.752542206399652 3
active_diff 0.611179681382154 3.5304359896322217 7.7913386571864365 3
active_diff 10.225069777448654 -1.7650182508501784 1.6800615109532147 3
active_diff 0.9484190121492222 4.915039614544443 3.3293227516862824 3
active_diff 6.273169063064705 -3.407107015218484 -3.991368780858537 3
active_diff -3.115688456245388 5.674916745872732 0.012209022041168582 3
active_diff -5.609663138240838 2.3849184755253106 -3.083158572653609 3
active_diff 8.27498184850423 3.9397174760480183 0.5871466575716098 3
active_diff -8.497478630579892 -2.3613072807123348 0.3028097355056386 3
active_diff 7.082757736436948 4.579545373616815 3.0196100153666663 3
active_diff -2.609698973526611 -7.656382147288119 0.9177939196607614 3
active_diff 8.226760037953227 1.097354611660744 -3.487779807689932 3
active_diff -2.105878395593174 6.707538879929002 -1.4973027813298299 3
active_diff 2.257333066356522 -8.24139167446726 -1.4817565331101346 3
active_diff 6.146570624346065 -3.6808186928947992 6.776662648151486 3
active_diff -7.65359085224934 2.0527506585363477 -0.39400782311588156 3
active_diff -5.635372556235465 -2.037900474094325 -1.6959070708872246 3
active_diff 1.7395192624955444 7.728217116291597 -1.345929263994985 3
active_diff -1.7714275209201078 -1.618793663390347 6.743305578670096 3
active_diff -4.033687836589441 -3.6265039391059255 -4.083622176028903 3
active_diff -1.7711342779893264 -4.312311566316444 6.302450850421128 3
active_diff -5.991484615488417 4.230828528527402 -0.9604542006900547 3
active_diff -0.8080745240381162 4.990408647293876 4.607443914214533 3
active_diff 5.490845832693221 -4.397497386576231 -5.856641467661523 3
active_diff -1.035777210875839 6.762685156636305 6.040976584240164 3
active_diff -8.151848005370397 0.23414472578650541 4.291664605934094 3
active_diff 7.7577450646070485 4.2121801298801556 -4.751870625893257 3
active_diff 7.707754239209086 -3.2782265226041307 1.3564015664269284 3
active_diff 7.9784507888918474 -4.73500106488473 -1.4300134245954994 3
active_diff 5.407862054264053 -1.281061117715559 6.128302470050752 3
active_diff 0.5522579479271053 -2.67817478488601 8.68211402023363 3
active_diff -9.072172360130693 -0.3302473782168951 1.864198086170869 3
active_diff 7.5371387854697 -0.7379721756162424 -5.1419184103822095 3
active_diff 6.51768587497747 -4.551838969605316 4.13633595939782 3
active_diff 5.631014812372262 -6.06827496261388 -3.2525473619187766 3
active_diff 2.8739566701860646 -2.3929899936858336 8.528016620992908 3
active_diff -3.768174876090654 2.769455712351711 -4.355358692219777 3
active_diff -3.320410739644344 4.746069607418586 6.123642396914898 3
active_diff 1.3773102112809184 3.698690431458254 -7.2264838024599145 3
active_diff -6.805921280307132 -0.28241262697782166 -4.085918665975208 3
active_diff 6.109618499164943 2.569027920046768 -5.692203606599289 3
active_diff -3.773255471206996 0.19142906613788663 -5.564650469248887 3
active_diff -2.3885196542731797 -6.882440203832616 -5.7935843518362455 3
active_diff 6.992042837754486 8.778131557336419 1.4724402464188078 3
active_diff -1.6308518717224458 0.6602102569355632 6.712509490537888 3
active_diff -2.3395255806851876 -6.649551893051341 2.906619241276499 3
active_diff 3.5067955663100716 8.776141134022774 1.847461716331679 3
active_diff 8.067690450764731 2.516610051385918 5.674004838356527 3
active_diff -3.5187283915767322 -4.775582433390126 -6.167204164156906 3
active_diff -7.919486245981575 -1.9829212700467829 3.2043834503041992 3
quiesc_diff 0.0 0.0 0.0 4
quiesc_diff 0.927159011804838 -1.66441232508287 -0.6083648403230678 4
quiesc_diff 1.8343022500566162 2.1218164365334107 0.014966318460085865 4
quiesc_diff 3.4391498299885894 1.4509340547439384 -0.9721411098327892 4
quiesc_diff -0.9954295773417675 -2.1946093700644953 -0.45821754472298454 4
quiesc_diff -1.2206513923546958 0.15643447355855053 1.5765590486324963 4
quiesc_diff 2.5684294279639923 -0.13039866537108918 2.0092391677029284 4
quiesc_diff 3.786005312254404 -0.5571274416088692 -0.4458850162858604 4
quiesc_diff 2.9571579342136594 -0.48140220324846505 3.939442956121775 4
quiesc_diff 2.387344215857261 -2.8949055918607414 -1.2031299118266876 4
quiesc_diff 3.908803676459292 1.7099504541533883 0.9546011586951626 4
quiesc_diff -2.596925682899233 1.4818783793277055 2.167378420222104 4
quiesc_diff 1.1855273378305067 3.6097053792246077 1.1834172620102532 4
quiesc_diff -1.8804351818157468 -3.3558215571366556 -1.8250940338926303 4
quiesc_diff -3.0096854255622643 -0.709837891434905 1.35535909909881 4
quiesc_diff -1.369712560070958 1.272199937169847 -0.7109112621480259 4
quiesc_diff 5.312414520165174 0.5528758297333343 -1.1076762731144956 4
quiesc_diff 1.4551207306302292 -4.56232966956015 -1.7952923208830578 4
quiesc_diff -1.1454138013815958 -4.994596151070335 -0.9452296121876843 4
quiesc_diff 1.7080591520830928 -0.15638025349341939 -3.524056510515973 4
quiesc_diff 4.6760808412260335 3.044059633023161 -0.322676591554536 4
quiesc_diff -0.7257513566951497 -1.3624236724993208 -2.256756013056881 4
quiesc_diff -4.340351946736278 0.8294155458991145 1.4361075309084805 4
quiesc_diff 2.3294279876401873 -2.1719415611493544 0.7243225926286546 4
quiesc_diff 2.9971947071813285 -2.1323133475519374 5.067666981049863 4
quiesc_diff 0.8938378160505591 1.0134576912989817 1.5305664251287419 4
quiesc_diff 4.432031578305357 -0.8349529125046316 2.184140105633892 4
quiesc_diff 0.991637756067646 3.003804865833011 -1.5699667909019261 4
quiesc_diff 3.895960459332231 2.605089043085374 -2.5403408138900394 4
quiesc_diff 2.87398732351191 4.680852453366972 1.1416222586126639 4
quiesc_diff 0.4568674201082979 -3.576738922817592 -0.2593192811536683 4
quiesc_diff -1.0436841580718301 -4.515226674828604 -3.2235315538888676 4
quiesc_diff 1.2496736364316665 1.4700046059231786 3.4449712369908596 4
quiesc_diff -2.8425584528272823 -2.7811380177855636 0.03584627984840821 4
quiesc_diff 2.9914945934315114 4.034097139275154 -0.7492852060431644 4
quiesc_diff 0.2936111278896585 -1.1445040146249843 1.6972573077166906 4
quiesc_diff 2.131544092251838 -1.9427855880028737 2.733383384080418 4
quiesc_diff -2.748588921169792 2.359634146547718 0.3766961269971738 4
quiesc_diff 0.5428340578503661 4.766637448943185 -0.7387047838358002 4
quiesc_diff 2.591150441369242 -5.3198299846790285 -0.3339129146667821 4
quiesc_diff -0.025268903222583017 2.9348329598687 2.6251244723149014 4
quiesc_diff 4.020860489896019 -1.8398770392259842 -1.9622611290455065 4
quiesc_diff 5.767324527138392 1.3143091397015718 1.5785949069730387 4
quiesc_diff 0.20131153534480273 -1.3221508641163922 -4.132900088835745 4
quiesc_diff 5.1457522988528375 0.6024717491962515 3.3776278831143682 4
quiesc_diff -2.89553927138635 -0.565736991810436 -0.6361743769477934 4
quiesc_diff -2.3541126080020645 -0.5516639161403579 -3.0880852214400187 4
quiesc_diff -2.0091230809929543 2.936140351997466 -1.6178051267416476 4
quiesc_diff 2.625498252543945 -3.9889887004278566 1.5057841028002243 4
quiesc_diff 3.8165935127443555 0.1098678302742011 -2.4070897667310938 4
quiesc_diff -0.4180248276875931 2.890906394098299 -0.022376683256634 4
quiesc_diff 4.300375202502979 -4.908886384679513 0.7249281870546535 4
quiesc_diff 3.561536419023495 2.0843117305144543 2.8883175512083805 4
quiesc_diff 0.9777083876650929 -2.451686000741513 4.285698924405661 4
quiesc_diff -1.2329027331563465 0.3919575395839353 3.5626050677414605 4
quiesc_diff 0.42007835919929803 -2.9390028246998723 -2.7056128265507167 4
quiesc_diff -1.315130724551146 -2.5904630552927532 1.475972476025808 4
quiesc_diff 5.169132117606764 4.228654409692376 1.2114797414009248 4
quiesc_diff 0.5350396809918264 -0.6014143400606062 3.606908024242766 4
quiesc_diff 6.000233629951092 -2.1133164036037515 -2.047776545417059 4
quiesc_diff 4.984655021424042 -1.8407886951256407 0.5109078876004991 4
quiesc_diff -0.3375340988872128 1.7630229918007965 -4.555951579217108 4
quiesc_diff -2.960543472294153 3.1524952956803247 3.2050783874727626 4
quiesc_diff 0.8682298388332195 -5.19061198132368 0.8480174840126417 4
quiesc_diff 0.2885549411921715 3.544313454789362 -3.362597545042665 4
quiesc_diff 4.5409498302215985 0.47214014539399946 -4.2357687147776195 4
quiesc_diff 4.157778818053416 -2.815308200247215 2.2387144384670012 4
quiesc_diff 2.009773395701919 3.2853929176478074 3.800799332580439 4
quiesc_diff -3.6498279255974975 -2.435156627806834 -1.9721498265517554 4
quiesc_diff 2.1187182518447503 -3.892508870630634 3.4381054201109924 4
quiesc_diff 6.573494939493897 -0.67057419468267 -0.04547760659158495 4
quiesc_diff 0.7129748009221584 -3.0998360813640944 1.6687859445169642 4
quiesc_diff -1.4705784165505056 4.229272832766953 2.1398350471931935 4
quiesc_diff -3.7113813828464073 -3.057476446845153 1.8159540824541551 4
quiesc_diff 6.0589101091620625 -1.9889376267549237 2.33106023738648 4
quiesc_diff 1.5412744865951116 -3.0430394438092456 -4.358518034297647 4
