32
 Lattice="1.0 0.0 0.0 0.0 1.0 0.0 0.0 0.0 1.0"Properties=species:S:1:pos:R:3:Color:r:1
active_stem 0.0 0.0 0.0 1
active_stem 1.7804750435723302 -0.7055665566210295 0.5762676924781164 1
active_stem 3.2108274673129533 0.13769638975803056 -0.53863120301126 1
active_stem -0.8722280364941468 -1.5278722879442095 -0.9512226469579519 1
active_stem -0.7328339488267874 1.423387965944283 1.1987164393016116 1
active_stem 2.25304930045851 -2.596703476321557 0.1287470530947743 1
active_stem 2.974169699616301 1.6701464731779498 -1.8017977964640477 1
active_stem -2.354950078196341 -1.9012189053738704 -2.2404657001889188 1
active_stem -1.957115575055455 -0.04397131220008291 0.40959144226748534 1
active_stem -0.7393602637175475 2.764691625779797 -0.28481377586955303 1
active_stem 3.1028902635882476 2.7311464072069462 -3.492274106975736 1
active_stem -0.26167560851909055 -3.0041148862163256 -2.1545237413398004 1
active_stem -3.131917373382257 -2.7308879982192886 -3.886057088896499 1
active_stem 5.136499412169953 -0.3193311321026722 -0.2506843241385694 1
active_stem 0.34845108852980355 -2.0994742202913415 0.6558215569067708 1
active_stem 0.08186539110609437 4.274792519780815 0.737528492549788 1
active_stem 4.118914834146097 -1.9002594629633653 1.6056033960069311 1
active_stem 4.76051974930214 1.0854165249671461 -2.48520425506156 1
active_stem -2.3549749073746264 -2.0425166610417933 0.2883752257947976 1
active_stem 0.5460994182161348 -4.013963860737839 1.1995720092240472 1
active_stem -0.22560441218242175 0.18459625111861985 -1.9786426845888005 1
active_stem 4.082801129732241 3.2680085348400976 -5.151054909350219 1
active_stem 4.031534154631861 1.2316868405675847 0.9206924166590084 1
active_stem -3.899626586212068 -0.6782303746947302 -2.5843749024671037 1
active_stem 6.094851361050003 0.7884463151010193 1.1110758124290583 1
active_stem 1.2470321188050737 -1.2673097047624546 -1.2676095489704342 1
active_stem -1.2803507718482372 -0.8576827936192569 2.106607360326744 1
active_stem -1.1411146767889324 -4.6517253942611045 -1.4390053705196681 1
active_stem -4.659949027185983 -2.92942631217192 -2.6110269704809785 1
active_diff 4.12616825608622 -3.296293487006256 0.1734594117704398 3
active_diff 0.42135178175299903 0.8559310224876471 2.7303325519907076 3
active_diff 1.953026669709313 -3.930359668393795 -1.3311664999574977 3
