60
 Lattice="1.0 0.0 0.0 0.0 1.0 0.0 0.0 0.0 1.0"Properties=species:S:1:pos:R:3:Color:r:1
active_stem 1.0316155119534163 -2.188216750076382 1.3189954695136596 1
active_stem 2.791015204784123 1.1222464577930833 1.6541289558791914 1
active_stem -1.172967722147329 -0.5659400356614256 -3.7592001396606127 1
active_stem 0.11950768564403513 2.547015695893495 1.4486092769566743 1
active_stem 1.730277613511316 -0.22896067800163067 2.6783725981041306 1
active_stem -1.2972999621285408 -0.7933093694576058 1.2991047119428298 1
active_stem 1.6367628642353922 -4.086563439235752 1.145569607013931 1
active_stem 4.781495254346945 1.134188749133749 1.84867086388341 1
active_stem -2.4489703786600394 0.3172445011202015 2.4992402677159333 1
active_stem -0.32823423555507303 1.3423746972695294 2.9810476073423335 1
active_stem 5.412812817810188 -1.2338037806752518 0.7480504197505788 1
active_stem 0.4943318867346662 0.009485583409141962 4.232586721345122 1
active_stem 2.2736162087791607 3.87877539269336 3.266566159667911 1
active_stem -0.005064473422194071 -3.331836402782278 -1.200527249379438 1
active_stem 2.819140019987922 -2.4713377240849574 2.1702290727345583 1
active_stem 0.8834616960567911 0.8259804496222892 -3.059409925612507 1
active_stem -0.7592260670508759 1.7543966363301673 -0.5879355590061326 1
active_stem -2.9222445780032635 0.6608868579112932 0.5866709322786283 1
active_stem -1.8506680981223242 1.7038642696261264 4.2266480341189165 1
active_stem -2.3416648300341087 0.43784425684652284 -1.4629618333318675 1
active_stem 0.9653928914988706 5.395863283285814 0.9626570929419165 1
active_stem -2.645328909663933 0.14907928692909322 -4.9085042342399765 1
active_stem 0.3545030542061224 -2.904052836835159 3.0594257084078533 1
active_stem -1.21575876376891 3.7043685934365427 2.385411166163169 1
active_stem 0.8018186145937308 -0.26774070663574345 -4.731865736569199 1
active_stem 3.911107023868013 4.688212419024209 4.081081678798345 1
active_stem 4.869179699991937 -1.757768320331916 2.6000558717926583 1
active_stem 6.122629786127342 1.0276741833663305 0.3688016754260133 1
active_stem -2.2170413749324918 -2.3089686426755005 0.3734413276167585 1
active_stem -1.5756886636042495 -4.521501841067087 -1.5437994419112204 1
active_stem 5.383789696949634 0.5248365582874623 -1.524212437552338 1
active_stem 0.597696946203643 -3.3153115295754922 -3.758176368773869 1
active_stem 1.7676710520623014 -1.0206191469608754 5.380407096888279 1
active_stem 0.6202250568111061 -5.780348325019322 0.8329298034569239 1
active_stem 2.408772052618406 1.7112737040227701 3.5268107430020033 1
active_stem 3.4826328064725542 -0.24182856852069087 3.642263512624737 1
quiesc_stem 0.0 0.0 0.0 2
quiesc_stem 1.9926094204465348 0.13044302219694964 0.11176902749801518 2
quiesc_stem 0.927159011804838 -1.66441232508287 -0.6083648403230678 2
quiesc_stem 3.475808916252951 -0.8337903398603483 1.0447070099680569 2
active_diff 1.8343022500566162 2.1218164365334107 0.014966318460085865 3
active_diff 1.8039623623084582 3.6197589932839103 1.339823891139959 3
active_diff -0.47935176220588166 -0.11519948354437967 -1.938285574176629 3
active_diff 2.2062793004943915 -1.872218986753668 -2.1317386219104995 3
active_diff 3.221255845429272 1.807601716523746 -1.3913155999375415 3
active_diff 2.713519160646007 -3.7442607362406584 -2.6197626094880127 3
active_diff 3.67950474523715 -0.2957207172787005 -0.8745213102604441 3
active_diff 3.4766897627752043 3.2575017157359403 0.1280247311002865 3
active_diff 3.49093406607589 2.6397874140889206 -3.189854068271438 3
active_diff 2.400677362863323 -5.412807825359293 2.4330129910358576 3
active_diff -0.7454888131594863 -2.2351170274192524 -2.7437642960166846 3
active_diff 1.0532890131172417 3.8026454653441064 -0.736586806497008 3
active_diff 1.9810287451774937 -5.098172882502169 -1.3428993860171845 3
active_diff 3.9041062568379816 -2.783636457280596 0.5193754250298868 3
active_diff 4.43506442013911 4.894792767066052 -0.5050598046111416 3
active_diff -0.8517739754856877 3.130518442750489 -2.036287608246514 3
active_diff 1.3704930619537208 -7.1215577276843565 2.5704687201397456 3
active_diff 3.9575564941894132 -1.2729772464723794 -2.8893252688020223 3
active_diff 5.065629175419912 1.4212629481870924 -3.3783572210479442 3
active_diff 4.977890604734158 2.7341033604285756 -1.6275972671136307 3
