465
 Lattice="1.0 0.0 0.0 0.0 1.0 0.0 0.0 0.0 1.0"Properties=species:S:1:pos:R:3:Color:r:1
active_stem -3.7806881100750642 -0.846208836964796 -0.27877071838940776 1
active_stem 1.8142509719168585 7.751299232545698 1.7660405717510943 1
active_stem 8.155617735767237 5.601846736705753 1.361553265146471 1
active_stem -1.923294577855216 5.839460874322805 -0.7583123459746811 1
active_stem -1.0073233691373558 -0.07436052492681489 -6.56761553777227 1
active_stem 4.165294640961187 -4.000557609315397 -5.062007046644032 1
active_stem -6.2556315245667165 1.8784122483359806 -0.1301717719417343 1
active_stem -5.555368513372736 -1.359858305081168 0.4871755526080955 1
active_stem 8.08789047456409 -2.939332403913067 3.127103048358642 1
active_stem 3.7605618713274174 -3.8014863067361726 -8.12511297132324 1
active_stem 6.375660444484206 -4.020440633760678 -4.616753521582277 1
active_stem 9.75495251747904 5.171324135840562 2.4826146132229834 1
active_stem 8.660200417610731 3.9171727749898437 -0.6428096033669805 1
active_stem 0.009920927150459674 7.284290305486798 -4.0192784253255995 1
active_stem 0.9263839949887183 9.452107938623012 2.330790053036469 1
active_stem 1.7957830553550047 5.8536857859131795 -5.827112542647674 1
active_stem 3.651290414965781 8.338206219229193 -2.9657482956737233 1
active_stem -3.2022135705183254 5.697160853470897 0.7727385722743246 1
active_stem 7.689348486653911 -5.766093466112155 3.367716933568749 1
active_stem 1.6329154143090716 7.822328245940105 -2.6639561023402623 1
active_stem 7.376594459120304 7.449895528914996 2.018392285719269 1
active_stem -1.7610642055731471 6.778644961170954 -4.823899610529722 1
active_stem 8.9803966705384 -2.723843088347385 -0.34531646555727735 1
active_stem 5.132830594546632 9.159639668926875 0.8149536788490622 1
active_stem -0.6819536916275138 -6.731571884281476 5.14121948638584 1
active_stem 1.2310099859662216 7.241350154823438 4.7363341002778565 1
active_stem 6.7675290347427 -4.993804620127642 -2.755948265552146 1
active_stem 7.569029498855663 -6.708365593790578 -2.10951367982927 1
active_stem 10.348960329472693 4.125176976043012 0.4082965817695233 1
active_stem 5.63770559879407 8.322633978292568 -2.7335582382452475 1
active_stem -1.621714628496974 -0.9844684284590858 -8.239209682399068 1
active_stem 10.775445209053457 -3.2758311329968914 -1.0331463449162483 1
active_stem 1.695904057008268 9.76680729119976 -3.127673336694366 1
active_stem 6.441350754481631 9.548117343832754 -0.6468466109112759 1
active_stem -1.754417122972729 7.25314243713371 -2.4812738696365675 1
active_stem 2.8278406629159174 10.556023459757219 -0.9536178198821198 1
active_stem 4.868677936289153 -4.853204009073947 -9.415837055379578 1
active_stem 5.054929074549365 -5.5304402700391755 -4.130336708492723 1
active_stem -7.127109582484232 -2.5940776442949236 0.4075977015500775 1
active_stem 0.6834247600618477 -3.994529473218033 -8.096088263807552 1
active_stem 2.7586253642163836 9.397979867105231 1.1362787954137916 1
active_stem -7.955082040263651 0.8247277270714835 -0.08996139585505283 1
active_stem 6.725818471213898 -1.2718790135490963 -8.292188604657127 1
active_stem 6.324154105593174 -5.466587924090602 -5.9973349613117355 1
active_stem 11.112884953745498 6.569454874177399 2.931223504188301 1
active_stem -3.2772476162169895 7.2935347819286065 -6.022263636094808 1
active_stem -3.31560628763056 7.27509790441461 -0.7786696702497916 1
active_stem 8.23343870417385 -6.804433445223862 4.988153887904648 1
active_stem 6.907582563915804 -3.229032439804387 -7.690521832344403 1
active_stem 9.290543981368803 -3.651469048038372 4.55765746629047 1
active_stem 2.0198904658566126 6.176926595767046 -7.788053961304356 1
active_stem 1.3651930076257301 8.136718467550526 -5.217862513491667 1
quiesc_stem 0.0 0.0 0.0 2
quiesc_stem 1.9926094204465348 0.13044302219694964 0.11176902749801518 2
quiesc_stem 1.8039623623084582 3.6197589932839103 1.339823891139959 2
quiesc_stem -0.47935176220588166 -0.11519948354437967 -1.938285574176629 2
quiesc_stem 1.3992571290868778 0.42766147470452887 -2.35796475350873 2
quiesc_stem 3.7125659452308595 0.9118676070361471 0.7683702543173968 2
quiesc_stem 0.5904594825771878 5.2020267836510214 1.4942240221330814 2
quiesc_stem 4.337736675462539 -2.4952189312227606 -1.1792920234349396 2
quiesc_stem 1.0644190014850496 4.108137469902394 -0.4530960962096793 2
quiesc_stem -2.358397799752677 0.5109868292602913 -0.6463441079905714 2
quiesc_stem 2.2814458104566087 6.043281745948462 0.836306605328507 2
quiesc_stem -0.033988874892761034 0.8358570913013705 -3.6918246526988665 2
quiesc_stem 5.754148676636139 -1.8937814485935913 0.09822509872823737 2
quiesc_stem 0.5933451724872703 4.425223415179447 -2.370788968110998 2
quiesc_stem 5.149856418778438 -2.503619478320738 -4.173292054289592 2
quiesc_stem -1.2117460831271831 -0.920919203515567 -4.767185100984695 2
quiesc_stem 3.274026151502211 0.4971942737776884 -1.3793596325560213 2
quiesc_stem 1.521855187548353 -4.109878510103953 4.193850658299871 2
quiesc_stem 4.25191421012754 5.7589573243518055 1.0271308940917765 2
quiesc_stem 2.469749620680819 -0.5484551984745356 -4.296215158282611 2
quiesc_stem 3.617749902399608 2.3477217250926334 -2.055674747719684 2
quiesc_stem 2.1560735373079605 6.94926263441371 -0.9423109541432474 2
quiesc_stem 5.4701569441878775 2.6429238956508163 0.8204899384527053 2
quiesc_stem 3.909759432642392 -0.6887863192739844 -5.677040606335176 2
quiesc_stem 6.93688111035187 -2.6650294102024685 1.5146715579885281 2
quiesc_stem 1.4094966253167498 5.391689262327687 -3.919930850683529 2
quiesc_stem 7.51813050660015 -1.4090393124317653 -0.7101022885265124 2
quiesc_stem 4.033863362345875 3.7304505882473658 -3.439477652562122 2
quiesc_stem 7.42889762693352 3.0061188781623285 0.6432208141371739 2
quiesc_stem -4.447343251526597 1.026775737270974 -0.060826443284307224 2
quiesc_stem -0.2866740964548673 -4.955860914511945 4.310193257268914 2
quiesc_stem 2.7481468195064163 -2.344120542213877 -5.131727559734279 2
quiesc_stem 0.9738664874352163 5.813840791004488 3.3593467229310443 2
active_diff 8.288360256955828 1.9642260733506005 3.1693795335564365 3
active_diff 1.6115572820842345 -4.225779256173655 6.188473567848531 3
active_diff -4.3501019033802475 -1.3554831882047196 -4.790219272498325 3
active_diff -0.3462369048225634 8.210560048439794 0.6196659078547988 3
active_diff 7.122639598029112 -2.1788700366803897 -4.12167492709438 3
active_diff 0.008161506653535322 6.33444152808497 -2.2592260952774934 3
active_diff -0.8386070729830082 6.412034299153264 2.1968267492893365 3
active_diff -1.5539379429046338 -2.8601820098107607 -7.3087902090273555 3
active_diff 7.130653443001762 -4.6324252310375655 1.8176665534257714 3
active_diff 6.092158295133077 -4.73903002663284 4.008039826244014 3
active_diff -4.2167814412045255 -1.8379727792640117 3.4606007483092767 3
active_diff -2.2178859383452747 3.528389726036542 -3.945411821231447 3
active_diff 5.397525720853382 2.4327534128184527 -5.802790604174914 3
active_diff -1.461263963893468 8.602683207948061 -0.9937014047299528 3
active_diff 7.851615400838314 -4.118060496803069 -1.2827664027232255 3
active_diff 4.932727285108039 -4.609521176770405 6.319197421526658 3
active_diff 5.704785607101696 4.947184445108219 -2.395225360083993 3
active_diff 3.2720384103831313 8.60712368465276 -1.0205358872693855 3
active_diff -5.1191626781470605 1.668983515943009 -3.6227173624516498 3
active_diff 7.166122110305877 0.1513294129993794 -5.497551560732626 3
active_diff 2.8041482565572955 -7.809719225936918 1.7315161152424983 3
active_diff 6.476137535674045 0.697455556025142 0.5790679539350824 3
active_diff -2.297960977563143 -5.925431074625971 2.4021520663622 3
active_diff 3.619172058153975 -2.136732816959811 -7.025747363798516 3
active_diff 3.7162836599944145 3.6725304033804917 5.839904235473602 3
active_diff 0.3821555025197746 4.020116898934731 -5.34220566211416 3
active_diff -2.3719650711016635 1.300757990005252 3.892281651072979 3
active_diff 5.987168869362389 -5.869463547196387 0.6037809666899003 3
active_diff -5.221382237468876 -2.554413404425919 -6.133140311153315 3
active_diff 5.5319304511015215 2.5419627451953217 -2.8076435160017326 3
active_diff -4.481695219871678 -3.303168814212631 -2.0066171721306 3
active_diff 2.6772303952963052 -6.796913590078979 -2.166856916056852 3
active_diff 8.639373083808916 -3.3641519759122795 -3.5788800693028433 3
active_diff -4.4362906760798655 -3.4249114321900747 1.8233226070128006 3
active_diff 4.012420261600082 6.517507000438927 -4.601039899091875 3
active_diff -0.7727419553312596 -6.125931168566857 -4.6332193134040445 3
active_diff -4.364124871190563 3.4886504345085494 -2.500073178119863 3
active_diff -2.1687636126745318 7.864853191486833 1.850415366689781 3
active_diff 3.9368740511169564 -1.5801083566952279 5.734697478787858 3
active_diff 7.062074126551144 0.6256098857947965 5.50390369750412 3
active_diff 1.7514155376897667 4.775389912986236 6.319661742703055 3
active_diff 9.165145653356799 1.9771083290054825 4.966900441959795 3
active_diff 3.7579639306550185 -6.369446515036616 4.285301115703003 3
active_diff -4.9552970863048875 -0.159332206673231 1.9877334638788684 3
active_diff 8.697665748582864 -0.7160959184108499 1.4663345382836146 3
active_diff 2.134972483616003 -5.594894797950511 -6.522027285596729 3
active_diff 2.025806489635336 -7.750403779893695 7.857417345053532 3
active_diff 0.008588224734378036 9.00360879238988 -2.2893839350304575 3
active_diff -5.990833063173158 -3.8022459540670384 -3.220464352952841 3
active_diff -4.229871229083265 -5.671142842010758 2.8527741639394146 3
active_diff -3.193887910997483 3.8428010980753022 3.693603542584725 3
active_diff -3.4805887596929335 5.612814394518906 -2.174871023398776 3
active_diff -3.4644170820609497 1.8347330349631932 -4.901938218214966 3
active_diff -1.1539082402147895 5.804484182023948 4.076046808015411 3
active_diff -4.196137550818057 1.8239815772222583 3.2609086693695244 3
active_diff 1.0182054047304447 -7.05840007188988 -4.687898520326443 3
active_diff 4.309866459470757 -8.194510346187753 3.681524989220077 3
active_diff 8.658195767818883 -4.867037348204802 0.38710239082488895 3
active_diff 7.939209639948194 1.0138655917276362 -0.7473198879126791 3
active_diff 6.961382932189363 3.7268848712566736 2.529916163113765 3
active_diff 1.8254563177936447 -3.0272053840344815 -6.769420246694795 3
active_diff -2.0524553741770473 1.9650265083008902 -6.698965404750966 3
active_diff -0.8883701494341081 -2.505510263655257 8.034446566161817 3
active_diff -1.2592071005893768 -7.870367091309585 -1.1698658067551184 3
active_diff -4.105693745401953 -1.1004320091485602 5.316319783146927 3
active_diff 2.2557610898156 -2.5178686046318024 8.227904825128443 3
active_diff -4.8073562209028795 4.271664318376451 -0.713894231792731 3
active_diff 1.818817939034024 -9.510460968688646 2.101112773548959 3
active_diff -0.21814358895295682 -5.01694758397457 6.35048406013359 3
active_diff -5.313470287189678 -3.4057171359708756 0.02605036585235565 3
active_diff 7.510280176525484 -2.7086087960926215 5.7305084166838745 3
active_diff -3.142874655858483 -4.2407060671450365 6.088212783567541 3
active_diff 6.729111718257542 4.113958231722243 5.406322909619308 3
active_diff 3.23206792284775 -6.086552232536538 -4.754743237279599 3
active_diff -3.0158311846717636 -6.6132922005160175 0.11176947860554368 3
active_diff 7.373082959727564 3.1046204787356952 -2.2658190842277133 3
active_diff 5.467197888868215 -3.130841665420437 -6.306451545215194 3
active_diff 7.849168516060875 0.8945624855921768 -2.942727799164949 3
active_diff -2.9962209243531364 0.0867352739528838 -6.703021071041782 3
active_diff -3.7895154171332415 4.703049530067084 -4.332910371163694 3
active_diff 1.9601396158334055 2.471331294800705 -5.499111559510508 3
active_diff 0.4845945530196254 -6.991012004832346 3.029233869592188 3
active_diff 6.547106137056966 4.951103021558431 -0.4248444798006905 3
active_diff -0.9183384670423786 -4.734236560001465 -7.019078543412825 3
active_diff 7.4450562770541815 -7.073162797186921 1.2562167275629026 3
active_diff -3.7838264072094008 -4.32054778473744 -4.158436460904143 3
active_diff 7.032828352377171 6.438251186251764 -2.2811094533192167 3
active_diff 5.084080542634611 -0.7134032118398802 -7.295794429257933 3
active_diff -3.5169956400801645 -3.9439102893924645 -6.2106904247015775 3
active_diff 0.4939795975946102 0.4739222495918237 6.523262616840403 3
active_diff -4.182901251384741 3.772514862854181 1.2698075486071936 3
active_diff 0.626885992908573 0.9286864541127378 -7.346155943653785 3
active_diff -0.247851712095979 3.297922646433189 -7.0976333510793985 3
active_diff 2.8229642457968036 3.4378646076825654 7.613858121161473 3
active_diff 3.2099859013007315 4.336013464642643 -5.158349239363674 3
active_diff 0.22272259323435223 -2.037824120247568 -7.903321986217325 3
active_diff -2.90337440748585 -5.758615724410189 4.806982915730553 3
active_diff 3.417915324015301 0.9888060780824237 7.301191667193855 3
active_diff 8.873059716721968 -2.0201344405218475 -5.076050334671229 3
active_diff 0.498849108812509 9.831400394309858 -0.19194126483294582 3
active_diff 9.189346022179373 -1.7111207694940354 -2.596526977147273 3
active_diff 4.285922481643621 -5.768403090003655 2.3833862936571024 3
active_diff 3.0883228748824 -9.314153403394698 0.21561818097774782 3
active_diff 5.523608027414224 1.0850789165887105 6.761598639001723 3
active_diff -0.671367359640769 2.33229368490175 6.853385772004412 3
active_diff -3.9922624984943447 8.128202865030518 2.6285533768514324 3
active_diff -3.9866307105174617 -5.617817123903881 -1.6465648424833452 3
active_diff 8.527714915015103 -0.7086315207394758 5.236140839213078 3
active_diff 4.605218329431654 7.484564447585318 3.8470913493911185 3
active_diff 6.4427688616927234 2.5428959876911046 -7.504359112854107 3
active_diff -6.015021924372756 -0.7554550015149731 -5.721888472845808 3
active_diff 1.7519792620035102 -0.5926137852845224 -8.766125426495622 3
active_diff 6.108802901626715 -6.6082693648088355 4.719142669502312 3
active_diff 2.8978035586546387 1.1902405849905477 -7.034301069146612 3
active_diff -0.15404480831178957 -8.083678887245098 1.0272289481021402 3
active_diff -5.123836399895966 0.49043788370539354 -2.0068558742483282 3
active_diff 4.4090241326876765 -6.017560807897704 7.639485043721109 3
active_diff 2.8688003753612925 6.73057863260139 3.146430330590049 3
active_diff 5.188173981511534 -2.3484389953816627 7.092606354173176 3
active_diff 4.770584833850434 6.020711635988201 -6.383841303411691 3
active_diff -2.3838257226098136 0.31082088620853315 6.089323311174728 3
active_diff -2.1533157870343698 -6.8120989614282585 -3.1142058496829286 3
active_diff -0.1449661425415778 5.30806737144137 6.666059271759948 3
active_diff -2.869137010075029 -1.8901745512098413 6.731452091172054 3
active_diff 3.4478760136681106 -7.815200566595513 -3.7060765119369057 3
active_diff -4.816273378290352 -5.364571365062425 0.1715631943703016 3
active_diff 8.984654910824945 0.043613835938339854 -6.32298224098063 3
active_diff -6.207164122114907 -4.156946653613969 -5.4548179238252015 3
active_diff 9.586009797048828 3.127934826181619 6.547555921800889 3
active_diff 9.962717830471124 2.1168787767545223 2.0862249424867025 3
active_diff 4.686814665653339 -7.326932046873976 -1.4056908293369514 3
active_diff -1.5986050770482259 -7.417801721250546 -5.917361275687283 3
active_diff 3.139357776921915 6.173338581997359 5.2794875728233075 3
active_diff -1.0118571099662104 9.98539374382499 1.2575648780921385 3
active_diff 4.586121342380846 -10.633555768889373 0.09001106061284053 3
active_diff -1.5667074790044477 8.941800918830248 3.4244903345614137 3
active_diff -4.954358848975872 -3.492911286336484 4.307452627538483 3
active_diff -2.63912199349189 2.4221150438939856 5.526657842931195 3
active_diff -2.6909470946949128 5.897855416711212 2.748602537825753 3
active_diff -4.076862037137723 -1.332286878318406 -2.1960628564430014 3
active_diff 0.4818882122242068 11.373865314088604 2.000226762654484 3
active_diff 6.507472743174547 -7.449999826296739 -0.5058085742411951 3
active_diff 5.636074536451397 -8.407545424010934 -2.795360008258723 3
active_diff 5.520005457238515 -4.326451801934259 8.209958135516919 3
active_diff 4.700401960633451 6.13741460344738 6.529227755527507 3
active_diff -6.3346327221683545 -3.8980349916430233 2.238595497463334 3
active_diff 2.193375601794781 3.9011033525327354 -6.878007073239282 3
active_diff -4.267884368809125 3.5687609859086535 -5.909156749323994 3
active_diff 4.637412298036283 -8.704260329832373 -5.045694429689867 3
active_diff -6.127533526128738 3.3744555030235395 1.5146627345339156 3
active_diff 9.061766641839654 -4.552863536787836 2.3319347228492724 3
active_diff -6.172101295528212 -2.24562043912091 -1.8513150996256338 3
active_diff 9.605936255272512 1.7867620938382078 -3.285870582144367 3
active_diff 8.242295891825808 1.8249794498892333 -5.295696300737548 3
active_diff 9.579425147609287 -4.71157598032117 -2.096653894817496 3
active_diff -0.4391310370871052 -9.944050862634965 1.7037952459227386 3
active_diff -4.958976956401361 0.050868985385319254 6.711459124507439 3
active_diff 9.385072183534232 -0.3674328599981389 -0.708640535347185 3
active_diff -5.900560750217734 -0.916961442918146 -3.605408720901915 3
active_diff -6.629275726280623 -5.7313147418389185 0.9321693879897976 3
active_diff -5.0966548748318345 6.488168509569666 -1.3861470635981634 3
active_diff -6.4249547451402815 5.324540834996563 -0.18965568386356857 3
active_diff 2.2947778446589187 -7.469635691134773 5.090701795205989 3
active_diff 2.4025052932749937 2.2856795918149917 9.19363150948478 3
active_diff 6.83222269643028 4.250715519475546 -8.469593880909933 3
active_diff -7.933892645804973 -3.39282519414478 -3.4589891937710577 3
active_diff 10.456026096157265 -4.134921798800741 0.8685719462772563 3
active_diff 0.34580377233207726 -0.05950039648118555 8.445111779876939 3
active_diff 5.763926799449014 -7.088625878924399 2.652672431738784 3
active_diff -1.3632904196183033 -2.896454611165459 -9.299352396012669 3
active_diff 10.645732384458347 -0.40723482184621806 1.7974556720363144 3
active_diff 11.323449154237291 4.049998791234831 6.185475095958248 3
active_diff -4.467922981445025 -6.489417440289021 -3.3811168418257442 3
active_diff 4.3206877017787715 -6.526164999175474 -6.373893505886016 3
active_diff -6.933701410144566 0.4133774341413544 -7.059744496407289 3
active_diff -2.218581326112518 -8.478572863203558 -7.495459509320372 3
active_diff 4.804691861368536 3.971209116959525 7.491012533931436 3
active_diff 7.149965826764453 -1.7834065351487958 -6.081996812953811 3
active_diff 8.678725161129627 3.706647979154792 4.070257518503937 3
active_diff 10.78726842658452 -0.6371001115189248 -3.1379358944572733 3
active_diff 6.569925672971034 5.456117851476358 3.455396856767513 3
active_diff 6.708262565339832 2.949733568047431 -4.372880147646335 3
active_diff 3.8821645341697995 1.3065367267213361 -8.771398843395769 3
active_diff -1.583729432465922 -3.671348921295115 9.503220099370383 3
active_diff 7.9206029339179915 9.183327238052911 1.1821690564894767 3
active_diff -1.729341945088459 3.8641803096325162 -5.85553471011084 3
active_diff 6.034674578965105 0.4677344902542744 8.594000570664015 3
active_diff -1.9748186414036906 -7.8306693768860915 1.8867434496488356 3
active_diff 10.479889008189929 -3.1579656988868345 -4.724710533953859 3
active_diff 5.0849695051311725 -7.535463222496745 6.16554397152268 3
active_diff 7.635439259664277 2.380610079854317 6.272816399298807 3
active_diff 2.8371126645131293 8.531780547397476 4.015146366539723 3
active_diff -7.03593695651214 -0.0849777201295755 -1.8938587758282694 3
active_diff 11.035148105103477 3.5563347856902228 2.9681884929755435 3
active_diff 4.580739058033171 8.148629248832984 -5.609233311297471 3
active_diff 4.168863735321393 -1.7828437948541243 -8.915880062866481 3
active_diff -6.535387247921348 1.8300580004697293 -5.025700961216113 3
active_diff -4.8972048775036585 1.2693922993947466 -6.177676822293932 3
active_diff -2.053519173090777 5.762740499802684 5.861812087788933 3
active_diff 1.3933768417611123 -8.329114957614667 -2.230724140803417 3
active_diff -3.7134306240900594 1.0538029305993373 -8.300015245756144 3
active_diff -6.887254238794373 -0.1929558236106777 2.50388364873669 3
active_diff 1.172851623091951 0.30793203083276843 -10.455394028856526 3
active_diff 1.0732231077063852 -4.592175247051864 8.079491889961062 3
active_diff 8.256221508261916 5.955556852126654 -0.6894142251756865 3
active_diff 9.067884032488475 -5.048316935519643 -4.568812771910689 3
active_diff 7.995962035397132 8.189892700672099 -2.2168792922448124 3
active_diff 10.674595825141349 0.7172706729424523 5.33346456904427 3
active_diff 5.801791566329957 7.9697899372384144 5.3744317544513756 3
active_diff -4.557557730660465 -2.9963220011807263 -7.967276024854666 3
active_diff 3.900985897477643 -9.445259975224117 2.0807347385737236 3
active_diff 3.137478217669628 -9.403832054314016 8.031661169726586 3
active_diff -3.0110651043176784 9.294821062537704 -2.051558491194785 3
active_diff -2.4650658836587915 1.6053751086091348 7.611666702626706 3
active_diff 0.49536709300229886 2.11269384543313 8.46289085976308 3
active_diff -3.869345535303988 4.332577286550091 5.51126035369328 3
active_diff -0.7083430484885231 -8.031943440095812 6.660540854192356 3
active_diff 0.7070088709118773 -2.1628462650415807 -9.839771382551852 3
active_diff -6.797984006373966 -4.360917223053596 -0.9140622929236002 3
active_diff 6.604353462175401 -8.870449071059857 1.5071765386937452 3
active_diff -3.2042089985014695 -0.6091276132463213 8.230333509198925 3
active_diff 0.5809267453961461 -8.808533085382809 3.8582919076489985 3
active_diff -2.1764634562452594 -8.967841802415032 0.22805766629085023 3
active_diff 7.307651470927231 -4.87164656140985 5.590755591724847 3
active_diff 6.43627820547068 5.056352641208954 -4.25345055727929 3
active_diff 8.28574482026146 1.24382340914997 1.2323700621820455 3
active_diff -6.193493395876897 1.7284594248786769 3.2989237534933062 3
active_diff 6.04022982655402 4.304785585541703 -6.089891591293754 3
active_diff 8.637416471854934 -2.4167399212349334 7.356662262923617 3
active_diff -2.6961547761721896 -5.625415950537093 -5.214035576534457 3
active_diff -1.9796865238455896 -5.608842533981752 7.0898262384825905 3
active_diff 4.819650639095348 -7.485868018571242 8.933880581151428 3
active_diff -2.667154056563485 -8.74099457183151 -3.2380281293194653 3
active_diff 4.222666181297161 3.751706553854386 -6.781021136116507 3
active_diff -0.6824300032223599 -8.05915232032046 -4.128739651060007 3
active_diff -0.22295524232410238 10.390604284881917 -3.7115763012978733 3
active_diff 2.1533650514649776 -11.477672197474762 2.2358651794715523 3
active_diff -2.165955294210056 -5.028072569290779 -8.554367653715177 3
active_diff -0.5401725094341034 5.517492522285753 -6.2946642076474255 3
active_diff -0.05026540005795299 11.749762196802594 -0.3274449580843506 3
active_diff -4.476193167702139 -5.707711892017786 6.35308191307199 3
active_diff 3.7209493184534552 -0.9861622489848924 7.632223376097283 3
active_diff 8.346085992815217 4.844718941774877 6.329027076761761 3
active_diff 10.680368461206776 0.47815550103335264 -7.290313154550489 3
active_diff 10.206080943611715 -1.433538003740889 4.425216635014339 3
active_diff 4.478398107937823 1.922846550504842 8.71644594147846 3
active_diff 0.32185681882189543 2.8594673151741623 -8.963963737771405 3
active_diff -6.215872673452172 -6.146870520593134 -5.2545002641935765 3
active_diff -3.786915918027287 9.150531368473978 0.9218966413191982 3
active_diff 9.49549366994873 6.889374416207225 0.6219554315106298 3
active_diff -4.965148894428273 6.6205394923957535 0.9713108082183435 3
active_diff -0.468262574839007 7.218786570605981 7.160661696751478 3
active_diff -4.437474540796376 -8.018828347889707 0.17006447335360153 3
active_diff -4.547754139467012 -5.293022500782648 -7.267777534177265 3
active_diff 5.532440999938272 6.450700731321441 -8.182364186248726 3
active_diff -6.296669850017754 3.0110684615164662 -2.692908247240608 3
active_diff 1.7364166400554586 8.518611250869624 6.190008137512208 3
active_diff 5.705825495856092 -2.306910226348708 9.024007987971645 3
active_diff 1.153330877459624 -2.1579662583694814 9.857358085593324 3
active_diff 2.066134027328721 5.508419228571872 8.15367927118293 3
active_diff 1.9664841061441671 -7.583417945800029 -6.368708960715237 3
active_diff -3.860247960905265 -7.510234156510454 4.934363727052794 3
active_diff -5.7163992449530365 -6.003097190983075 4.1489380302127525 3
active_diff 8.793127974572498 3.659710235061734 -3.5601712458266928 3
active_diff -2.207905525332074 3.357040519679353 -8.126597094869927 3
active_diff 3.790110039981474 -9.66136766147659 4.9377824791413545 3
active_diff 1.8809869338387126 1.4040172203832286 -8.82983093926261 3
active_diff 2.4430487033997266 -6.431296308406035 -8.312424324275996 3
quiesc_diff 0.927159011804838 -1.66441232508287 -0.6083648403230678 4
quiesc_diff 1.8343022500566162 2.1218164365334107 0.014966318460085865 4
quiesc_diff 1.0316155119534163 -2.188216750076382 1.3189954695136596 4
quiesc_diff 3.4975110832596843 -1.186423904132403 0.0781166337926591 4
quiesc_diff 0.26419180417919497 -2.1813996283588253 -2.4230820661917467 4
quiesc_diff -1.6747159852054414 -0.28899328515427397 1.0544236577548458 4
quiesc_diff 1.0991110998155027 -3.959743147954391 2.244813252471255 4
quiesc_diff 0.8286263387174948 1.6947921797924752 1.6901577240932093 4
quiesc_diff 2.381337926696202 -0.22056051568042623 2.041972815916862 4
quiesc_diff 4.2861835577888945 -2.561165405598343 1.2979861071655876 4
quiesc_diff -1.5248422290283736 -3.0476719933522807 -2.644282015725433 4
quiesc_diff 4.6724479857151815 -1.2390723693754582 -2.699181543744939 4
quiesc_diff 2.7027098247918113 1.3091006693004328 -3.592499490277877 4
quiesc_diff 2.4411997652505892 -5.124042208047257 1.3265509191603773 4
quiesc_diff 3.4766897627752043 3.2575017157359403 0.1280247311002865 4
quiesc_diff -1.076223430117165 -1.6448292906969801 -0.3691608496741128 4
quiesc_diff 5.114834921066208 0.4043383709696625 2.1010576872691193 4
quiesc_diff -2.0795710533953633 -0.7154620400744578 -2.977026679232652 4
quiesc_diff -0.8564452994953577 2.5464867566485023 1.030498780513509 4
quiesc_diff 1.8148376941356466 -3.438760066015484 -0.3559432660019152 4
quiesc_diff 0.7544183237137394 -1.2994667949363752 3.089104289917268 4
quiesc_diff 2.868154986368927 4.829737798056412 2.5244948795990343 4
quiesc_diff 2.3571191607900763 -1.4326476776909183 -1.9873133964822158 4
quiesc_diff 1.2969913411602327 -3.8940836544133344 -2.4292903920105022 4
quiesc_diff 4.000472805842037 -5.95605858626866 0.39037981767516206 4
quiesc_diff -0.13745929917083577 6.319286853446563 0.003632131769077729 4
quiesc_diff 4.481474778597614 -2.1393358333546173 3.2432164665461203 4
quiesc_diff -1.5085319758322369 2.1631487889204184 -1.386674399403829 4
quiesc_diff 1.37468588507955 2.448993903716245 3.4601856141156464 4
quiesc_diff 0.02192790824522617 -2.653378941197886 4.365967513388096 4
quiesc_diff -1.1198711579593883 3.9119458559848255 -0.406904525845609 4
quiesc_diff 1.202303963809919 2.5155612064366055 -1.8412511317205544 4
quiesc_diff -1.383260160492486 -3.431339682963272 0.47588889118436073 4
quiesc_diff -3.1610673016028277 -2.4893113438152747 -3.6497674193625693 4
quiesc_diff -1.1067556855068847 0.08242587826169873 2.9357712872517725 4
quiesc_diff 2.6358396741804992 -5.098816464058244 -1.1110382958357312 4
quiesc_diff 3.3460538744926853 4.852889868756325 -1.0710044202946418 4
quiesc_diff 5.0154835888091025 -0.05279172080054728 -0.5626934358147649 4
quiesc_diff 4.100440851940476 2.2329500087941714 2.2189888618467006 4
quiesc_diff 6.3325720848579685 1.8434218461097895 2.7690060022598937 4
quiesc_diff 2.5925976605825043 -2.2405315236667005 2.568234396270871 4
quiesc_diff 2.997319600780503 0.6421941716772379 3.7379153051053016 4
quiesc_diff 1.1435429803591355 3.05012849205767 -3.7675909158623924 4
quiesc_diff 5.164382485031178 -3.971865262083191 2.410951766610717 4
quiesc_diff 0.982018874205138 -2.6453886437502785 -4.231240933972463 4
quiesc_diff -0.7786677112200346 0.3034801173499085 4.896254213601677 4
quiesc_diff 0.721850105368643 -5.512194121272062 -3.454439686471731 4
quiesc_diff 5.8037770686200165 0.33223668778532206 3.9772666480743735 4
quiesc_diff 5.959121750533675 -0.520268903857206 -4.051140197286813 4
quiesc_diff -1.3600157031093656 -3.5534160452361636 5.4974113106624545 4
quiesc_diff 2.179897185311451 -5.935275962242028 3.1358659159954247 4
quiesc_diff 2.5722140002203546 -2.447139670841392 4.5574296053721 4
quiesc_diff -3.273397225108114 -1.2262846881205562 1.8065560391271354 4
quiesc_diff 4.4893264490767 -3.3113648171755763 4.863798587993317 4
quiesc_diff -2.3231726029163258 3.990881493966397 -2.0024717596596493 4
quiesc_diff -3.064647343266615 1.9737869825832663 -2.628707840795526 4
quiesc_diff 0.3400316657935998 -4.781126910598131 -0.5075956096408669 4
quiesc_diff 0.9056319008644156 0.47108653685043456 -5.419266472376461 4
quiesc_diff 3.7698509870755363 5.922161227094044 -2.7071751844892136 4
quiesc_diff 3.687928193238428 2.4446930649599175 4.261420330618906 4
quiesc_diff -2.731292107771872 -4.076646162305557 -1.4253928289218445 4
quiesc_diff -0.43711881129050245 -5.23690797608684 2.150751240986028 4
quiesc_diff -0.2344244982403686 -2.192255981184565 -5.962402787207809 4
quiesc_diff 5.094356525814937 3.6877367369573366 -0.9665309185910287 4
quiesc_diff 2.7514509461310768 -7.392308016258211 -0.22373089613698482 4
quiesc_diff 2.3890261721247708 4.519700567085007 4.441344507183987 4
quiesc_diff -2.3536123977718573 2.61756509495865 2.3546734478672513 4
quiesc_diff 4.412848417595633 -5.4272578238742675 -1.9679899858325283 4
quiesc_diff 3.121983578866504 -2.8225144975538603 -3.205201997711688 4
quiesc_diff -0.8111391160824586 -2.1513231321077475 2.095458116268511 4
quiesc_diff 0.9644758234629844 -0.7252404822920547 4.993346918540523 4
quiesc_diff 0.5629505173447811 2.4896610144555344 5.287596864730192 4
quiesc_diff 5.913395849913131 -3.6812503673746813 -1.5118992970010616 4
quiesc_diff 3.8065704849647153 1.3492316381913794 -5.25979704868145 4
quiesc_diff -3.141121407245449 -4.372719768658684 0.6299258069552803 4
quiesc_diff 6.187262763595871 5.926864160854151 1.50277074822914 4
quiesc_diff 6.058451478167514 0.7624623876956601 -2.061886125347139 4
quiesc_diff -3.6728345909419353 0.287927800706395 -3.6513560700665058 4
quiesc_diff -2.72654744672511 2.7539063737650826 0.3524906232160606 4
quiesc_diff 5.067667931009816 3.6359217350386204 3.265956919083245 4
quiesc_diff 1.855464714282152 -4.225784010408052 -5.091149562548081 4
quiesc_diff 4.617059350106805 5.662827785632595 3.021782119631316 4
quiesc_diff -0.32644155033126454 3.4593579642839902 3.1680727701568734 4
quiesc_diff -1.027318579079068 5.336105657840498 -3.64886866883172 4
quiesc_diff 2.2120549060589823 1.470931486939102 5.780186820869888 4
quiesc_diff 0.13666613716735387 -2.294334501805298 6.330126933945673 4
quiesc_diff 4.1993314381025435 0.6216807902143159 5.336272819592798 4
quiesc_diff -3.159107745307953 0.9620784577029429 1.535464816871167 4
quiesc_diff 2.840389700476944 -4.994514910409104 -3.1256199585799207 4
quiesc_diff -1.4197994061290986 -5.423779889188127 0.30604511547573476 4
quiesc_diff -1.2995245660780717 -5.010543182922981 -2.954715009970435 4
quiesc_diff 0.9217816473452392 -6.398114597991869 1.065575579019232 4
quiesc_diff 1.966614952157985 -1.4326943487386148 6.5729754171401895 4
quiesc_diff 1.9704325677007823 -6.128844460485302 6.688024723899551 4
quiesc_diff 6.062338541648774 2.3746624908628604 4.678130725657228 4
quiesc_diff -2.286207666555864 -4.131289137117998 3.8216335400359167 4
quiesc_diff -1.5502598602006976 1.0934851258329732 -4.970319899047746 4
quiesc_diff -1.7096555497967794 -1.4463384258567276 5.163455842100471 4
quiesc_diff 3.8791956216907284 7.696845672758861 1.352199506759699 4
quiesc_diff -1.8077700747821568 4.405051248625979 1.6426696495060442 4
quiesc_diff 4.8713183219495075 6.143966933356144 -0.9892219124549572 4
quiesc_diff 6.135807583278411 -2.2132435322403152 4.364697907945125 4
quiesc_diff -2.5110811928740153 -2.3522946078998546 -5.5362309023217975 4
quiesc_diff 0.18929962525054705 -6.5253669168428186 -1.4745013199194115 4
quiesc_diff 4.798694087767316 -4.087760377722707 0.11188292963597224 4
quiesc_diff 6.81832252013178 -0.6425915457418695 2.146530199011905 4
quiesc_diff 1.8006513870485126 -0.7016408227284289 -6.76969257529581 4
quiesc_diff 4.865725274067945 -7.7339001161954535 0.6914074919785953 4
quiesc_diff 3.402419550145262 -4.329416334483712 3.528806265482867 4
quiesc_diff 5.991286747783927 7.60860789481497 -0.21430412381480712 4
quiesc_diff -0.4681650581918445 -3.9472213847941005 -4.68090533834972 4
quiesc_diff -0.5955383155462274 4.11480063893932 5.03836200746524 4
