16
 Lattice="1.0 0.0 0.0 0.0 1.0 0.0 0.0 0.0 1.0"Properties=species:S:1:pos:R:3:Color:r:1
active_stem 0.0 0.0 0.0 1
active_stem 1.9926094204465348 0.13044302219694964 0.11176902749801518 1
active_stem 1.8039623623084582 3.6197589932839103 1.339823891139959 1
active_stem -0.47935176220588166 -0.11519948354437967 -1.938285574176629 1
active_stem 1.3992571290868778 0.42766147470452887 -2.35796475350873 1
active_stem -1.6747159852054414 -0.28899328515427397 1.0544236577548458 1
active_stem 1.0991110998155027 -3.959743147954391 2.244813252471255 1
active_stem 3.7125659452308595 0.9118676070361471 0.7683702543173968 1
active_stem 0.5904594825771878 5.2020267836510214 1.4942240221330814 1
active_stem 4.337736675462539 -2.4952189312227606 -1.1792920234349396 1
active_diff 0.927159011804838 -1.66441232508287 -0.6083648403230678 3
active_diff 1.8343022500566162 2.1218164365334107 0.014966318460085865 3
active_diff 1.0316155119534163 -2.188216750076382 1.3189954695136596 3
active_diff 3.4975110832596843 -1.186423904132403 0.0781166337926591 3
active_diff 0.26419180417919497 -2.1813996283588253 -2.4230820661917467 3
active_diff 0.8286263387174948 1.6947921797924752 1.6901577240932093 3
