58
 Lattice="1.0 0.0 0.0 0.0 1.0 0.0 0.0 0.0 1.0"Properties=species:S:1:pos:R:3:Color:r:1
active_stem 3.1741863802371957 1.7694352574691057 0.6172605299546289 1
active_stem -0.41661763261640383 2.7039620117321252 -2.3473663495140937 1
active_stem -0.6401711981851255 0.765036321617298 -2.7839336084035473 1
active_stem 0.38814260012955604 -0.26167728556327097 -4.244873537564087 1
active_stem -1.654057260659242 1.4330677958280216 -4.373200421051624 1
active_diff 0.0 0.0 0.0 3
active_diff 3.2108274673129533 0.13769638975803056 -0.53863120301126 3
active_diff 2.8383583613169794 -1.8392774895214314 1.8394313424695468 3
active_diff 0.8885302475175852 1.7779216844533257 2.634276719998329 3
active_diff 4.845172951338224 2.8094023044081795 0.26191222127587493 3
active_diff 4.7640303061739795 -2.296305011382134 2.127378221342237 3
active_diff 2.7616492031452946 1.0783316737686266 2.6789890786739945 3
active_diff 0.9544562113706614 3.3561808831180384 -0.051687565770732524 3
active_diff -1.7695048544157794 -0.10808387991902481 -0.9258349988527337 3
active_diff 1.621857242322688 -2.6666250302312315 0.21697664582046178 3
active_diff -2.717814147551672 1.0948793516114894 -2.2117544940536447 3
active_diff 2.2854677332159006 -3.7613302982887316 1.844426707093637 3
active_diff -1.0242330071744399 2.208829178142158 3.02880867482934 3
active_diff 2.5714177904931095 -2.1442908735972668 -1.4639462537117487 3
active_diff 0.25244338976860425 -0.9041048705736611 1.8512978108936369 3
active_diff 4.601942889664942 -2.747516913538073 0.18569454762958904 3
active_diff 2.285262082308333 -0.08574794336890879 4.233972665746732 3
active_diff -1.0247165069856334 1.670992245628948 0.39716620621483884 3
active_diff 2.1921867715730183 3.122282265240808 -2.986362157317117 3
active_diff -0.7428219735417225 3.6375097959245837 0.968165759879388 3
active_diff 6.20484380246338 2.831304305649182 1.7284781007856342 3
active_diff 3.435631471821228 3.284391008121246 1.896539833958499 3
active_diff 1.6250504800269308 0.3839830769662502 -2.81198080155555 3
active_diff 4.406365135205089 -0.7578141618273998 0.7913126065725099 3
active_diff 3.845233410521966 2.383661393348523 3.7382150171334616 3
active_diff 3.048912246277456 3.5590788309720898 -0.266754329185253 3
active_diff 1.371839835383562 3.7175118779863663 2.7006222053555327 3
active_diff 7.595398421552417 4.109821015306592 1.071399053442827 3
active_diff 6.287565195316957 3.2835472107808377 -1.0398908445796555 3
active_diff -2.9703044393652225 1.255740067075521 0.19161031214816662 3
active_diff -0.12405115238784477 -0.9940084842896101 -1.7310570310511204 3
active_diff 1.0503487237104545 5.1411459195968385 0.8453656347839498 3
active_diff 1.3858868090799632 -5.245841260969186 0.850957350438746 3
active_diff 3.825950228130588 -4.515099155774837 -0.33726664230144543 3
active_diff 4.611157671498386 0.9214518746515735 -1.7322821817924416 3
active_diff 2.2317056937915103 -2.637762303482765 3.5698632373609254 3
active_diff -1.3719677669459727 1.587558548947822 4.897793249978934 3
active_diff 4.120750818098262 -0.44735135493823786 2.7463157542431484 3
active_diff -1.3302446361966576 -1.7181713083575696 0.17628520034254636 3
active_diff 4.014849353313549 -1.7966784073416262 -2.8039727074645895 3
active_diff 1.4205430721165415 1.544034225459502 5.006029085694062 3
active_diff -0.5014825642953125 3.2652889878334004 -4.265101985432698 3
active_diff 3.83521180253425 2.2106796831892366 -3.671525991762391 3
active_diff -4.267644097968659 0.230488177779532 -3.134172524770679 3
active_diff -1.7748732766771278 4.948168676313195 2.0713626629547104 3
active_diff 5.620140383829496 -2.262701115631757 3.93457115878059 3
active_diff 0.8492526166873725 -3.3418676814940356 -1.499743906384379 3
active_diff 4.255750591545084 4.8710963788249195 0.9966672340625545 3
active_diff -1.2469112577816137 0.3805464412464178 2.1700557879052114 3
quiesc_diff 1.7804750435723302 -0.7055665566210295 0.5762676924781164 4
quiesc_diff 1.1405997372821433 1.5001486593714393 0.6697658091437483 4
quiesc_diff 0.6398965396298383 1.3292026513851147 -1.3504638944157448 4
quiesc_diff 2.6502715640325807 1.6918371739917495 -1.6657618529711153 4
