191
 Lattice="1.0 0.0 0.0 0.0 1.0 0.0 0.0 0.0 1.0"Properties=species:S:1:pos:R:3:Color:r:1
active_stem -2.4489703786600394 0.3172445011202015 2.4992402677159333 1
active_stem 2.2736162087791607 3.87877539269336 3.266566159667911 1
active_stem 2.819140019987922 -2.4713377240849574 2.1702290727345583 1
active_stem -2.9222445780032635 0.6608868579112932 0.5866709322786283 1
active_stem -1.8506680981223242 1.7038642696261264 4.2266480341189165 1
active_stem -2.3416648300341087 0.43784425684652284 -1.4629618333318675 1
active_stem 0.9653928914988706 5.395863283285814 0.9626570929419165 1
active_stem -2.645328909663933 0.14907928692909322 -4.9085042342399765 1
active_stem 0.3545030542061224 -2.904052836835159 3.0594257084078533 1
active_stem -1.21575876376891 3.7043685934365427 2.385411166163169 1
active_stem 0.8018186145937308 -0.26774070663574345 -4.731865736569199 1
active_stem 3.911107023868013 4.688212419024209 4.081081678798345 1
active_stem 6.122629786127342 1.0276741833663305 0.3688016754260133 1
active_stem -1.5756886636042495 -4.521501841067087 -1.5437994419112204 1
active_stem 0.597696946203643 -3.3153115295754922 -3.758176368773869 1
active_stem 1.7676710520623014 -1.0206191469608754 5.380407096888279 1
active_stem 0.6202250568111061 -5.780348325019322 0.8329298034569239 1
active_stem -2.3590427077271454 2.8511635284767367 -0.10040186734323725 1
active_stem 0.3692970959424956 2.4308551087168295 4.507042507554894 1
active_stem -0.6803644115398634 3.989326473876554 0.3172630665239289 1
active_stem -1.0504226495613658 -1.944326681329546 -5.203164460628651 1
active_stem 6.013073996389438 -1.5590583368260795 4.2285583068919665 1
active_stem -0.4272997569128023 -3.536553610876805 1.0875782098378328 1
active_stem 2.0114398760793124 5.480031381390038 4.435857752571531 1
active_stem 5.075289492325174 5.014649915685783 2.487934560384507 1
active_stem 1.7543826389155768 -2.2302440782435777 6.973087524248193 1
active_stem 3.292291096646508 -4.7143571791187915 0.215461391883351 1
active_stem 1.729095178319372 7.209495509261018 0.6055899199767107 1
active_stem 2.021683999928082 1.4049306467304539 -4.598652160037728 1
active_stem 6.839727110620766 -1.5955561826918336 2.101952484380116 1
active_stem 7.071670179290045 -0.2317606870563883 -2.284883250501275 1
active_stem 3.6654370041507156 1.759676476727851 5.0819475122878295 1
active_stem 0.43394859111521417 0.7345839507534192 -6.423024193667651 1
active_stem 1.0060011566850842 -3.2507395869944533 -5.714989629137371 1
active_stem 2.476715108241158 -2.5364846679584914 4.139620109456103 1
active_stem 5.6322724160629365 2.8932511277730075 0.8971692691727958 1
active_stem -4.100975472321444 -0.0066349115601895825 -2.3039519241099944 1
active_stem 6.243525701817169 0.5396333086068372 3.0770725892199815 1
active_stem -1.9930277995875112 -2.3220431039638942 2.384892879665762 1
active_stem -4.423540452164358 0.2885168203536923 -5.8132256744583035 1
active_stem -3.7612893975763564 1.5760874644576974 3.331786474389285 1
active_stem -1.38922351762389 -0.4468599216986377 4.726517707090703 1
active_stem -3.9287482923067185 -0.9279719299004041 -0.09338643698288684 1
active_stem -0.25915118085825783 -4.80604381829421 2.9828829998329125 1
active_stem -3.287159436025168 -3.909728739148713 0.9141949210974885 1
active_stem -0.2910693988386378 -4.9276555734873355 -4.539483650182527 1
active_stem 2.2123375841218396 -6.756449175008932 0.11710522227114883 1
active_stem 4.672146262531822 0.7411587848285413 7.183854540260496 1
active_stem 3.784574308191741 4.729808361466127 6.076641562499146 1
active_stem -2.9647357051499568 2.915862575286064 1.8203112476904493 1
active_stem 6.644894311724561 -3.4560655410681265 4.275106735260702 1
active_stem -3.498289405166554 -2.7887535007334594 3.6163021959845874 1
active_stem -3.7347912311623936 -1.5094741548915378 -5.158048480136619 1
active_stem -0.08301120220325409 -2.3622532561418534 4.934268232407964 1
active_stem -1.2112217900634117 -5.657026653296247 4.522165225293735 1
active_stem 4.992302531677488 -5.739910942933662 -0.025786609743731786 1
active_stem -4.278877398076121 -0.38785748734186043 2.8920143582038342 1
active_stem -5.209967802326311 -5.1324754353744 -0.6589151260600669 1
active_stem 6.695025502057565 2.4388517432669206 2.6421964369304067 1
active_stem -3.0606696684160974 2.232739264649363 -1.974219061493713 1
active_stem -2.2577825790933375 -6.141213557577826 -2.4984102766761525 1
active_stem -5.764180535043867 -1.1265606793368506 -5.3657440122123665 1
active_stem 1.5533075297891799 1.5113643184664083 5.830921648257263 1
active_stem 4.101095544150094 -3.6475114699698685 3.1567407825287948 1
active_stem 4.268460350628995 2.580880904002048 3.360905347717945 1
active_stem -2.0448403280737915 -7.545993826229493 0.6161874009251114 1
active_stem 0.6593420419087745 -1.305152579051302 -6.435824959440215 1
active_stem -1.4505120565831633 -5.25204657478291 1.1881788091995655 1
active_stem -1.2837720574258151 1.3956182085547222 -7.205628489329811 1
active_stem -5.001666085923189 2.849550007275586 4.248170031119513 1
active_stem 8.026488046575738 1.6012086705308644 0.1534370633020073 1
active_stem 0.9566317162502782 7.539096763307189 -1.2095307958709767 1
active_stem 3.6190354428534883 -1.5097054888062633 6.910685105239234 1
active_stem -1.1419929422985302 5.278185851298203 5.110628501532395 1
active_stem 3.45735194985754 -3.2149724149956027 5.745237050692446 1
active_stem 7.095322626201552 4.153304062028259 1.4184663874154382 1
active_stem -2.3401348264120343 -2.173238813001637 -6.714535274445184 1
active_stem 0.6641742356155218 -0.27037128489814155 6.870179872032905 1
active_stem -3.229538488783763 0.29730785333529036 4.970351932592145 1
active_stem 8.835288956591762 -0.4702654377460064 -3.197442449812356 1
active_stem -5.5413096566244535 -0.003785501540523817 -0.8319832769064904 1
active_stem -4.431084861187452 -5.512562874478177 1.263991085012897 1
active_stem 1.9524026739488352 2.1007498132965474 -6.472427969815895 1
active_stem 8.628881940644295 -1.1153396096782437 1.3480844341176317 1
active_stem -3.9838824064994687 3.992178649185619 -0.3411931620512486 1
active_stem -4.4954685468807 1.8949553436333313 0.6318518607467685 1
active_stem -0.5022631239669241 6.74651391641337 0.8152505547585773 1
active_stem 5.915176004440079 5.790308459953098 0.846915221841366 1
quiesc_stem 0.0 0.0 0.0 2
quiesc_stem 1.9926094204465348 0.13044302219694964 0.11176902749801518 2
quiesc_stem 0.927159011804838 -1.66441232508287 -0.6083648403230678 2
quiesc_stem 1.0316155119534163 -2.188216750076382 1.3189954695136596 2
quiesc_stem 2.791015204784123 1.1222464577930833 1.6541289558791914 2
quiesc_stem -1.172967722147329 -0.5659400356614256 -3.7592001396606127 2
quiesc_stem 0.11950768564403513 2.547015695893495 1.4486092769566743 2
quiesc_stem 1.730277613511316 -0.22896067800163067 2.6783725981041306 2
quiesc_stem -1.2972999621285408 -0.7933093694576058 1.2991047119428298 2
quiesc_stem 1.6367628642353922 -4.086563439235752 1.145569607013931 2
quiesc_stem 3.475808916252951 -0.8337903398603483 1.0447070099680569 2
quiesc_stem 4.781495254346945 1.134188749133749 1.84867086388341 2
quiesc_stem -0.32823423555507303 1.3423746972695294 2.9810476073423335 2
quiesc_stem 5.412812817810188 -1.2338037806752518 0.7480504197505788 2
quiesc_stem 0.4943318867346662 0.009485583409141962 4.232586721345122 2
quiesc_stem -0.005064473422194071 -3.331836402782278 -1.200527249379438 2
quiesc_stem 0.8834616960567911 0.8259804496222892 -3.059409925612507 2
quiesc_stem 4.869179699991937 -1.757768320331916 2.6000558717926583 2
quiesc_stem -2.2170413749324918 -2.3089686426755005 0.3734413276167585 2
quiesc_stem 5.383789696949634 0.5248365582874623 -1.524212437552338 2
quiesc_stem 2.408772052618406 1.7112737040227701 3.5268107430020033 2
quiesc_stem 3.4826328064725542 -0.24182856852069087 3.642263512624737 2
active_diff 2.713519160646007 -3.7442607362406584 -2.6197626094880127 3
active_diff 3.49093406607589 2.6397874140889206 -3.189854068271438 3
active_diff 2.400677362863323 -5.412807825359293 2.4330129910358576 3
active_diff 1.0532890131172417 3.8026454653441064 -0.736586806497008 3
active_diff 1.9810287451774937 -5.098172882502169 -1.3428993860171845 3
active_diff 3.9041062568379816 -2.783636457280596 0.5193754250298868 3
active_diff 4.43506442013911 4.894792767066052 -0.5050598046111416 3
active_diff -0.8517739754856877 3.130518442750489 -2.036287608246514 3
active_diff 1.3704930619537208 -7.1215577276843565 2.5704687201397456 3
active_diff 3.9575564941894132 -1.2729772464723794 -2.8893252688020223 3
active_diff 5.065629175419912 1.4212629481870924 -3.3783572210479442 3
active_diff 4.977890604734158 2.7341033604285756 -1.6275972671136307 3
active_diff -2.5924716257760383 -2.661874581749737 -2.1061653000004465 3
active_diff -0.15415198544428632 -7.500923562530127 3.8080223726318305 3
active_diff -1.1459778780468421 1.3760132210837253 -3.0923628208263176 3
active_diff -3.551258884030525 -4.266308534214471 -1.3649176924159052 3
active_diff 4.878468885277562 -1.875349864264461 -1.1338603718963525 3
active_diff 4.9706366305278165 4.800383508660681 -2.4297024466064556 3
active_diff 2.3801036521943413 -1.9105732447141133 -4.123801383384745 3
active_diff 1.860683531064999 -4.543996029610955 4.151609140568468 3
active_diff -2.2707034161299284 5.001514190491455 3.4829106333593707 3
active_diff 4.1360622659975785 2.143747397085323 -5.016806149525041 3
active_diff -0.8389908544101992 3.88432286394741 -3.8887496149822915 3
active_diff 1.2776550198174175 3.730956573469927 -2.722668526321061 3
active_diff 3.4112715122229362 -6.313652093903752 -2.033562772888665 3
active_diff 5.346686980858843 -3.769947944814593 1.4920781053191523 3
active_diff 4.200220401862121 -4.191791040550555 -3.8804909886763115 3
active_diff -0.04862958057086131 -7.642205876751933 0.539467827881068 3
active_diff 2.9789110017639544 5.2100302599907105 1.6407109013754075 3
active_diff 6.556912538262795 1.4880020823549251 -4.709379316912078 3
active_diff 2.961160141959552 4.049522731285219 -1.6346243891133652 3
active_diff 4.474019795149551 -0.08195336932775132 5.371885367067197 3
active_diff 6.452339250389656 3.3286167907139537 -2.8410860278918184 3
active_diff 5.6234852886046935 -2.3586725960966066 -3.103677455033881 3
active_diff -1.4190019383965415 1.2770903089295653 6.132304958389119 3
active_diff -1.8684270663517097 -8.080697844744059 4.659563756630968 3
active_diff 2.5272366160905895 -8.486812369049307 1.6771467657502515 3
active_diff -3.0044530272745984 3.1618723701637723 4.9635284287744454 3
active_diff 3.9974040709390293 -3.8012021879814184 -5.8314666123476115 3
active_diff 1.46400497372026 6.58987485675318 2.864691788112971 3
active_diff 2.888619483554826 -0.577274901558573 -5.525131885940957 3
active_diff 2.493245956709065 -5.442979780806913 -3.6521546490036547 3
active_diff -2.113594916630201 5.140604129941644 -0.4703980775753387 3
active_diff 6.89946591937453 4.998094200932786 -3.8475267457940268 3
active_diff 5.158234427656893 -3.825569225682435 -0.6388726646680376 3
active_diff 3.3907329166190743 6.477975636715652 -1.1398067715228741 3
active_diff 6.762633198180384 -2.3901482387993687 -0.7038516794729863 3
active_diff -2.526696565782239 -3.6562343919094724 -3.8402132259303805 3
active_diff 0.1555234729621089 -5.373474027935527 -2.1121456277609547 3
active_diff 0.08124667755820936 5.540372658973094 -0.9248363706486025 3
active_diff 0.9037998434995937 -4.762534556811118 5.894197594736696 3
active_diff 5.102563808848057 6.545879783694167 -3.397089635618531 3
active_diff 3.1136860932456716 3.717725247192644 -5.707704614395747 3
active_diff -4.93467627923202 -1.5648047439604573 -3.2404612609317773 3
active_diff 5.735006129501239 1.1601866545026753 -6.502980972937944 3
active_diff -1.451783009772804 -0.40506987800289784 7.213629380964862 3
active_diff 6.770220997559976 3.162911966678038 -0.8506320541476685 3
active_diff -0.3306408968427339 5.4171814731961705 -5.068548243856352 3
active_diff 3.173693006138882 0.6692241241151267 -3.062423969402684 3
active_diff 4.644613859831702 -7.615502636905839 -2.9190297780786203 3
active_diff 7.408364189175972 -2.9322459170516955 -3.8002554878371075 3
active_diff 5.57982324217051 -0.4139970739650467 -3.9845132346357106 3
active_diff 7.139572873423883 -4.145116123535101 0.6890780966536496 3
active_diff 4.27172350031561 -1.8257503941566604 -4.785569171748295 3
active_diff 1.0548772681454412 3.290632524733 -4.660833845756919 3
active_diff 4.050376229886131 6.824192413837373 2.1371409629290885 3
active_diff 0.36791166876117165 4.477296945250364 3.3668764646199847 3
active_diff -2.4984374658650386 2.497383309706391 -4.048073126128625 3
active_diff 4.03048891459446 -6.571036813312946 2.3858969926107068 3
active_diff 1.678914658672235 -4.925236518373335 -6.577107628976195 3
active_diff -2.5143147759880073 4.1985037120983515 -2.345100741259149 3
active_diff 2.8711643218707326 5.504729105879693 -3.0036660830387722 3
quiesc_diff 1.8343022500566162 2.1218164365334107 0.014966318460085865 4
quiesc_diff 1.8039623623084582 3.6197589932839103 1.339823891139959 4
quiesc_diff -0.47935176220588166 -0.11519948354437967 -1.938285574176629 4
quiesc_diff 2.2062793004943915 -1.872218986753668 -2.1317386219104995 4
quiesc_diff 3.221255845429272 1.807601716523746 -1.3913155999375415 4
quiesc_diff 3.67950474523715 -0.2957207172787005 -0.8745213102604441 4
quiesc_diff 3.4766897627752043 3.2575017157359403 0.1280247311002865 4
quiesc_diff -0.7454888131594863 -2.2351170274192524 -2.7437642960166846 4
quiesc_diff -0.7592260670508759 1.7543966363301673 -0.5879355590061326 4
