465
 Lattice="1.0 0.0 0.0 0.0 1.0 0.0 0.0 0.0 1.0"Properties=species:S:1:pos:R:3:Color:r:1
active_stem 8.51352247871135 1.143124347131493 0.8571108907450428 1
active_stem 6.282985152671988 -8.638293139025718 -1.8558488790065273 1
active_stem 4.278621502661685 -7.370416619095317 -2.5229011543978155 1
active_stem 10.881482997580251 -1.461091626160929 -0.4999882185517148 1
active_stem 7.147185042891516 -7.480744408029015 -0.47264987484534804 1
active_stem 0.17474735429897548 2.0268613481179676 -8.976842678073606 1
quiesc_stem 1.9926094204465348 0.13044302219694964 0.11176902749801518 2
quiesc_stem 0.9583674090202522 0.3062142254339531 -1.728515188671969 2
quiesc_stem 4.160683037669703 -3.7739976140005784 -0.9159598582644198 2
quiesc_stem -0.5887697406324789 1.159275353977475 -2.665880299571919 2
quiesc_stem -2.184820405077146 1.472142796284399 -3.8298116721493836 2
active_diff -6.322399792787835 -1.9933228287755904 2.0005534504283644 3
active_diff -3.4863164099310353 -1.629573228634214 -4.335573123159553 3
active_diff 5.4431788799270295 2.552549482632473 -3.8065772663583584 3
active_diff 1.194670207480992 7.02641086572611 3.1104957955919197 3
active_diff -3.2854394476412154 4.091081899727539 1.2216104364013325 3
active_diff 2.4364960813441168 -5.738257574998864 2.456750234551946 3
active_diff 4.636819657800224 -3.1602340645158646 5.572651159954855 3
active_diff -6.188001875118176 -0.12827723957800102 4.401020427519896 3
active_diff 6.01315930838333 0.4774137213042374 -5.589493739222348 3
active_diff 0.3067152690219175 -0.2636579904540911 9.19178871955835 3
active_diff -3.462484225296277 4.85241874116081 4.1315317106258584 3
active_diff 1.3883965599564672 4.50387558857501 5.259974033789681 3
active_diff 0.6630902653756012 7.0896761811905815 5.037519476040712 3
active_diff 5.420386535006602 7.631588844864838 1.93648364364709 3
active_diff -6.53256407717186 -4.171646316528189 -0.3261297446901148 3
active_diff 5.61076867004351 -6.212608676373128 1.4885885476654759 3
active_diff -2.549683225032324 -7.9300807562011055 -1.1444555762848374 3
active_diff 0.2682149909130169 7.051954974742358 0.4402599114664614 3
active_diff -3.3839473096556185 -1.1553677970083722 5.23386865029946 3
active_diff 4.237196651761472 2.9984342203858816 4.533876217257004 3
active_diff 5.960751135836786 1.0420071223374499 5.150361803214178 3
active_diff -7.756486268167492 1.173390737539018 1.7745179642897653 3
active_diff 2.024658863138003 -7.147937276840326 0.24669971018714587 3
active_diff 7.5784400785264765 -2.814777134946774 -1.0392046599974896 3
active_diff 2.334884170361004 -4.18724166304522 7.379891211488202 3
active_diff 7.301368168857093 3.0066455385172532 -3.2226857194633265 3
active_diff -0.014785308074746706 5.152310727423211 -4.512523396729106 3
active_diff -3.5625269850409755 -8.721040168161846 -4.314292424018034 3
active_diff -1.5879722905653109 6.128244832595731 -3.4221491091720497 3
active_diff 1.2052465598562456 -7.1782412055058975 -4.971549851819678 3
active_diff 4.055394717389446 -3.559043274752211 -4.744672584131708 3
active_diff 4.617926497370574 -8.448785254935924 -0.7642141249456027 3
active_diff 8.071022699807749 2.6231414801877166 3.6768468699439723 3
active_diff -4.790308596079585 4.09229944418473 2.5389438655922385 3
active_diff 2.8510891395902362 4.747064213248283 -5.04944959011706 3
active_diff -4.4972160033069795 3.1583136184294704 -0.17504151791304257 3
active_diff 4.071163577910158 7.361449016978421 -0.7166998000094627 3
active_diff 6.670580987332598 3.1908818868788984 -0.34298405209529476 3
active_diff 3.5915444475927116 7.454388606582685 3.346057019716511 3
active_diff 6.532068074169703 5.680297669696467 1.3989295319917936 3
active_diff 2.1656765112851506 -0.29042579716849226 -5.8729761590297755 3
active_diff 9.987349938030057 0.21438523029252432 1.8395956351616336 3
active_diff 4.836279878926766 -5.079615764378629 6.098188513927029 3
active_diff 2.2868751839289065 -6.826957841338038 4.127781448242965 3
active_diff 1.0947867112010898 1.8503009722994963 6.820117485546285 3
active_diff -0.9174163871710342 -0.7840281956459367 -7.716533307512156 3
active_diff -2.7938996835151553 -5.392319912651936 1.419033303544345 3
active_diff -3.8498519025192737 5.039377833260864 -3.485061862427325 3
active_diff -0.21941804584103997 0.8118219481270623 -6.311304869163834 3
active_diff -4.806921343518973 -5.615146144790347 -1.9431087099168205 3
active_diff -3.877159405309472 -9.139832822800177 -0.2645084596033459 3
active_diff -0.6219683321068263 -8.04439254576082 -2.915102974882122 3
active_diff -5.645555153693279 -4.92220822071865 -3.6213608857878166 3
active_diff 3.1554063871740805 2.082462483311451 6.1885318467869315 3
active_diff 2.7454793300945104 5.940183490386095 5.568755455169748 3
active_diff 4.426706119122399 8.58339330087723 -2.2595678009853626 3
active_diff -1.3338613179332017 -1.3818136572107198 8.950466596174 3
active_diff -2.115806158928244 1.6173245002891288 -5.823341031514523 3
active_diff -5.804381639029275 4.981860276380657 -3.0649365956928944 3
active_diff -1.0451475314930363 6.430565667025741 2.396616310054962 3
active_diff 6.067129633899163 0.41300831897439727 7.045894477825154 3
active_diff -1.8021828899449202 4.786042187628151 -5.331704232125694 3
active_diff -3.0279243273887855 -1.990387743811815 -6.248604639967295 3
active_diff 2.8865316947817004 2.0865643758511543 -5.914807325382018 3
active_diff 0.702919861408152 -5.322494296899012 7.16104434349127 3
active_diff -4.125729487119326 -8.364617026045675 -2.428618675614901 3
active_diff 3.268184319351053 -0.329332193288573 8.253432963753264 3
active_diff 7.296790049611362 6.569500327738665 -0.22110717537236257 3
active_diff 7.111338822624592 -5.03936338825358 0.6121492377028532 3
active_diff -0.42035050568317184 -5.059598073503376 4.460627528747461 3
active_diff -7.319742784609053 -0.710418506993798 -1.6199849585120916 3
active_diff 8.504665924311542 0.43827407423042253 3.9739737368543517 3
active_diff -4.833633115072568 -5.972518884975296 0.03347944456033092 3
active_diff 2.1846333698317806 -2.059583280674837 -6.805565262583714 3
active_diff 6.392314166737106 5.110745490830791 -1.968925723308604 3
active_diff 4.272803692554462 -7.5474932960006615 2.1427542539621194 3
active_diff 1.7786446164285963 -4.959103519026151 -5.006974506576088 3
active_diff 3.2936511021825305 6.356170440092488 -3.9472172824805707 3
active_diff 5.012512669198976 4.582845670347768 -3.738672940942426 3
active_diff -0.02438013912218495 7.817300617210176 -2.8875599670737904 3
active_diff -6.685385654294588 3.60218339508091 2.9493938647858426 3
active_diff 8.505009362684117 -2.4489658436577186 4.456916501526176 3
active_diff 3.836438146256106 -5.379062590717507 3.839190532777179 3
active_diff 2.5858690396383173 -5.876177554162254 6.247781862370405 3
active_diff 9.439681873830171 -1.6249232238005935 -2.268310956601404 3
active_diff 8.917149054276718 0.9266384164825918 -1.5159754869291828 3
active_diff 4.119318054126554 -7.163048651004927 4.855240103507484 3
active_diff 4.07332990686501 -1.9384413131373093 -6.019024552070674 3
active_diff -0.08510507553656857 -2.6300315384899156 -7.428090617120413 3
active_diff 4.619879380703573 -6.510750199178093 7.478414964151764 3
active_diff 3.036067947054983 -7.0991795389426064 -4.170399241100367 3
active_diff 0.11163872279817033 -4.026611313345847 -5.929627731552081 3
active_diff 3.562661036224302 4.061253958136962 6.088037054628289 3
active_diff -4.944611310374425 -4.66280215382641 1.6358651078702326 3
active_diff 0.7023156368870943 8.912175210347945 2.661630767584303 3
active_diff -3.7299212246749507 0.6973865584454961 5.9029003001284615 3
active_diff 0.7145206858990767 -8.55894166522648 0.7876290701742719 3
active_diff -2.6515849451670253 3.251481577515205 7.4012169415965054 3
active_diff -4.649805355243899 -2.2312075271054326 3.40995417516701 3
active_diff -2.935102335592907 -2.984343994435078 4.206103606772965 3
active_diff 0.23458200487691386 -7.353441433521249 3.981813687672874 3
active_diff 5.013918977931453 5.625770836323765 3.0312942356473007 3
active_diff -0.5993869352355212 -8.478284963947385 -0.7891913885121082 3
active_diff -2.699498351967423 -1.1394036958693121 -8.551932687801864 3
active_diff -8.360812559017361 -4.862337998951037 0.09866725207600219 3
active_diff -5.469642978708578 2.3978552072065638 4.371393650863164 3
active_diff -1.7121619796226508 7.864711562717458 -4.40665924945106 3
active_diff 0.611179681382154 3.5304359896322217 7.7913386571864365 3
active_diff 10.225069777448654 -1.7650182508501784 1.6800615109532147 3
active_diff 6.273169063064705 -3.407107015218484 -3.991368780858537 3
active_diff -3.115688456245388 5.674916745872732 0.012209022041168582 3
active_diff 9.198585496772731 -0.5977830601768956 0.15005356600862818 3
active_diff -5.609663138240838 2.3849184755253106 -3.083158572653609 3
active_diff 8.27498184850423 3.9397174760480183 0.5871466575716098 3
active_diff -8.497478630579892 -2.3613072807123348 0.3028097355056386 3
active_diff 7.082757736436948 4.579545373616815 3.0196100153666663 3
active_diff -2.609698973526611 -7.656382147288119 0.9177939196607614 3
active_diff 8.226760037953227 1.097354611660744 -3.487779807689932 3
active_diff -1.0222899865344774 2.287886687121608 -7.396030425765188 3
active_diff -2.105878395593174 6.707538879929002 -1.4973027813298299 3
active_diff 2.257333066356522 -8.24139167446726 -1.4817565331101346 3
active_diff 6.146570624346065 -3.6808186928947992 6.776662648151486 3
active_diff -7.65359085224934 2.0527506585363477 -0.39400782311588156 3
active_diff -5.635372556235465 -2.037900474094325 -1.6959070708872246 3
active_diff 1.7395192624955444 7.728217116291597 -1.345929263994985 3
active_diff -1.7714275209201078 -1.618793663390347 6.743305578670096 3
active_diff -1.7711342779893264 -4.312311566316444 6.302450850421128 3
active_diff -5.991484615488417 4.230828528527402 -0.9604542006900547 3
active_diff -0.8080745240381162 4.990408647293876 4.607443914214533 3
active_diff 5.490845832693221 -4.397497386576231 -5.856641467661523 3
active_diff -1.035777210875839 6.762685156636305 6.040976584240164 3
active_diff -8.151848005370397 0.23414472578650541 4.291664605934094 3
active_diff 7.7577450646070485 4.2121801298801556 -4.751870625893257 3
active_diff 7.707754239209086 -3.2782265226041307 1.3564015664269284 3
active_diff 7.9784507888918474 -4.73500106488473 -1.4300134245954994 3
active_diff 5.407862054264053 -1.281061117715559 6.128302470050752 3
active_diff 0.5522579479271053 -2.67817478488601 8.68211402023363 3
active_diff -9.072172360130693 -0.3302473782168951 1.864198086170869 3
active_diff 7.5371387854697 -0.7379721756162424 -5.1419184103822095 3
active_diff 6.51768587497747 -4.551838969605316 4.13633595939782 3
active_diff 5.631014812372262 -6.06827496261388 -3.2525473619187766 3
active_diff 2.8739566701860646 -2.3929899936858336 8.528016620992908 3
active_diff -3.768174876090654 2.769455712351711 -4.355358692219777 3
active_diff -3.320410739644344 4.746069607418586 6.123642396914898 3
active_diff 1.3773102112809184 3.698690431458254 -7.2264838024599145 3
active_diff -6.805921280307132 -0.28241262697782166 -4.085918665975208 3
active_diff 6.109618499164943 2.569027920046768 -5.692203606599289 3
active_diff -3.773255471206996 0.19142906613788663 -5.564650469248887 3
active_diff -2.3885196542731797 -6.882440203832616 -5.7935843518362455 3
active_diff 6.992042837754486 8.778131557336419 1.4724402464188078 3
active_diff -1.6308518717224458 0.6602102569355632 6.712509490537888 3
active_diff -2.3395255806851876 -6.649551893051341 2.906619241276499 3
active_diff 3.5067955663100716 8.776141134022774 1.847461716331679 3
active_diff 8.067690450764731 2.516610051385918 5.674004838356527 3
active_diff -3.5187283915767322 -4.775582433390126 -6.167204164156906 3
active_diff -7.919486245981575 -1.9829212700467829 3.2043834503041992 3
active_diff 5.994540171661003 6.321467775166254 -3.6254688727967497 3
active_diff 0.5253236019890408 6.029677793151095 -6.2267314929781445 3
active_diff -3.9418522972402537 5.859595905456631 1.8860503376876052 3
active_diff 4.152746377037263 -2.2100698435066266 -7.998901054722995 3
active_diff 8.379252635510495 2.5081320660344097 -5.594455064043679 3
active_diff 2.745042975220322 9.751077934599465 0.2760829507728031 3
active_diff -7.491233624466949 -2.9922732699271517 -1.6261420200321657 3
active_diff 2.408645612245719 -3.143899990770832 -8.47112096187908 3
active_diff -0.04193044425515949 -5.957886976363971 -6.426206853509955 3
active_diff -6.271767133782431 -6.949584136626685 -1.6719960825988964 3
active_diff 4.250758272609166 -3.4702771887827577 7.51038949831718 3
active_diff -3.2239786070885117 0.05577670210261232 7.7596996752005705 3
active_diff -6.2283574699032 5.384667587114179 2.0272798941854955 3
active_diff -2.365591176323619 7.929070080465442 2.292150508338488 3
active_diff 6.7289695511821295 10.258414867211709 0.15351880509006954 3
active_diff 3.2415376925291772 -8.645960449947856 0.77123044085258 3
active_diff -6.161543898636762 3.4769195876547485 0.8872686501646031 3
active_diff 1.717884663605352 -9.037381291767105 -4.44164390333335 3
active_diff 9.509228706137117 -3.8105939259486905 2.0428960622989187 3
active_diff 2.771210903461429 -10.128060851383209 -1.061745836332447 3
active_diff -5.139582242649596 -2.0136136378857747 5.659497665602542 3
active_diff 5.962926095965093 3.3634312320341384 5.476550639789251 3
active_diff 6.388657840520375 7.843114349018575 -1.4673829135662593 3
active_diff -3.553589240656786 -5.500148921110153 -8.031014274139809 3
active_diff 4.283385004943392 3.3612435958142433 -5.2211061627954685 3
active_diff 4.797191950237559 -6.1981566290725265 -6.382446168826179 3
active_diff -3.98792897505578 -4.684801451950607 4.206812420667274 3
active_diff 0.5064610741667849 5.345091377878058 6.84570597668929 3
active_diff -5.605689015174693 6.159499155413917 -0.597974728493693 3
active_diff -10.251970458145188 -2.602733851789294 1.232041481511235 3
active_diff 4.759755667580259 -10.085882271591242 0.3758726456713939 3
active_diff 2.444220670952172 9.2634402075707 -2.416670121963281 3
active_diff -5.170227852493818 -8.647771612045982 1.1797386645992192 3
active_diff 10.011853687285758 1.367509137430987 -4.348278032742445 3
active_diff -9.944023414392591 0.9164928991293468 3.723766486874153 3
active_diff 2.7462881613721315 5.545616488120446 -6.880113682532985 3
active_diff 9.282615494750305 -6.179367818627568 -0.9685385058019615 3
active_diff -1.997382379375169 -9.732448259513767 -1.8126136106516162 3
active_diff -0.6825353811250486 -10.439065685996722 -0.403931351672267 3
active_diff -2.127567483436289 6.4084596149722834 4.109377871239323 3
active_diff -6.334771997490231 -3.240995479295885 3.7857409579682857 3
active_diff -5.873710685029211 -5.5695867764872835 3.157218452797657 3
active_diff -5.650457109195004 0.4063877383979551 6.379200208801257 3
active_diff -4.756704781786495 6.023239655356251 5.108348754928784 3
active_diff 9.36213470951136 4.01129414223057 5.373449469790617 3
active_diff -1.3997724209411693 -8.47492535140175 4.248570942015187 3
active_diff 3.022085568214249 7.664003343655323 -5.4357821138261615 3
active_diff 4.453191858976167 4.590789432715419 7.798752412276036 3
active_diff -0.2242677093135924 9.784420300133853 -3.1883674010531147 3
active_diff -8.264926519724924 1.084705618048853 -4.13378739759217 3
active_diff -6.028263119437169 -8.934396716687944 -2.664662913060074 3
active_diff -3.599493392725387 6.534667848086825 6.973953637713068 3
active_diff -6.3484571840513135 6.903712329297049 -2.9626307404839953 3
active_diff -6.165612340283669 4.380523377575664 4.716884338223301 3
active_diff 2.752027705125004 -7.301602015788286 7.640820412476547 3
active_diff -1.2242325018423694 7.785932499787687 7.749030880227373 3
active_diff -0.8346038022178488 8.64655690951349 0.9312134521824277 3
active_diff -9.176023975760788 -1.2247336700145923 -2.1582228728800645 3
active_diff 5.743619660882774 -1.2964695991299318 8.099857543666037 3
active_diff -5.171491966942032 -2.095515632263473 -5.306696708782344 3
active_diff -1.8951799256221449 -3.413575182070452 8.084832849021819 3
active_diff 10.290749705588949 1.2803950325348306 -0.04987320116277916 3
active_diff -0.7091120785740351 -1.7495449156444667 10.814457505350028 3
active_diff 5.318855832438049 -8.674540822069655 4.329406921582309 3
active_diff 9.23310582071034 -1.696357632691794 -4.688935926125746 3
active_diff 11.274065938722039 -0.8882523380244989 3.1398178562864545 3
active_diff -6.197204729688811 -2.6512123464425943 -3.5147509773589567 3
active_diff 10.032349692928301 2.556015600887877 3.2912427434295934 3
active_diff 2.6779569455327925 2.755230910654541 8.010460680151926 3
active_diff 0.8645960047008311 -4.7268861067658605 9.063440650399038 3
active_diff -5.450487775739991 -0.17520044628572745 -6.590552315066001 3
active_diff -3.362706758303056 7.033171273537585 -3.2448761402570745 3
active_diff -9.321861196347092 -2.262392775563354 4.602682479908244 3
active_diff 5.540086343960086 -6.409497025174329 3.6500141739327594 3
active_diff 4.487194136068038 -7.966408657033174 -5.239111756371103 3
active_diff -9.084733042569818 3.3786301134319627 -0.834321009575713 3
active_diff 5.0168332391160275 7.9955999463021366 4.640522989341469 3
active_diff 9.018045108197954 5.046452462324834 2.0781177043207393 3
active_diff 2.4995643681011277 -8.759927051993328 3.660455714311249 3
active_diff 3.904748516659192 2.7435202962764733 -7.50592121893704 3
active_diff 6.96445964322138 -5.580874632598149 -4.661222555631765 3
active_diff -1.8589920577273897 -9.19651590832851 -5.248043767757714 3
active_diff -0.6745732607907714 10.34146091718031 2.4140033626063055 3
active_diff -2.548696255045534 8.621767604580251 -1.1236174416788283 3
active_diff 3.788911788333794 -9.01875832792448 -3.5442502654401897 3
active_diff 8.614949019129805 -2.1009889339301173 6.423341008655049 3
active_diff 7.286017714725456 -2.8919283730257663 8.218644753256427 3
active_diff 8.13994643949195 5.255476225305994 -2.9306088591303787 3
active_diff -0.9309808977674427 -8.470513219241413 1.9209890959788007 3
active_diff -4.699496856278122 -2.059671660485126 -7.344526635162625 3
active_diff -3.124185766495021 1.6362704756484852 -7.550422852697629 3
active_diff 10.814070954219872 0.40000790816560783 -1.8686050563442453 3
active_diff -5.291918354017851 3.7393850348260393 -5.214103661857922 3
active_diff -10.982360180522496 0.09534695127920911 1.4518245206655416 3
active_diff 1.6087299586507293 7.810683651933763 6.645597147558803 3
active_diff -6.616349233327062 -6.138572240857998 0.9247423264956893 3
active_diff 1.0063687887898654 0.24503891188964544 -7.786501000489781 3
active_diff 3.3298443908069473 0.38818551702106474 -7.350880023475513 3
active_diff 7.301119309799218 6.841716633351543 2.834083247744599 3
active_diff -8.960209324297479 2.5856236988185186 1.028428916510066 3
active_diff 6.032952417311587 -2.320283962866614 -5.653028076857474 3
active_diff 5.3768397749396275 10.002574222029333 -3.3003230791950173 3
active_diff -0.13613951810404212 -0.4121066553705155 -9.519664146286768 3
active_diff 7.894742550807708 -5.178190245124921 2.4470894826372813 3
active_diff 2.0430872053092446 8.494609873268455 4.170958087258986 3
active_diff 5.738112964767067 -8.899689596107313 2.299067729854792 3
active_diff 8.007145860032761 5.569559207390391 4.491132766088502 3
active_diff -1.2388313689137056 -6.528260819886256 5.54373362415663 3
active_diff 6.618699712023978 -5.929671479276493 6.415024149787629 3
active_diff -4.454949286119053 -0.5575200112256078 -9.313380910159522 3
active_diff -8.945064074948181 -6.54642748536455 1.0055811222334774 3
active_diff -7.613628480284137 -3.503214973017176 1.7704356776594563 3
active_diff 3.2910463776299106 -4.897216320301139 8.986654983623046 3
active_diff 7.314554404354494 -0.41647537280960534 5.3504755746053325 3
active_diff 5.325240077429184 9.31156260947791 3.017518010271134 3
active_diff 10.093355217696494 0.07898554233282856 5.1345675848179235 3
active_diff -0.13396390496453714 1.5700445746214187 8.373059298633015 3
active_diff -3.394465811382444 -2.7867807431914624 6.703898864638612 3
active_diff 7.854146350696363 -0.09290748996679221 7.787932514687644 3
active_diff 9.234153132202177 3.2994990144489647 -3.6452719557534587 3
active_diff -1.9771571068842972 4.461547937650138 8.84374475589302 3
active_diff 7.092976020118731 -7.334669817128071 2.226179333800109 3
active_diff 4.848032708942048 8.882923444344897 0.32329535388290376 3
active_diff 1.1667184711160532 3.894242448853315 -9.205728741184542 3
active_diff 3.762361375589723 6.9246360561197 6.9818386273043505 3
active_diff -4.134002822385559 -6.790901636306587 1.9171223914080286 3
active_diff -4.865595950147235 5.896956225417011 -4.979325336857201 3
active_diff -1.9311571059262382 -3.1985368816466897 -7.946640109354641 3
active_diff 8.335278858119741 3.015015429068463 -1.4374482991193636 3
active_diff 2.96033683136194 -4.027384247772659 -6.351378829603863 3
active_diff 1.3176712465152995 2.967968982210948 9.57585554810069 3
active_diff 5.794827172377756 5.320367359875718 4.847034059636426 3
active_diff -7.179080990063816 -1.6523140996695156 5.234731310860736 3
active_diff 0.6128739049744014 -9.596304667955446 -2.6567748608379866 3
active_diff 9.230634164715077 -3.6554533156938795 -0.2885261264773975 3
active_diff -2.127665488079886 -7.1039765629623055 -7.764086000037323 3
active_diff -4.744953525955517 2.782262862309679 6.195415567334178 3
active_diff 3.7052508698883537 -2.5948128995738977 10.335837814640175 3
active_diff 11.68879408336373 1.0335570406732102 2.4984168289520254 3
active_diff -1.7381887558704316 6.465174449690229 -6.416333015307455 3
active_diff 1.4008244452326064 -0.426468003289445 10.858047406032968 3
active_diff 6.153064325898997 3.831186500535339 -7.24303182978794 3
active_diff 8.19817235915161 -4.564866143809 5.220676989351176 3
active_diff 1.273995010148746 -2.4507045866624417 10.533425156141316 3
active_diff 2.6047461692224276 -6.346332520074257 -6.187293075066263 3
active_diff -2.7616346045623064 -9.55023463815083 1.5424844885625921 3
active_diff -5.9530719450065455 1.4986932562424573 -4.842895840583913 3
active_diff -4.58173226550148 -6.353611782425656 -4.526548549254214 3
active_diff -3.769824807560827 7.56166555363774 0.12304480274869332 3
active_diff 1.5149272253397115 -7.507300335214726 2.3111529949813576 3
active_diff 5.916665015263129 -7.76158163293366 8.346612949826094 3
active_diff -1.5202499285217514 9.680382368212125 -5.22305945199672 3
active_diff 4.753553819653469 0.8215931055626454 8.938304049458877 3
active_diff 7.324004224347578 0.14491235057126656 -7.0629686948124935 3
active_diff 11.049932062882991 -2.5540727759127195 -3.0057222654821336 3
active_diff -3.122203245408406 -7.485688246339743 4.546220312224241 3
quiesc_diff 0.0 0.0 0.0 4
quiesc_diff 0.927159011804838 -1.66441232508287 -0.6083648403230678 4
quiesc_diff 1.8343022500566162 2.1218164365334107 0.014966318460085865 4
quiesc_diff 3.4391498299885894 1.4509340547439384 -0.9721411098327892 4
quiesc_diff -0.9954295773417675 -2.1946093700644953 -0.45821754472298454 4
quiesc_diff -1.2206513923546958 0.15643447355855053 1.5765590486324963 4
quiesc_diff 2.5684294279639923 -0.13039866537108918 2.0092391677029284 4
quiesc_diff 3.786005312254404 -0.5571274416088692 -0.4458850162858604 4
quiesc_diff 2.9571579342136594 -0.48140220324846505 3.939442956121775 4
quiesc_diff 2.387344215857261 -2.8949055918607414 -1.2031299118266876 4
quiesc_diff 3.908803676459292 1.7099504541533883 0.9546011586951626 4
quiesc_diff -2.596925682899233 1.4818783793277055 2.167378420222104 4
quiesc_diff 1.1855273378305067 3.6097053792246077 1.1834172620102532 4
quiesc_diff -1.8804351818157468 -3.3558215571366556 -1.8250940338926303 4
quiesc_diff -3.0096854255622643 -0.709837891434905 1.35535909909881 4
quiesc_diff -1.369712560070958 1.272199937169847 -0.7109112621480259 4
quiesc_diff 5.312414520165174 0.5528758297333343 -1.1076762731144956 4
quiesc_diff 1.4551207306302292 -4.56232966956015 -1.7952923208830578 4
quiesc_diff -1.1454138013815958 -4.994596151070335 -0.9452296121876843 4
quiesc_diff 1.7080591520830928 -0.15638025349341939 -3.524056510515973 4
quiesc_diff 4.6760808412260335 3.044059633023161 -0.322676591554536 4
quiesc_diff -0.7257513566951497 -1.3624236724993208 -2.256756013056881 4
quiesc_diff -4.340351946736278 0.8294155458991145 1.4361075309084805 4
quiesc_diff 2.3294279876401873 -2.1719415611493544 0.7243225926286546 4
quiesc_diff 2.9971947071813285 -2.1323133475519374 5.067666981049863 4
quiesc_diff 0.8938378160505591 1.0134576912989817 1.5305664251287419 4
quiesc_diff 4.432031578305357 -0.8349529125046316 2.184140105633892 4
quiesc_diff 0.991637756067646 3.003804865833011 -1.5699667909019261 4
quiesc_diff 3.895960459332231 2.605089043085374 -2.5403408138900394 4
quiesc_diff 2.87398732351191 4.680852453366972 1.1416222586126639 4
quiesc_diff -1.6388185437781522 -6.484845985283922 -2.1844661480463414 4
quiesc_diff 0.4568674201082979 -3.576738922817592 -0.2593192811536683 4
quiesc_diff 3.127908062771936 4.362861831894527 -3.106318144761233 4
quiesc_diff -1.0436841580718301 -4.515226674828604 -3.2235315538888676 4
quiesc_diff 1.2496736364316665 1.4700046059231786 3.4449712369908596 4
quiesc_diff -2.8425584528272823 -2.7811380177855636 0.03584627984840821 4
quiesc_diff 2.9914945934315114 4.034097139275154 -0.7492852060431644 4
quiesc_diff 0.2936111278896585 -1.1445040146249843 1.6972573077166906 4
quiesc_diff 2.131544092251838 -1.9427855880028737 2.733383384080418 4
quiesc_diff -5.228621209069426 -0.46216561647466736 2.6782008521188136 4
quiesc_diff -2.748588921169792 2.359634146547718 0.3766961269971738 4
quiesc_diff 7.1510455102372354 1.1600607257533075 -0.6069142693723534 4
quiesc_diff 1.9456288694774904 -2.3267500317658474 6.757756820320582 4
quiesc_diff 0.5428340578503661 4.766637448943185 -0.7387047838358002 4
quiesc_diff 2.591150441369242 -5.3198299846790285 -0.3339129146667821 4
quiesc_diff 2.0587978942162195 0.6531192590347286 5.319953836250796 4
quiesc_diff -0.025268903222583017 2.9348329598687 2.6251244723149014 4
quiesc_diff 2.7002007744060754 5.740265025472095 2.8290591425924747 4
quiesc_diff 4.020860489896019 -1.8398770392259842 -1.9622611290455065 4
quiesc_diff 5.767324527138392 1.3143091397015718 1.5785949069730387 4
quiesc_diff 0.20131153534480273 -1.3221508641163922 -4.132900088835745 4
quiesc_diff 5.1457522988528375 0.6024717491962515 3.3776278831143682 4
quiesc_diff -2.89553927138635 -0.565736991810436 -0.6361743769477934 4
quiesc_diff -2.3541126080020645 -0.5516639161403579 -3.0880852214400187 4
quiesc_diff -2.0091230809929543 2.936140351997466 -1.6178051267416476 4
quiesc_diff 2.625498252543945 -3.9889887004278566 1.5057841028002243 4
quiesc_diff 3.8165935127443555 0.1098678302742011 -2.4070897667310938 4
quiesc_diff -0.4180248276875931 2.890906394098299 -0.022376683256634 4
quiesc_diff 2.475089139889958 2.735454959184156 -4.068281930245003 4
quiesc_diff 4.300375202502979 -4.908886384679513 0.7249281870546535 4
quiesc_diff 3.561536419023495 2.0843117305144543 2.8883175512083805 4
quiesc_diff 0.9777083876650929 -2.451686000741513 4.285698924405661 4
quiesc_diff -1.2329027331563465 0.3919575395839353 3.5626050677414605 4
quiesc_diff -2.672207827113895 -7.000471071672756 -3.8173278566344715 4
quiesc_diff 4.155197744152143 -6.503449978812496 -0.7248089931135013 4
quiesc_diff 0.2378369954122456 -1.1476353290775025 -6.1249367900029075 4
quiesc_diff -1.201483781087438 -6.274382420556943 0.5906750924764227 4
quiesc_diff -2.310981532064644 3.763948190362498 -3.4132481523645755 4
quiesc_diff 3.2093617114745117 -1.1476150099944893 -4.397866720269234 4
quiesc_diff 0.42007835919929803 -2.9390028246998723 -2.7056128265507167 4
quiesc_diff -1.315130724551146 -2.5904630552927532 1.475972476025808 4
quiesc_diff -2.9145713376570477 -1.2064069065142848 3.2903972185024184 4
quiesc_diff 5.169132117606764 4.228654409692376 1.2114797414009248 4
quiesc_diff 0.11713946927803076 0.46403690516106944 5.760646954327477 4
quiesc_diff 6.940742461645872 -0.10624514994826961 2.8525272524318197 4
quiesc_diff 0.5350396809918264 -0.6014143400606062 3.606908024242766 4
quiesc_diff 0.06005390873352939 5.903941036251217 -2.3114297686678618 4
quiesc_diff -3.1763378610836233 -4.6646002125819805 -2.6046674280750306 4
quiesc_diff -4.749025907491989 -3.38060244082997 0.11346232076980145 4
quiesc_diff 3.2018316108411886 -3.465423786964445 -2.9383876080977362 4
quiesc_diff -4.254989862332397 0.894891157772371 -0.772040117378374 4
quiesc_diff 4.128575764201575 6.22557713998047 1.3412055421178364 4
quiesc_diff 0.4681338566807749 -1.1431480852537912 7.402811019108331 4
quiesc_diff 6.000233629951092 -2.1133164036037515 -2.047776545417059 4
quiesc_diff 4.984655021424042 -1.8407886951256407 0.5109078876004991 4
quiesc_diff -0.3375340988872128 1.7630229918007965 -4.555951579217108 4
quiesc_diff 6.381148861383115 0.7890952546445501 -2.7815960116910103 4
quiesc_diff -2.960543472294153 3.1524952956803247 3.2050783874727626 4
quiesc_diff 0.8682298388332195 -5.19061198132368 0.8480174840126417 4
quiesc_diff -6.090528363065967 1.466544314155448 0.7074447526745876 4
quiesc_diff 0.03569969469159814 3.1771130267289993 4.609458919748233 4
quiesc_diff 0.2885549411921715 3.544313454789362 -3.362597545042665 4
quiesc_diff 2.6753293255019144 5.979042981519343 -1.0916668558026803 4
quiesc_diff 4.5409498302215985 0.47214014539399946 -4.2357687147776195 4
quiesc_diff 4.721609723810838 -1.3697331593393203 4.251817722449054 4
quiesc_diff 6.249094491002947 2.7681876659679676 2.8647266781300216 4
quiesc_diff 4.157778818053416 -2.815308200247215 2.2387144384670012 4
quiesc_diff 0.404071369333457 -5.768604595042495 -3.8006344233911245 4
quiesc_diff -0.0011384856660054954 5.2195770707821545 1.1951373331272255 4
quiesc_diff 2.009773395701919 3.2853929176478074 3.800799332580439 4
quiesc_diff 1.7435403586177491 -6.481112214008339 -2.2801507180594633 4
quiesc_diff -3.6498279255974975 -2.435156627806834 -1.9721498265517554 4
quiesc_diff -1.4190209395270534 4.868747256359483 -1.11380284634033 4
quiesc_diff 0.9915815676728601 3.179982766600888 -5.333825414921765 4
quiesc_diff -6.6611728166255855 -1.6043769044966887 0.06820930242918921 4
quiesc_diff 7.683459125550888 -0.6744375303717381 -2.3790295413712226 4
quiesc_diff 2.1187182518447503 -3.892508870630634 3.4381054201109924 4
quiesc_diff -0.6730473499617102 -3.724430360641917 2.9931564103182184 4
quiesc_diff 0.10733519808265202 -6.640710241530658 -1.1411330964884439 4
quiesc_diff 3.592502388232641 -0.19380473813229981 6.284562704163825 4
quiesc_diff 0.24608835803409823 -5.894771674754888 2.613548311842035 4
quiesc_diff 6.573494939493897 -0.67057419468267 -0.04547760659158495 4
quiesc_diff 6.520800797664035 -2.240740853875703 4.317063993035163 4
quiesc_diff -3.1035633807519263 -5.181224368273643 -0.5835389524308783 4
quiesc_diff 5.543823309688228 -5.090917223074692 -1.5097996777078493 4
quiesc_diff -5.845328295460556 0.6003724482640809 -1.9485104305886318 4
quiesc_diff -3.910135969257473 3.010814185478514 -2.2347117787121364 4
quiesc_diff -0.9076217803658537 -2.9148493426423547 -4.616199641709585 4
quiesc_diff -4.687674965840974 -1.2785043113481298 -0.1068234528334645 4
quiesc_diff 0.7129748009221584 -3.0998360813640944 1.6687859445169642 4
quiesc_diff 4.920664863265694 -1.9545566899940412 -3.744731512351923 4
quiesc_diff -1.4705784165505056 4.229272832766953 2.1398350471931935 4
quiesc_diff -1.9653090544496363 -0.49078666475603133 -5.048984442973062 4
quiesc_diff -3.7113813828464073 -3.057476446845153 1.8159540824541551 4
quiesc_diff 6.0589101091620625 -1.9889376267549237 2.33106023738648 4
quiesc_diff -0.28152499224189587 -3.129847666566654 5.683707525929018 4
quiesc_diff -1.5890411998917433 2.9029216826325563 5.743053261782062 4
quiesc_diff 8.13907098561592 -1.6534188027080936 2.439898561178305 4
quiesc_diff 5.710887486572103 -4.06841492218698 2.371292744390273 4
quiesc_diff -4.0305256693496485 1.2799504439919762 3.547239350816349 4
quiesc_diff -1.0842984667814584 -1.0320886587917695 4.9590323651353785 4
quiesc_diff 5.908195123335885 -3.5497006546861556 0.03478437985098187 4
quiesc_diff -5.0786902387274395 -0.9525827691034469 -3.3325629003459465 4
quiesc_diff -2.3174540983614467 -5.172690271387433 -4.618254378830984 4
quiesc_diff 4.5337450405305875 5.21038353078972 -1.2369468546893776 4
quiesc_diff 2.862728064329746 -4.10656190220875 5.3579450656441265 4
quiesc_diff 1.5412744865951116 -3.0430394438092456 -4.358518034297647 4
quiesc_diff 3.5433525781760165 -5.396197926708174 -2.544084868863595 4
quiesc_diff 2.1098030828409335 7.125200487948807 1.2169119535447783 4
quiesc_diff -4.025453063650102 1.052765580757971 -2.752542206399652 4
quiesc_diff 0.9484190121492222 4.915039614544443 3.3293227516862824 4
quiesc_diff -4.033687836589441 -3.6265039391059255 -4.083622176028903 4
