8
 Lattice="1.0 0.0 0.0 0.0 1.0 0.0 0.0 0.0 1.0"Properties=species:S:1:pos:R:3:Color:r:1
active_stem 0.0 0.0 0.0 1
active_stem 1.9926094204465348 0.13044302219694964 0.11176902749801518 1
active_stem 1.8039623623084582 3.6197589932839103 1.339823891139959 1
active_stem -0.47935176220588166 -0.11519948354437967 -1.938285574176629 1
active_stem 1.0316155119534163 -2.188216750076382 1.3189954695136596 1
active_stem 3.4975110832596843 -1.186423904132403 0.0781166337926591 1
active_diff 0.927159011804838 -1.66441232508287 -0.6083648403230678 3
active_diff 1.8343022500566162 2.1218164365334107 0.014966318460085865 3
