106
 Lattice="1.0 0.0 0.0 0.0 1.0 0.0 0.0 0.0 1.0"Properties=species:S:1:pos:R:3:Color:r:1
active_stem 3.1741863802371957 1.7694352574691057 0.6172605299546289 1
active_stem -0.41661763261640383 2.7039620117321252 -2.3473663495140937 1
active_stem -0.6401711981851255 0.765036321617298 -2.7839336084035473 1
active_stem 0.38814260012955604 -0.26167728556327097 -4.244873537564087 1
active_stem -1.654057260659242 1.4330677958280216 -4.373200421051624 1
active_stem 1.7900154640397434 0.4762783621705641 -5.465600343778313 1
active_stem -2.1175816919223567 3.619522104681917 -1.8292244913833462 1
active_diff 0.8885302475175852 1.7779216844533257 2.634276719998329 3
active_diff 4.845172951338224 2.8094023044081795 0.26191222127587493 3
active_diff 4.7640303061739795 -2.296305011382134 2.127378221342237 3
active_diff 0.9544562113706614 3.3561808831180384 -0.051687565770732524 3
active_diff -1.7695048544157794 -0.10808387991902481 -0.9258349988527337 3
active_diff 1.621857242322688 -2.6666250302312315 0.21697664582046178 3
active_diff -2.717814147551672 1.0948793516114894 -2.2117544940536447 3
active_diff 2.2854677332159006 -3.7613302982887316 1.844426707093637 3
active_diff -1.0242330071744399 2.208829178142158 3.02880867482934 3
active_diff 2.5714177904931095 -2.1442908735972668 -1.4639462537117487 3
active_diff 0.25244338976860425 -0.9041048705736611 1.8512978108936369 3
active_diff 4.601942889664942 -2.747516913538073 0.18569454762958904 3
active_diff 2.285262082308333 -0.08574794336890879 4.233972665746732 3
active_diff 2.1921867715730183 3.122282265240808 -2.986362157317117 3
active_diff -0.7428219735417225 3.6375097959245837 0.968165759879388 3
active_diff 6.20484380246338 2.831304305649182 1.7284781007856342 3
active_diff 3.435631471821228 3.284391008121246 1.896539833958499 3
active_diff 1.6250504800269308 0.3839830769662502 -2.81198080155555 3
active_diff 4.406365135205089 -0.7578141618273998 0.7913126065725099 3
active_diff 3.845233410521966 2.383661393348523 3.7382150171334616 3
active_diff 3.048912246277456 3.5590788309720898 -0.266754329185253 3
active_diff 1.371839835383562 3.7175118779863663 2.7006222053555327 3
active_diff 7.595398421552417 4.109821015306592 1.071399053442827 3
active_diff 6.287565195316957 3.2835472107808377 -1.0398908445796555 3
active_diff -2.9703044393652225 1.255740067075521 0.19161031214816662 3
active_diff 1.0503487237104545 5.1411459195968385 0.8453656347839498 3
active_diff 1.3858868090799632 -5.245841260969186 0.850957350438746 3
active_diff 3.825950228130588 -4.515099155774837 -0.33726664230144543 3
active_diff 4.611157671498386 0.9214518746515735 -1.7322821817924416 3
active_diff 2.2317056937915103 -2.637762303482765 3.5698632373609254 3
active_diff -1.3719677669459727 1.587558548947822 4.897793249978934 3
active_diff 4.120750818098262 -0.44735135493823786 2.7463157542431484 3
active_diff -1.3302446361966576 -1.7181713083575696 0.17628520034254636 3
active_diff 4.014849353313549 -1.7966784073416262 -2.8039727074645895 3
active_diff 1.4205430721165415 1.544034225459502 5.006029085694062 3
active_diff -0.5014825642953125 3.2652889878334004 -4.265101985432698 3
active_diff 3.83521180253425 2.2106796831892366 -3.671525991762391 3
active_diff -4.267644097968659 0.230488177779532 -3.134172524770679 3
active_diff -1.7748732766771278 4.948168676313195 2.0713626629547104 3
active_diff 5.620140383829496 -2.262701115631757 3.93457115878059 3
active_diff 0.8492526166873725 -3.3418676814940356 -1.499743906384379 3
active_diff 4.255750591545084 4.8710963788249195 0.9966672340625545 3
active_diff -1.2469112577816137 0.3805464412464178 2.1700557879052114 3
active_diff 0.09497633251133974 -3.3930589602041623 -3.3513504358915576 3
active_diff -1.7532719030992592 -0.6470460382678807 -3.659736228644412 3
active_diff 6.368743793856071 1.6732334175167078 -2.320257975769537 3
active_diff 4.7625085175823685 1.205966403409273 1.694170757654116 3
active_diff 1.6938897038420304 -1.674783181809051 5.294748665184214 3
active_diff 0.8554217036534648 3.3809331097304103 5.559599612249362 3
active_diff -2.99844723922045 1.3683637177774324 6.040823499910195 3
active_diff 0.17143820375725394 0.39257281999285243 3.8859106618973605 3
active_diff 6.1182371890119684 1.3757080197732134 -0.30714677826740705 3
active_diff -0.051651394565164654 -2.668727029017376 2.7421597530992985 3
active_diff 0.16571935629238554 5.3012510287752015 2.893089584865754 3
active_diff 4.278126107346266 -4.22687522623053 2.319200417924951 3
active_diff -2.3357180736503516 -0.8382380783781315 3.3229061738796175 3
active_diff -0.07748897179243297 4.214412631873255 -5.973725332411489 3
active_diff -3.543466796557132 2.719713790852711 -3.0352900113483954 3
active_diff 6.040936630464215 -0.5495241814828442 1.92479895892723 3
active_diff -4.310758258113953 1.9613423832286339 -1.114264464100042 3
active_diff 2.1757926835569807 -3.313582707692451 -3.037552742475727 3
active_diff 3.2540554323011155 0.09391380442010139 -3.9354587419668112 3
active_diff -1.226817963403914 5.016800532744993 -0.3968635237327731 3
active_diff -2.82681297044365 1.7232903976377052 2.311203234042676 3
active_diff 4.3442783255755675 1.2888968379616077 -5.371869386892527 3
active_diff 2.814377891175602 4.061679392229501 4.086916169504108 3
active_diff -3.026756336952955 -1.342343709334697 1.1665385340959245 3
active_diff -2.215091019294086 2.7104481345495985 -5.806218422306182 3
active_diff 1.9724705401507392 6.892497491122714 1.132522436128993 3
active_diff -2.7185778556586992 6.597826296118289 2.6943003845836095 3
active_diff 7.829576799566084 5.035180595582703 2.8289172281602633 3
active_diff 1.2210773668861443 -4.132169760930462 4.433215272153902 3
active_diff 4.9043718941594605 -3.4693992775991394 -3.4448740567625777 3
active_diff -5.8363058422902725 1.1579518942186016 -2.310090376807929 3
active_diff 2.26116403831821 -5.5048697044369925 2.8239570382332553 3
active_diff -2.320669719992244 -1.8912376279253176 -1.6445700000354984 3
active_diff -0.07444849046609603 -3.5924913811435952 0.7320672797443664 3
active_diff 5.296432837790226 -5.431004323749506 0.6621324861581871 3
active_diff 6.458109982308016 -2.784235688210115 0.9295328739986614 3
active_diff 1.1663560037427374 -6.581837140409142 -0.6210892641857528 3
active_diff 4.458082510659124 4.5964599971325 3.0069761631797176 3
active_diff 1.6854423064448911 4.472355977547481 -1.5415910819030878 3
active_diff 7.263741336113826 -3.126136524398695 3.190894344204854 3
active_diff 4.477283535147354 4.507502368527591 -1.2964378992896113 3
active_diff 4.449339095711373 0.010738523485423646 4.665217368995985 3
active_diff 6.3478635884687815 1.366058217926294 3.0822133936785026 3
active_diff 5.0182011228932035 6.543699268435796 0.20858807502311294 3
active_diff 2.6835496786968083 5.004157837131295 -3.45230939190995 3
active_diff 8.191480667870806 3.47473572677129 -1.6217437681981772 3
quiesc_diff 0.0 0.0 0.0 4
quiesc_diff 1.7804750435723302 -0.7055665566210295 0.5762676924781164 4
quiesc_diff 3.2108274673129533 0.13769638975803056 -0.53863120301126 4
quiesc_diff 1.1405997372821433 1.5001486593714393 0.6697658091437483 4
quiesc_diff 0.6398965396298383 1.3292026513851147 -1.3504638944157448 4
quiesc_diff 2.8383583613169794 -1.8392774895214314 1.8394313424695468 4
quiesc_diff 2.6502715640325807 1.6918371739917495 -1.6657618529711153 4
quiesc_diff 2.7616492031452946 1.0783316737686266 2.6789890786739945 4
quiesc_diff -1.0247165069856334 1.670992245628948 0.39716620621483884 4
quiesc_diff -0.12405115238784477 -0.9940084842896101 -1.7310570310511204 4
