8
 Lattice="1.0 0.0 0.0 0.0 1.0 0.0 0.0 0.0 1.0"Properties=species:S:1:pos:R:3:Color:r:1
active_stem 0.0 0.0 0.0 1
active_stem -1.8437071534906544 0.338374655731216 -0.6973137920091425 1
active_stem 3.8507240069427917 1.4668990411431453 -1.8890950974270049 1
active_stem 1.1039586502063854 3.1318875270825144 1.8256575421096373 1
active_diff 1.7804750435723302 -0.7055665566210295 0.5762676924781164 3
active_diff 3.2108274673129533 0.13769638975803056 -0.53863120301126 3
active_diff 1.1405997372821433 1.5001486593714393 0.6697658091437483 3
active_diff 2.218594684148107 -2.0632684148098064 1.977944133320472 3
