16
 Lattice="1.0 0.0 0.0 0.0 1.0 0.0 0.0 0.0 1.0"Properties=species:S:1:pos:R:3:Color:r:1
active_stem 0.0 0.0 0.0 1
active_stem 1.7804750435723302 -0.7055665566210295 0.5762676924781164 1
active_stem 3.2108274673129533 0.13769638975803056 -0.53863120301126 1
active_stem -0.8722280364941468 -1.5278722879442095 -0.9512226469579519 1
active_stem -0.7328339488267874 1.423387965944283 1.1987164393016116 1
active_stem 2.25304930045851 -2.596703476321557 0.1287470530947743 1
active_stem 2.974169699616301 1.6701464731779498 -1.8017977964640477 1
active_stem -2.354950078196341 -1.9012189053738704 -2.2404657001889188 1
active_stem -1.957115575055455 -0.04397131220008291 0.40959144226748534 1
active_stem -0.7393602637175475 2.764691625779797 -0.28481377586955303 1
active_stem 3.1028902635882476 2.7311464072069462 -3.492274106975736 1
active_stem -0.26167560851909055 -3.0041148862163256 -2.1545237413398004 1
active_stem -3.131917373382257 -2.7308879982192886 -3.886057088896499 1
active_stem 5.136499412169953 -0.3193311321026722 -0.2506843241385694 1
active_stem 0.34845108852980355 -2.0994742202913415 0.6558215569067708 1
active_stem 4.12616825608622 -3.296293487006256 0.1734594117704398 1
