462
 Lattice="1.0 0.0 0.0 0.0 1.0 0.0 0.0 0.0 1.0"Properties=species:S:1:pos:R:3:Color:r:1
active_stem -2.645328909663933 0.14907928692909322 -4.9085042342399765 1
active_stem 2.0114398760793124 5.480031381390038 4.435857752571531 1
active_stem 6.839727110620766 -1.5955561826918336 2.101952484380116 1
active_stem 3.6654370041507156 1.759676476727851 5.0819475122878295 1
active_stem 6.243525701817169 0.5396333086068372 3.0770725892199815 1
active_stem -4.423540452164358 0.2885168203536923 -5.8132256744583035 1
active_stem 4.672146262531822 0.7411587848285413 7.183854540260496 1
active_stem 3.784574308191741 4.729808361466127 6.076641562499146 1
active_stem 6.644894311724561 -3.4560655410681265 4.275106735260702 1
active_stem -3.498289405166554 -2.7887535007334594 3.6163021959845874 1
active_stem -4.278877398076121 -0.38785748734186043 2.8920143582038342 1
active_stem -5.764180535043867 -1.1265606793368506 -5.3657440122123665 1
active_stem -2.0448403280737915 -7.545993826229493 0.6161874009251114 1
active_stem -1.4505120565831633 -5.25204657478291 1.1881788091995655 1
active_stem -1.2837720574258151 1.3956182085547222 -7.205628489329811 1
active_stem -5.001666085923189 2.849550007275586 4.248170031119513 1
active_stem 8.026488046575738 1.6012086705308644 0.1534370633020073 1
active_stem 0.9566317162502782 7.539096763307189 -1.2095307958709767 1
active_stem -1.1419929422985302 5.278185851298203 5.110628501532395 1
active_stem 3.45735194985754 -3.2149724149956027 5.745237050692446 1
active_stem -2.3401348264120343 -2.173238813001637 -6.714535274445184 1
active_stem 8.835288956591762 -0.4702654377460064 -3.197442449812356 1
active_stem -5.5413096566244535 -0.003785501540523817 -0.8319832769064904 1
active_stem -4.431084861187452 -5.512562874478177 1.263991085012897 1
active_stem 1.9524026739488352 2.1007498132965474 -6.472427969815895 1
active_stem 8.628881940644295 -1.1153396096782437 1.3480844341176317 1
active_stem -3.9838824064994687 3.992178649185619 -0.3411931620512486 1
active_stem -5.5227117144927576 1.861937298712833 2.428635715254816 1
active_stem 0.7206053619496515 4.383977660029595 5.500006471982294 1
active_stem 5.050218149406506 6.3133284726769725 4.328919641658144 1
active_stem 5.150815015137408 -0.7465181762568156 8.4319304533102 1
active_stem -5.975039142897537 -1.0717470362235315 2.082489546765177 1
active_stem -1.71778794385598 8.33119501940148 0.7090186665796379 1
active_stem -6.494492449298098 -0.30927973777638695 -3.6928135383251934 1
active_stem 8.188876508711527 0.8415939765757876 2.7243262311732757 1
active_stem 3.087521375898605 5.392008930607614 7.83038259691963 1
active_stem -2.335500156013819 -6.119400480719275 2.75804927064632 1
active_stem 4.087653883742155 -5.410271504346783 4.101461049575594 1
active_stem -5.002967816918894 2.281308605300765 -1.4997520747904272 1
active_stem 9.502455735781371 1.4060227786321926 -3.011886480288117 1
active_stem -6.171429316522473 4.230698566394286 3.397239574512005 1
active_stem 1.352436204854415 0.1599833531450463 -8.104159124788817 1
active_stem -5.193499988545726 1.838037846808175 -6.816294416325397 1
active_stem 1.6593139634948981 9.082922856982309 1.3022968561181465 1
active_stem -2.589214378769827 -1.5305296519466491 5.903667590882242 1
active_stem 2.4282125823058607 -2.1774139047163783 -6.767874942220406 1
active_stem 3.7712695439907185 2.7789891009476415 6.799446055989447 1
active_stem 7.988414783578762 -1.819373502617216 3.7238101961710615 1
active_stem -3.5153931360989126 -7.783748251988751 -0.7183339634004346 1
active_stem -4.532422058019166 0.5062142146099613 6.473299881536283 1
active_stem -5.186848389828258 -3.5012222012541763 1.3878026567774908 1
active_stem 0.8581541325270381 2.8108311089700537 -7.98847700699474 1
active_stem 8.853186315580695 3.366166350616652 -0.2954441676827613 1
active_stem -2.8871472729353447 1.8393261188757442 -5.949940514709907 1
active_stem -5.829588843436839 3.3762619104779983 0.7926433074714748 1
active_stem -6.996280687904364 -5.637527883216653 -1.4032324641265388 1
active_stem 4.938953215853468 -4.317985782456054 6.512191547258455 1
active_stem 7.264972899106867 -4.101618302366731 6.063615661111985 1
active_stem -2.6168022254509227 -3.3901092869848544 -8.277443269132304 1
active_stem 0.16664948482398856 -2.117337802873542 8.1840192334624 1
active_stem 5.126670519516369 -7.651043578971233 0.5482493571749034 1
active_stem -4.856007544288666 5.111638625677244 1.068135438761757 1
active_stem -3.618263072782489 -6.9825828526778695 -3.698906230669409 1
active_stem -1.83864566816065 -5.684282464005233 -5.555615255426937 1
active_stem -4.064693991462937 4.26911902208674 2.799488840144351 1
active_stem 1.481054023413591 -7.9608969053542005 -1.3022361808817349 1
active_stem -4.3954701324473415 -1.5776979611337656 -7.044539641435484 1
active_stem -2.5006644473423343 -5.511102841107995 6.044020630588837 1
active_stem -1.0887617058230254 7.1691358095677105 5.759839323056373 1
active_stem 0.3602187615264001 1.6591533409175223 7.42926378806593 1
active_stem -4.711388751754002 -2.3551901589919844 -1.2555060684257255 1
active_stem 0.45310573547578203 -3.403139829724977 -7.630996105958747 1
active_stem 5.199770754869828 3.1120778238911617 5.049244994605708 1
active_stem 6.758606717005298 5.772417402655851 3.2575003839410575 1
active_stem -5.09379648533659 -7.158659402802834 2.1865849949511342 1
active_stem -4.365720324711172 -1.5645035430944165 4.938715006357649 1
active_stem -1.1015538611213598 -3.018293440196044 6.525551402956243 1
active_stem 7.798869117144739 6.348375957047852 1.221429475021969 1
active_stem 10.106059781088716 -2.1802270438029314 2.175103406296201 1
active_stem -0.8420269736705768 0.31268875373844907 -8.828011020322242 1
active_stem 9.025928209160433 4.670494428830384 1.3458288796450981 1
active_stem 2.160297696390031 2.2774840835209984 8.043578789520112 1
active_stem -6.668480281530657 -2.5754795359271023 -1.6037377936978605 1
active_stem -0.038565573684497645 -1.5707269268097848 10.096897517601297 1
active_stem -4.8355104839306895 -1.6736526624388648 6.879689935625627 1
active_stem -6.382385933686123 -5.116431955344964 1.452417249258239 1
active_stem -8.545654771100327 -5.6073936564380205 -0.13890185914336395 1
active_stem 4.103888587593392 -7.330581523798205 4.660161204923109 1
active_stem -7.918884446745345 -0.7425970014643795 2.418831172685717 1
active_stem 6.0577645336377435 7.9959487773566105 4.720887999950445 1
active_stem -4.568094271278052 2.3292243451371517 7.295103725039372 1
active_stem -5.813880384813142 4.470759947243456 -0.9908602618163052 1
active_stem -2.0699910049949652 -9.150408730843225 -0.9258232762274515 1
active_stem -8.82654710110238 0.5579569360145346 -1.2615189247189196 1
active_stem -6.577918904530701 2.335923602421846 5.366926022419177 1
active_stem 0.34483468323748545 4.804135043478793 7.418929130703411 1
active_stem -6.770963203602937 -7.144029411562304 3.2760333702750843 1
active_stem -7.527450828346456 -1.933245323005416 -4.875705484720986 1
active_stem -0.8949618283007821 -6.153609976881846 -0.508449428173368 1
active_stem 2.2047560054164856 10.332690677666914 2.7653667017802253 1
active_stem -2.2682833949764114 -6.926164406506771 7.438151116817609 1
active_stem 8.062211198414674 -3.1718417507860694 2.246370152650055 1
active_stem -3.3800423081250797 -9.000181660341825 0.9364582481572701 1
active_stem 3.244242917063168 -3.3589076632874373 7.728634939276735 1
active_stem 4.991911009110483 4.797027311692317 7.669695140802506 1
active_stem 8.852480594577282 8.0365186901995 1.0212371496703312 1
active_stem -7.801434117523718 3.1257432079660084 1.0141531148230836 1
active_stem 1.568720337488563 -0.17466441525098814 -10.06406525648958 1
active_stem 9.90879457864737 -1.8811714056397066 4.279078115174375 1
active_stem 11.092745008661021 -0.6015722931907239 1.444144146104433 1
active_stem -6.403468752676189 0.8792021466099468 3.9314659320496697 1
active_stem 10.563328317032392 4.279953276433375 -0.785758137580835 1
active_stem -2.108026235741255 -2.402084156422337 -9.940258151694962 1
active_stem 7.41894308696094 0.0703226825502049 4.625665985490323 1
active_stem 11.352003266417956 1.065926958095084 -3.6927012603636555 1
active_stem -7.619583267940498 5.280020536186264 4.292657653793547 1
active_stem 10.067099711945998 -0.44751040389947677 -1.621966499050723 1
active_stem -2.797819057281119 0.7107564563127815 -8.699872697196302 1
active_stem 1.0896949798753208 4.7393863811511165 -8.464988704806942 1
active_stem 0.8435045481840096 8.632702659585036 -2.88022777242646 1
active_stem 6.702192013380279 3.5301800051440257 6.301411488330672 1
active_stem -4.592725331930922 5.7384565879069545 4.049380843940323 1
active_stem -1.3079646429926917 10.288755179116361 0.7072627717740024 1
active_stem -2.0472712423992685 5.029545829583028 6.8765983027940685 1
active_stem 9.635081449903199 -2.0740654715293125 -0.09011140421074648 1
active_stem -6.984966643331448 2.4512960768877816 -7.46015897353482 1
active_stem 4.230864963502965 1.277663021279281 9.059336883391941 1
active_stem -6.160127898997237 1.028217326296388 -5.152084841495624 1
active_stem -6.17512340587788 -2.9030863475330255 3.0204526477876246 1
active_stem 7.626100883735153 -5.191274416542228 4.112983875925171 1
active_stem 9.693903688436658 0.7586588134501758 0.8674642445849385 1
active_stem 9.588798342361239 0.5523678571971009 4.12309966226924 1
active_stem -3.4671496012806093 3.7282011182951544 -6.259373117520914 1
active_stem 2.903730988047747 -1.6065029600226526 -8.624738679555382 1
active_stem 8.328710003640497 6.029196458180748 4.469457555602288 1
active_stem -3.3015632951794696 -7.8703210940326755 2.789656501142421 1
active_stem 9.811384057049652 5.156330977102255 3.1198136482888152 1
active_stem 6.185903473484162 -5.785023591526947 5.970975211814653 1
active_stem 2.4795060338105444 4.270234757496613 9.370492998263206 1
active_stem 2.5025566076718344 3.3832202463229617 5.1906434721668315 1
active_stem -1.3252729314379343 -7.904110922695483 -2.6488052137279694 1
active_stem -3.5757875498728864 -8.919939445735835 -4.1937246431081405 1
active_stem -2.3428510870150614 -4.192857989992788 7.564579465786777 1
active_stem -5.558142664827583 -6.984574494709386 0.010788793245084749 1
active_stem 6.415986990219512 -2.288379361576727 8.580267767128156 1
active_stem 8.31623832114932 -5.800661024006763 5.973644318674889 1
active_stem -0.9428006575471355 2.414590548637337 -8.892469879209528 1
active_stem -1.404535361064287 -6.112437864353155 -7.460406896112503 1
active_stem -4.470193773969648 -4.5039670497374615 3.9531172479263867 1
active_stem -6.431849921412464 -1.482185706796098 0.17859619542192362 1
active_stem 2.034828863068219 6.568712156270744 6.113423586061465 1
active_stem -8.38754193525731 -0.8143987311416613 -3.2912933691540625 1
active_stem -3.9340134906950865 -1.92190203096796 1.6559819057346938 1
active_stem -3.7630366198678056 -3.5746101164062534 -6.607255471246276 1
active_stem 0.4451821231327655 -9.60896458127928 -1.7614119008185574 1
active_stem 5.534550400081749 2.736779687566371 7.742345301913893 1
active_stem -4.749652422400116 7.053583414174498 1.53454623031404 1
active_stem 2.8671905151958668 1.8983391884194072 -8.239400845794313 1
active_stem -3.257933097316737 -3.404616931038465 5.702143037015444 1
quiesc_stem 0.0 0.0 0.0 2
quiesc_stem 1.9926094204465348 0.13044302219694964 0.11176902749801518 2
quiesc_stem 0.927159011804838 -1.66441232508287 -0.6083648403230678 2
quiesc_stem 1.0316155119534163 -2.188216750076382 1.3189954695136596 2
quiesc_stem 2.791015204784123 1.1222464577930833 1.6541289558791914 2
quiesc_stem -1.172967722147329 -0.5659400356614256 -3.7592001396606127 2
quiesc_stem 0.11950768564403513 2.547015695893495 1.4486092769566743 2
quiesc_stem 1.730277613511316 -0.22896067800163067 2.6783725981041306 2
quiesc_stem -1.2972999621285408 -0.7933093694576058 1.2991047119428298 2
quiesc_stem 1.6367628642353922 -4.086563439235752 1.145569607013931 2
quiesc_stem 3.475808916252951 -0.8337903398603483 1.0447070099680569 2
quiesc_stem 4.781495254346945 1.134188749133749 1.84867086388341 2
quiesc_stem -2.4489703786600394 0.3172445011202015 2.4992402677159333 2
quiesc_stem -0.32823423555507303 1.3423746972695294 2.9810476073423335 2
quiesc_stem 5.412812817810188 -1.2338037806752518 0.7480504197505788 2
quiesc_stem 0.4943318867346662 0.009485583409141962 4.232586721345122 2
quiesc_stem 2.2736162087791607 3.87877539269336 3.266566159667911 2
quiesc_stem -0.005064473422194071 -3.331836402782278 -1.200527249379438 2
quiesc_stem 2.819140019987922 -2.4713377240849574 2.1702290727345583 2
quiesc_stem 0.8834616960567911 0.8259804496222892 -3.059409925612507 2
quiesc_stem -2.9222445780032635 0.6608868579112932 0.5866709322786283 2
quiesc_stem -1.8506680981223242 1.7038642696261264 4.2266480341189165 2
quiesc_stem -2.3416648300341087 0.43784425684652284 -1.4629618333318675 2
quiesc_stem 0.9653928914988706 5.395863283285814 0.9626570929419165 2
quiesc_stem 0.3545030542061224 -2.904052836835159 3.0594257084078533 2
quiesc_stem -1.21575876376891 3.7043685934365427 2.385411166163169 2
quiesc_stem 0.8018186145937308 -0.26774070663574345 -4.731865736569199 2
quiesc_stem 3.911107023868013 4.688212419024209 4.081081678798345 2
quiesc_stem 4.869179699991937 -1.757768320331916 2.6000558717926583 2
quiesc_stem 6.122629786127342 1.0276741833663305 0.3688016754260133 2
quiesc_stem -2.2170413749324918 -2.3089686426755005 0.3734413276167585 2
quiesc_stem -1.5756886636042495 -4.521501841067087 -1.5437994419112204 2
quiesc_stem 5.383789696949634 0.5248365582874623 -1.524212437552338 2
quiesc_stem 0.597696946203643 -3.3153115295754922 -3.758176368773869 2
quiesc_stem 1.7676710520623014 -1.0206191469608754 5.380407096888279 2
quiesc_stem 0.6202250568111061 -5.780348325019322 0.8329298034569239 2
quiesc_stem 2.408772052618406 1.7112737040227701 3.5268107430020033 2
quiesc_stem 3.4826328064725542 -0.24182856852069087 3.642263512624737 2
quiesc_stem -2.3590427077271454 2.8511635284767367 -0.10040186734323725 2
quiesc_stem 0.3692970959424956 2.4308551087168295 4.507042507554894 2
quiesc_stem -0.6803644115398634 3.989326473876554 0.3172630665239289 2
quiesc_stem -1.0504226495613658 -1.944326681329546 -5.203164460628651 2
quiesc_stem 6.013073996389438 -1.5590583368260795 4.2285583068919665 2
quiesc_stem -0.4272997569128023 -3.536553610876805 1.0875782098378328 2
quiesc_stem 5.075289492325174 5.014649915685783 2.487934560384507 2
quiesc_stem 1.7543826389155768 -2.2302440782435777 6.973087524248193 2
quiesc_stem 3.292291096646508 -4.7143571791187915 0.215461391883351 2
quiesc_stem 1.729095178319372 7.209495509261018 0.6055899199767107 2
quiesc_stem 2.021683999928082 1.4049306467304539 -4.598652160037728 2
quiesc_stem 7.071670179290045 -0.2317606870563883 -2.284883250501275 2
quiesc_stem 1.0060011566850842 -3.2507395869944533 -5.714989629137371 2
quiesc_stem 2.476715108241158 -2.5364846679584914 4.139620109456103 2
quiesc_stem 5.6322724160629365 2.8932511277730075 0.8971692691727958 2
quiesc_stem -4.100975472321444 -0.0066349115601895825 -2.3039519241099944 2
quiesc_stem -1.9930277995875112 -2.3220431039638942 2.384892879665762 2
quiesc_stem -3.7612893975763564 1.5760874644576974 3.331786474389285 2
quiesc_stem -1.38922351762389 -0.4468599216986377 4.726517707090703 2
quiesc_stem -3.9287482923067185 -0.9279719299004041 -0.09338643698288684 2
quiesc_stem -0.25915118085825783 -4.80604381829421 2.9828829998329125 2
quiesc_stem -3.287159436025168 -3.909728739148713 0.9141949210974885 2
quiesc_stem -0.2910693988386378 -4.9276555734873355 -4.539483650182527 2
quiesc_stem -2.9647357051499568 2.915862575286064 1.8203112476904493 2
quiesc_stem -3.7347912311623936 -1.5094741548915378 -5.158048480136619 2
quiesc_stem -0.08301120220325409 -2.3622532561418534 4.934268232407964 2
quiesc_stem -1.2112217900634117 -5.657026653296247 4.522165225293735 2
quiesc_stem 4.992302531677488 -5.739910942933662 -0.025786609743731786 2
quiesc_stem 6.695025502057565 2.4388517432669206 2.6421964369304067 2
quiesc_stem -3.0606696684160974 2.232739264649363 -1.974219061493713 2
quiesc_stem 1.5533075297891799 1.5113643184664083 5.830921648257263 2
quiesc_stem 4.101095544150094 -3.6475114699698685 3.1567407825287948 2
quiesc_stem 4.268460350628995 2.580880904002048 3.360905347717945 2
quiesc_stem 0.6593420419087745 -1.305152579051302 -6.435824959440215 2
quiesc_stem 3.6190354428534883 -1.5097054888062633 6.910685105239234 2
quiesc_stem 7.095322626201552 4.153304062028259 1.4184663874154382 2
quiesc_stem 0.6641742356155218 -0.27037128489814155 6.870179872032905 2
quiesc_stem -3.229538488783763 0.29730785333529036 4.970351932592145 2
quiesc_stem -4.4954685468807 1.8949553436333313 0.6318518607467685 2
quiesc_stem -0.5022631239669241 6.74651391641337 0.8152505547585773 2
quiesc_stem 5.915176004440079 5.790308459953098 0.846915221841366 2
quiesc_stem 7.45692773763985 -0.292555956380054 -0.3232817239515504 2
quiesc_stem -1.5171542526597857 -3.7047409602472223 4.080407617413519 2
quiesc_stem -1.1270989109215552 -3.7193840215762943 -6.121473880040193 2
active_diff 1.3704930619537208 -7.1215577276843565 2.5704687201397456 3
active_diff -3.551258884030525 -4.266308534214471 -1.3649176924159052 3
active_diff -0.8389908544101992 3.88432286394741 -3.8887496149822915 3
active_diff 3.4112715122229362 -6.313652093903752 -2.033562772888665 3
active_diff 6.556912538262795 1.4880020823549251 -4.709379316912078 3
active_diff 4.474019795149551 -0.08195336932775132 5.371885367067197 3
active_diff -1.8684270663517097 -8.080697844744059 4.659563756630968 3
active_diff 2.5272366160905895 -8.486812369049307 1.6771467657502515 3
active_diff 3.9974040709390293 -3.8012021879814184 -5.8314666123476115 3
active_diff 2.888619483554826 -0.577274901558573 -5.525131885940957 3
active_diff -2.113594916630201 5.140604129941644 -0.4703980775753387 3
active_diff 6.89946591937453 4.998094200932786 -3.8475267457940268 3
active_diff 3.3907329166190743 6.477975636715652 -1.1398067715228741 3
active_diff -5.209967802326311 -5.1324754353744 -0.6589151260600669 3
active_diff -2.2577825790933375 -6.141213557577826 -2.4984102766761525 3
active_diff 0.9037998434995937 -4.762534556811118 5.894197594736696 3
active_diff 5.102563808848057 6.545879783694167 -3.397089635618531 3
active_diff 3.1136860932456716 3.717725247192644 -5.707704614395747 3
active_diff -1.451783009772804 -0.40506987800289784 7.213629380964862 3
active_diff 4.644613859831702 -7.615502636905839 -2.9190297780786203 3
active_diff 7.408364189175972 -2.9322459170516955 -3.8002554878371075 3
active_diff 7.139572873423883 -4.145116123535101 0.6890780966536496 3
active_diff 4.050376229886131 6.824192413837373 2.1371409629290885 3
active_diff 1.678914658672235 -4.925236518373335 -6.577107628976195 3
active_diff -2.5143147759880073 4.1985037120983515 -2.345100741259149 3
active_diff 0.22917988348228524 -6.665082752788009 -3.637374015601356 3
active_diff -2.998066216453876 6.61061128816549 2.543895251716502 3
active_diff 4.749794056195784 7.881030737482446 -0.7104011321738591 3
active_diff 2.4305414933915213 8.719687048826504 -0.5508984655190001 3
active_diff 8.400999737223282 -1.8038851205530493 -1.689777964713774 3
active_diff 1.1020018479714326 6.227509014084371 -3.59328744055743 3
active_diff 3.441815145224597 -8.507759432011019 -1.5934532756736752 3
active_diff 0.8393970793239043 -6.652502334623126 -6.018750186131504 3
active_diff -0.8061940755563779 3.643967734049768 -5.873983551532012 3
active_diff -1.3693079698968187 -9.32082055112995 3.1719563485221665 3
active_diff -5.598924478499667 -3.185918188940277 -4.205223163307359 3
active_diff 7.384156483417623 1.7989851163669304 -7.436918677122398 3
active_diff -4.425386129884513 1.9619978010830277 -4.063278499838736 3
active_diff -2.9602338333342795 6.885369524523002 0.01847436242665329 3
active_diff 1.2470807063180842 4.591065819654787 -6.16812647952565 3
active_diff 7.593536130377104 -5.804766958013268 -0.3304690915393973 3
active_diff -7.242774759447412 0.6965724401534342 -0.04807304136809676 3
active_diff 3.5381955368997957 -5.968951209500066 -5.274324316781257 3
active_diff 5.990370257900277 -6.258961400354674 2.6338366158836153 3
active_diff 5.920044816385747 -5.190906475818496 -4.090186792682544 3
active_diff 0.7099405404634029 -9.162900774240157 4.5088617653795735 3
active_diff 8.412043646669341 3.3785941219388134 3.0529676053466286 3
active_diff 2.797724040345392 -5.424592241575564 5.68343987385499 3
active_diff -3.884069660860436 -4.7670291708526 -4.801292431735254 3
active_diff 8.39940948681694 3.365182695216241 -3.296695980644086 3
active_diff 8.49070894561718 6.190359055204548 -4.063049711397383 3
active_diff -1.3409482098526722 6.771927649517583 -1.6035366045422679 3
active_diff -4.047887294487462 4.129966657735416 6.3685331904664135 3
active_diff -1.1158266373755081 6.422669994276263 -6.608832693833098 3
active_diff 6.459769187963852 5.830741482921035 -1.5806755499405658 3
active_diff 5.558543565282392 7.943615697387611 1.4498835143049589 3
active_diff 7.732700998565653 -0.024052953355200968 -5.2848887135358735 3
active_diff 1.4453544396006217 -4.815459445714735 7.818754056775779 3
active_diff 0.35990436102262024 8.253235194956435 2.9838312959726787 3
active_diff 3.9513979941423503 3.514397951305636 -7.512392061529835 3
active_diff -2.2881480738327666 2.641831745755937 7.3079179073929 3
active_diff 5.27656765301241 3.786679252569875 -5.021536944832047 3
active_diff 5.146418703485705 -5.328082843972802 -2.1674189578166327 3
active_diff 5.172834749855753 -3.2471162114482874 -7.351779556997724 3
active_diff 6.726801069197536 -4.035977515079694 -1.8617083211643748 3
active_diff 6.086179034424351 -1.3956106175928573 -5.651858028797205 3
active_diff 7.8814489417772515 -4.698451743900035 -4.610630582508186 3
active_diff 6.230124851777012 -0.7297420937758801 6.076487949070222 3
active_diff -4.472497997622714 4.50812398386345 -2.609020725005037 3
active_diff 2.8203306934218673 -0.3649991038905216 8.343067042980877 3
active_diff -4.693486916629703 -4.5244387084554445 -2.9862393553473963 3
active_diff 4.2996637734843555 -1.0471737127545393 -6.8623488163953565 3
active_diff 3.7909259485232845 6.739114498792229 -4.894509572791675 3
active_diff -1.9099844933846994 -1.645057891947251 8.714456194987786 3
active_diff 0.3159516247218746 -0.02661309881178911 8.824488691021937 3
active_diff -0.07418967191885824 -9.613529897402307 0.2029737159903463 3
active_diff 2.506868922162304 -10.149075552721722 0.5651817189743691 3
active_diff 2.8293956753810976 -5.537859924453973 -8.094040716661576 3
active_diff 2.2347114068331564 -8.96518171390124 5.787916485963773 3
active_diff -1.9046323258581772 3.572237905749544 -7.54380038041054 3
active_diff 3.232372056864732 7.8216014564686756 -2.6127600954917227 3
active_diff 5.214500419472509 -5.3009981266460455 -6.35039687813634 3
active_diff -1.6368845205117895 -10.819394910905276 1.8747756834700822 3
active_diff -1.1767695011640251 -7.661155973616343 -4.652826853778162 3
active_diff 5.883914393021947 1.3104809539293756 5.642669189157255 3
active_diff -1.747164733223872 5.629645270616379 -3.5294866157466798 3
active_diff 7.954263594315156 -7.764717796966419 -0.4991949213570639 3
active_diff 4.525078879716734 -9.792867802775586 -2.6774441229251593 3
active_diff 0.2968180717127495 -11.329353678115396 1.161254472191171 3
active_diff 9.263330868694327 0.9829133765452476 -6.0868806156874475 3
active_diff 2.5199954892846694 10.584667335793384 -1.2677293464411905 3
active_diff 8.80304757905614 -2.7172649959872492 -5.217520969520285 3
active_diff -6.974229151243034 2.005841560589629 -1.6953196055227147 3
active_diff -0.9970864024518307 3.443750016445602 6.007884504812351 3
active_diff 2.193073556262614 -7.415572178052776 -3.17451231964483 3
active_diff 8.70917598805007 -3.7877922228563694 -1.954410758178875 3
active_diff 0.49302014007597095 -8.912622622356874 2.4217145119873464 3
active_diff 3.339700379224585 8.638454172210587 2.5881333213909854 3
active_diff -2.9541097005313586 -5.856269175169186 -0.30877470358288117 3
active_diff -4.570384852458857 7.313122853566762 -1.0880701622555056 3
active_diff 5.933961077203533 9.906797017956201 1.5204582570498473 3
active_diff -2.175211872967596 8.386098853006503 2.95687786212606 3
active_diff 6.599539451618329 -8.143067052590188 2.3526626756987468 3
active_diff 1.3209602823139845 8.226783052441338 4.737590629606336 3
active_diff 9.838856057603543 -5.023434318566475 -4.861516431203898 3
active_diff -0.22674349156348161 7.455933306098623 -4.44499723940533 3
active_diff -2.3705868609259797 8.467240024308825 -1.3470990875998061 3
active_diff 0.33937954245355667 -2.029883021232984 -9.080558830007298 3
active_diff 6.576457561968043 7.741331703226521 -2.765795795477278 3
active_diff -5.192896829658345 -6.218379172751857 -5.226209616847219 3
active_diff 7.312833513313496 5.400216971723795 -5.762578836336859 3
active_diff 8.217866646675894 3.9685699868515143 4.95407879922616 3
active_diff 3.6173640730264935 0.902281544135699 -6.656433811741627 3
active_diff 3.13983288370097 5.438797822118574 -6.72614731636121 3
active_diff 8.101973377518036 2.5170625159220608 -5.453571245829955 3
active_diff 1.6671180075066878 6.435641709859273 -5.519197784762873 3
active_diff 10.278008312498985 -2.41283888015037 -2.0153760713018842 3
active_diff 2.572077215164489 -1.6430318290379138 9.861290532453175 3
active_diff 10.212656045319159 6.828617338972201 -4.855214182343861 3
active_diff 2.3637334013928646 -7.907211544262196 -5.699213683571666 3
active_diff 2.884702877258326 -6.190511096430892 7.528921650981596 3
active_diff 0.019292572785266193 -6.275679729999441 6.85754518149361 3
active_diff 3.1505055888365647 -9.070585861491567 3.48566668467123 3
active_diff 1.7029287284086974 0.6194596460936163 10.112465601583189 3
active_diff 8.531165682526119 -5.383032367458389 1.4177980886161348 3
active_diff 0.06830158105741901 -5.100017614911269 9.240988943537284 3
active_diff -3.223878996735366 6.047987580927299 -2.0695503183295108 3
active_diff -6.638103807715478 -4.7628407930693415 -3.3882711861215826 3
active_diff -3.1605811991040644 -0.18946277658566024 9.277706352359578 3
active_diff -2.6545866594368763 -0.14544490392473602 -6.886677582324274 3
active_diff 1.5976724597333807 -11.17191258247572 -0.8932990670734797 3
active_diff -2.9465814044530108 7.357095187801445 5.0434754214558115 3
active_diff 7.148903999245971 -3.016000651925392 -7.556073266545525 3
active_diff 9.85785199603402 4.730371912342921 -3.3926326720068443 3
active_diff 6.663809595206214 3.6103957218362455 -6.451391451630011 3
active_diff 2.851227372006816 8.074695596978325 -6.049147921133242 3
active_diff 9.130609608191701 2.4478217947828016 -8.164182348502397 3
active_diff -2.254044957334472 -9.230343492450103 6.250039700134847 3
active_diff -2.493388722900066 7.8097732680464365 -7.0310497096215405 3
active_diff 4.347426893417691 -7.779043401089907 -5.012196734154602 3
active_diff 5.390675774206374 -9.584588779484788 0.9860897197125138 3
active_diff 6.736755377872556 7.525380062837977 -0.5552591788712575 3
active_diff -6.174706730820431 2.7038251930369634 -3.4391234264090467 3
active_diff -2.5599545104697334 4.898972322169584 1.464124391268126 3
active_diff -4.9485583052954825 4.598390299016169 -4.549437838877015 3
active_diff 5.030694737570915 2.9630756648532595 -9.103354749994093 3
active_diff 7.113055751508889 0.3690832214085009 7.4952958828683816 3
active_diff -4.7008825610371145 5.674213842075718 7.458899099471641 3
active_diff 6.661618143063418 -6.530348589140214 -2.6760718220574944 3
active_diff -5.6581511376463185 -1.7844259053780949 -8.581712447654164 3
active_diff 5.828739666837823 -3.3157067866046503 -5.154911679818883 3
active_diff 6.5613685546572675 -6.924229852575286 -4.854578010788742 3
active_diff 6.279866421659008 -8.694270884431345 -2.5162790770637327 3
active_diff 5.599739396305221 -0.21352632196114107 -8.133110557545244 3
active_diff -5.9379443883721095 -3.8492556641772024 -6.061307454134794 3
active_diff -1.5719850965879478 1.016862840200527 8.614935487148626 3
active_diff 4.740121192870443 9.864229726651699 -0.4518896139137534 3
quiesc_diff 1.8343022500566162 2.1218164365334107 0.014966318460085865 4
quiesc_diff 1.8039623623084582 3.6197589932839103 1.339823891139959 4
quiesc_diff -0.47935176220588166 -0.11519948354437967 -1.938285574176629 4
quiesc_diff 2.2062793004943915 -1.872218986753668 -2.1317386219104995 4
quiesc_diff 3.221255845429272 1.807601716523746 -1.3913155999375415 4
quiesc_diff 2.713519160646007 -3.7442607362406584 -2.6197626094880127 4
quiesc_diff 3.67950474523715 -0.2957207172787005 -0.8745213102604441 4
quiesc_diff 3.4766897627752043 3.2575017157359403 0.1280247311002865 4
quiesc_diff 3.49093406607589 2.6397874140889206 -3.189854068271438 4
quiesc_diff 2.400677362863323 -5.412807825359293 2.4330129910358576 4
quiesc_diff -0.7454888131594863 -2.2351170274192524 -2.7437642960166846 4
quiesc_diff -0.7592260670508759 1.7543966363301673 -0.5879355590061326 4
quiesc_diff 1.0532890131172417 3.8026454653441064 -0.736586806497008 4
quiesc_diff 1.9810287451774937 -5.098172882502169 -1.3428993860171845 4
quiesc_diff 3.9041062568379816 -2.783636457280596 0.5193754250298868 4
quiesc_diff 4.43506442013911 4.894792767066052 -0.5050598046111416 4
quiesc_diff -0.8517739754856877 3.130518442750489 -2.036287608246514 4
quiesc_diff 3.9575564941894132 -1.2729772464723794 -2.8893252688020223 4
quiesc_diff 5.065629175419912 1.4212629481870924 -3.3783572210479442 4
quiesc_diff 4.977890604734158 2.7341033604285756 -1.6275972671136307 4
quiesc_diff -2.5924716257760383 -2.661874581749737 -2.1061653000004465 4
quiesc_diff -0.15415198544428632 -7.500923562530127 3.8080223726318305 4
quiesc_diff -1.1459778780468421 1.3760132210837253 -3.0923628208263176 4
quiesc_diff 4.878468885277562 -1.875349864264461 -1.1338603718963525 4
quiesc_diff 4.9706366305278165 4.800383508660681 -2.4297024466064556 4
quiesc_diff 2.3801036521943413 -1.9105732447141133 -4.123801383384745 4
quiesc_diff 1.860683531064999 -4.543996029610955 4.151609140568468 4
quiesc_diff -2.2707034161299284 5.001514190491455 3.4829106333593707 4
quiesc_diff 0.43394859111521417 0.7345839507534192 -6.423024193667651 4
quiesc_diff 4.1360622659975785 2.143747397085323 -5.016806149525041 4
quiesc_diff 1.2776550198174175 3.730956573469927 -2.722668526321061 4
quiesc_diff 5.346686980858843 -3.769947944814593 1.4920781053191523 4
quiesc_diff 4.200220401862121 -4.191791040550555 -3.8804909886763115 4
quiesc_diff -0.04862958057086131 -7.642205876751933 0.539467827881068 4
quiesc_diff 2.9789110017639544 5.2100302599907105 1.6407109013754075 4
quiesc_diff 2.961160141959552 4.049522731285219 -1.6346243891133652 4
quiesc_diff 6.452339250389656 3.3286167907139537 -2.8410860278918184 4
quiesc_diff 5.6234852886046935 -2.3586725960966066 -3.103677455033881 4
quiesc_diff -1.4190019383965415 1.2770903089295653 6.132304958389119 4
quiesc_diff 2.2123375841218396 -6.756449175008932 0.11710522227114883 4
quiesc_diff -3.0044530272745984 3.1618723701637723 4.9635284287744454 4
quiesc_diff 1.46400497372026 6.58987485675318 2.864691788112971 4
quiesc_diff 2.493245956709065 -5.442979780806913 -3.6521546490036547 4
quiesc_diff 5.158234427656893 -3.825569225682435 -0.6388726646680376 4
quiesc_diff 6.762633198180384 -2.3901482387993687 -0.7038516794729863 4
quiesc_diff -2.526696565782239 -3.6562343919094724 -3.8402132259303805 4
quiesc_diff 0.1555234729621089 -5.373474027935527 -2.1121456277609547 4
quiesc_diff 0.08124667755820936 5.540372658973094 -0.9248363706486025 4
quiesc_diff -4.93467627923202 -1.5648047439604573 -3.2404612609317773 4
quiesc_diff 5.735006129501239 1.1601866545026753 -6.502980972937944 4
quiesc_diff 6.770220997559976 3.162911966678038 -0.8506320541476685 4
quiesc_diff -0.3306408968427339 5.4171814731961705 -5.068548243856352 4
quiesc_diff 3.173693006138882 0.6692241241151267 -3.062423969402684 4
quiesc_diff 5.57982324217051 -0.4139970739650467 -3.9845132346357106 4
quiesc_diff 4.27172350031561 -1.8257503941566604 -4.785569171748295 4
quiesc_diff 1.0548772681454412 3.290632524733 -4.660833845756919 4
quiesc_diff 0.36791166876117165 4.477296945250364 3.3668764646199847 4
quiesc_diff -2.4984374658650386 2.497383309706391 -4.048073126128625 4
quiesc_diff 4.03048891459446 -6.571036813312946 2.3858969926107068 4
quiesc_diff 2.8711643218707326 5.504729105879693 -3.0036660830387722 4
quiesc_diff -0.600111189254357 1.6901036840946086 -4.990619057247612 4
quiesc_diff 1.7655983240747402 -7.42819979792886 4.506924883496005 4
quiesc_diff 7.6021399784385535 1.768066718442881 -2.017815648416262 4
quiesc_diff -0.4825444559205655 6.282736592867727 3.497689532784494 4
