16
 Lattice="1.0 0.0 0.0 0.0 1.0 0.0 0.0 0.0 1.0"Properties=species:S:1:pos:R:3:Color:r:1
active_stem 0.0 0.0 0.0 1
active_stem 1.9926094204465348 0.13044302219694964 0.11176902749801518 1
active_stem 0.927159011804838 -1.66441232508287 -0.6083648403230678 1
active_stem 1.8039623623084582 3.6197589932839103 1.339823891139959 1
active_stem -0.47935176220588166 -0.11519948354437967 -1.938285574176629 1
active_stem 1.0316155119534163 -2.188216750076382 1.3189954695136596 1
active_stem 2.791015204784123 1.1222464577930833 1.6541289558791914 1
active_stem -1.172967722147329 -0.5659400356614256 -3.7592001396606127 1
active_stem 0.11950768564403513 2.547015695893495 1.4486092769566743 1
active_stem 1.730277613511316 -0.22896067800163067 2.6783725981041306 1
active_stem -1.2972999621285408 -0.7933093694576058 1.2991047119428298 1
active_stem 1.6367628642353922 -4.086563439235752 1.145569607013931 1
active_stem 3.475808916252951 -0.8337903398603483 1.0447070099680569 1
active_diff 1.8343022500566162 2.1218164365334107 0.014966318460085865 3
active_diff 2.2062793004943915 -1.872218986753668 -2.1317386219104995 3
active_diff 3.221255845429272 1.807601716523746 -1.3913155999375415 3
