111
 Lattice="1.0 0.0 0.0 0.0 1.0 0.0 0.0 0.0 1.0"Properties=species:S:1:pos:R:3:Color:r:1
active_stem 1.0316155119534163 -2.188216750076382 1.3189954695136596 1
active_stem -1.172967722147329 -0.5659400356614256 -3.7592001396606127 1
active_stem 0.11950768564403513 2.547015695893495 1.4486092769566743 1
active_stem -1.2972999621285408 -0.7933093694576058 1.2991047119428298 1
active_stem 1.6367628642353922 -4.086563439235752 1.145569607013931 1
active_stem 4.781495254346945 1.134188749133749 1.84867086388341 1
active_stem -2.4489703786600394 0.3172445011202015 2.4992402677159333 1
active_stem -0.32823423555507303 1.3423746972695294 2.9810476073423335 1
active_stem 5.412812817810188 -1.2338037806752518 0.7480504197505788 1
active_stem 0.4943318867346662 0.009485583409141962 4.232586721345122 1
active_stem 2.2736162087791607 3.87877539269336 3.266566159667911 1
active_stem 2.819140019987922 -2.4713377240849574 2.1702290727345583 1
active_stem 0.8834616960567911 0.8259804496222892 -3.059409925612507 1
active_stem -2.9222445780032635 0.6608868579112932 0.5866709322786283 1
active_stem -1.8506680981223242 1.7038642696261264 4.2266480341189165 1
active_stem -2.3416648300341087 0.43784425684652284 -1.4629618333318675 1
active_stem 0.9653928914988706 5.395863283285814 0.9626570929419165 1
active_stem -2.645328909663933 0.14907928692909322 -4.9085042342399765 1
active_stem 0.3545030542061224 -2.904052836835159 3.0594257084078533 1
active_stem -1.21575876376891 3.7043685934365427 2.385411166163169 1
active_stem 0.8018186145937308 -0.26774070663574345 -4.731865736569199 1
active_stem 3.911107023868013 4.688212419024209 4.081081678798345 1
active_stem 4.869179699991937 -1.757768320331916 2.6000558717926583 1
active_stem 6.122629786127342 1.0276741833663305 0.3688016754260133 1
active_stem -2.2170413749324918 -2.3089686426755005 0.3734413276167585 1
active_stem -1.5756886636042495 -4.521501841067087 -1.5437994419112204 1
active_stem 5.383789696949634 0.5248365582874623 -1.524212437552338 1
active_stem 0.597696946203643 -3.3153115295754922 -3.758176368773869 1
active_stem 1.7676710520623014 -1.0206191469608754 5.380407096888279 1
active_stem 0.6202250568111061 -5.780348325019322 0.8329298034569239 1
active_stem 2.408772052618406 1.7112737040227701 3.5268107430020033 1
active_stem 3.4826328064725542 -0.24182856852069087 3.642263512624737 1
active_stem -2.3590427077271454 2.8511635284767367 -0.10040186734323725 1
active_stem 0.3692970959424956 2.4308551087168295 4.507042507554894 1
active_stem -0.6803644115398634 3.989326473876554 0.3172630665239289 1
active_stem -1.0504226495613658 -1.944326681329546 -5.203164460628651 1
active_stem 6.013073996389438 -1.5590583368260795 4.2285583068919665 1
active_stem -0.4272997569128023 -3.536553610876805 1.0875782098378328 1
active_stem -3.551258884030525 -4.266308534214471 -1.3649176924159052 1
active_stem 2.0114398760793124 5.480031381390038 4.435857752571531 1
active_stem 5.075289492325174 5.014649915685783 2.487934560384507 1
active_stem 1.7543826389155768 -2.2302440782435777 6.973087524248193 1
active_stem 3.292291096646508 -4.7143571791187915 0.215461391883351 1
active_stem 1.729095178319372 7.209495509261018 0.6055899199767107 1
active_stem 2.021683999928082 1.4049306467304539 -4.598652160037728 1
active_stem 6.839727110620766 -1.5955561826918336 2.101952484380116 1
active_stem -2.2707034161299284 5.001514190491455 3.4829106333593707 1
active_stem 7.071670179290045 -0.2317606870563883 -2.284883250501275 1
active_stem 3.6654370041507156 1.759676476727851 5.0819475122878295 1
active_stem 0.43394859111521417 0.7345839507534192 -6.423024193667651 1
active_stem 1.0060011566850842 -3.2507395869944533 -5.714989629137371 1
active_stem 2.476715108241158 -2.5364846679584914 4.139620109456103 1
active_stem 5.6322724160629365 2.8932511277730075 0.8971692691727958 1
active_stem -0.04862958057086131 -7.642205876751933 0.539467827881068 1
active_stem -4.100975472321444 -0.0066349115601895825 -2.3039519241099944 1
active_stem 6.243525701817169 0.5396333086068372 3.0770725892199815 1
active_stem -1.9930277995875112 -2.3220431039638942 2.384892879665762 1
active_stem -4.423540452164358 0.2885168203536923 -5.8132256744583035 1
active_stem 4.474019795149551 -0.08195336932775132 5.371885367067197 1
active_stem -3.7612893975763564 1.5760874644576974 3.331786474389285 1
active_stem -1.38922351762389 -0.4468599216986377 4.726517707090703 1
active_stem -3.9287482923067185 -0.9279719299004041 -0.09338643698288684 1
active_stem -0.25915118085825783 -4.80604381829421 2.9828829998329125 1
active_stem -3.287159436025168 -3.909728739148713 0.9141949210974885 1
quiesc_stem 0.0 0.0 0.0 2
quiesc_stem 1.9926094204465348 0.13044302219694964 0.11176902749801518 2
quiesc_stem 0.927159011804838 -1.66441232508287 -0.6083648403230678 2
quiesc_stem 2.791015204784123 1.1222464577930833 1.6541289558791914 2
quiesc_stem 1.730277613511316 -0.22896067800163067 2.6783725981041306 2
quiesc_stem 3.475808916252951 -0.8337903398603483 1.0447070099680569 2
quiesc_stem -0.005064473422194071 -3.331836402782278 -1.200527249379438 2
active_diff 1.8039623623084582 3.6197589932839103 1.339823891139959 3
active_diff -0.47935176220588166 -0.11519948354437967 -1.938285574176629 3
active_diff 2.2062793004943915 -1.872218986753668 -2.1317386219104995 3
active_diff 2.713519160646007 -3.7442607362406584 -2.6197626094880127 3
active_diff 3.67950474523715 -0.2957207172787005 -0.8745213102604441 3
active_diff 3.4766897627752043 3.2575017157359403 0.1280247311002865 3
active_diff 3.49093406607589 2.6397874140889206 -3.189854068271438 3
active_diff 2.400677362863323 -5.412807825359293 2.4330129910358576 3
active_diff -0.7454888131594863 -2.2351170274192524 -2.7437642960166846 3
active_diff -0.7592260670508759 1.7543966363301673 -0.5879355590061326 3
active_diff 1.0532890131172417 3.8026454653441064 -0.736586806497008 3
active_diff 1.9810287451774937 -5.098172882502169 -1.3428993860171845 3
active_diff 3.9041062568379816 -2.783636457280596 0.5193754250298868 3
active_diff 4.43506442013911 4.894792767066052 -0.5050598046111416 3
active_diff -0.8517739754856877 3.130518442750489 -2.036287608246514 3
active_diff 1.3704930619537208 -7.1215577276843565 2.5704687201397456 3
active_diff 3.9575564941894132 -1.2729772464723794 -2.8893252688020223 3
active_diff 5.065629175419912 1.4212629481870924 -3.3783572210479442 3
active_diff 4.977890604734158 2.7341033604285756 -1.6275972671136307 3
active_diff -2.5924716257760383 -2.661874581749737 -2.1061653000004465 3
active_diff -0.15415198544428632 -7.500923562530127 3.8080223726318305 3
active_diff -1.1459778780468421 1.3760132210837253 -3.0923628208263176 3
active_diff 4.878468885277562 -1.875349864264461 -1.1338603718963525 3
active_diff 4.9706366305278165 4.800383508660681 -2.4297024466064556 3
active_diff 2.3801036521943413 -1.9105732447141133 -4.123801383384745 3
active_diff 1.860683531064999 -4.543996029610955 4.151609140568468 3
active_diff 4.1360622659975785 2.143747397085323 -5.016806149525041 3
active_diff -0.8389908544101992 3.88432286394741 -3.8887496149822915 3
active_diff 1.2776550198174175 3.730956573469927 -2.722668526321061 3
active_diff 3.4112715122229362 -6.313652093903752 -2.033562772888665 3
active_diff 5.346686980858843 -3.769947944814593 1.4920781053191523 3
active_diff 4.200220401862121 -4.191791040550555 -3.8804909886763115 3
active_diff 2.9789110017639544 5.2100302599907105 1.6407109013754075 3
active_diff 6.556912538262795 1.4880020823549251 -4.709379316912078 3
active_diff 2.961160141959552 4.049522731285219 -1.6346243891133652 3
active_diff 6.452339250389656 3.3286167907139537 -2.8410860278918184 3
active_diff 5.6234852886046935 -2.3586725960966066 -3.103677455033881 3
active_diff -1.4190019383965415 1.2770903089295653 6.132304958389119 3
quiesc_diff 1.8343022500566162 2.1218164365334107 0.014966318460085865 4
quiesc_diff 3.221255845429272 1.807601716523746 -1.3913155999375415 4
