16
 Lattice="1.0 0.0 0.0 0.0 1.0 0.0 0.0 0.0 1.0"Properties=species:S:1:pos:R:3:Color:r:1
active_stem 1.9926094204465348 0.13044302219694964 0.11176902749801518 1
active_stem 0.9583674090202522 0.3062142254339531 -1.728515188671969 1
active_stem 3.786005312254404 -0.5571274416088692 -0.4458850162858604 1
active_stem 2.387344215857261 -2.8949055918607414 -1.2031299118266876 1
active_diff 0.0 0.0 0.0 3
active_diff 0.927159011804838 -1.66441232508287 -0.6083648403230678 3
active_diff 1.8343022500566162 2.1218164365334107 0.014966318460085865 3
active_diff 3.4391498299885894 1.4509340547439384 -0.9721411098327892 3
active_diff -0.9954295773417675 -2.1946093700644953 -0.45821754472298454 3
active_diff -1.2206513923546958 0.15643447355855053 1.5765590486324963 3
active_diff 2.5684294279639923 -0.13039866537108918 2.0092391677029284 3
active_diff 2.9571579342136594 -0.48140220324846505 3.939442956121775 3
active_diff 3.908803676459292 1.7099504541533883 0.9546011586951626 3
active_diff -2.596925682899233 1.4818783793277055 2.167378420222104 3
active_diff 1.1855273378305067 3.6097053792246077 1.1834172620102532 3
active_diff -1.8804351818157468 -3.3558215571366556 -1.8250940338926303 3
