31
 Lattice="1.0 0.0 0.0 0.0 1.0 0.0 0.0 0.0 1.0"Properties=species:S:1:pos:R:3:Color:r:1
active_stem 3.1741863802371957 1.7694352574691057 0.6172605299546289 1
active_stem -0.41661763261640383 2.7039620117321252 -2.3473663495140937 1
active_stem -0.6401711981851255 0.765036321617298 -2.7839336084035473 1
active_stem 1.6250504800269308 0.3839830769662502 -2.81198080155555 1
active_diff 0.0 0.0 0.0 3
active_diff 1.7804750435723302 -0.7055665566210295 0.5762676924781164 3
active_diff 3.2108274673129533 0.13769638975803056 -0.53863120301126 3
active_diff 0.6398965396298383 1.3292026513851147 -1.3504638944157448 3
active_diff 2.8383583613169794 -1.8392774895214314 1.8394313424695468 3
active_diff 0.8885302475175852 1.7779216844533257 2.634276719998329 3
active_diff 4.845172951338224 2.8094023044081795 0.26191222127587493 3
active_diff 4.7640303061739795 -2.296305011382134 2.127378221342237 3
active_diff 2.6502715640325807 1.6918371739917495 -1.6657618529711153 3
active_diff 2.7616492031452946 1.0783316737686266 2.6789890786739945 3
active_diff 0.9544562113706614 3.3561808831180384 -0.051687565770732524 3
active_diff -1.7695048544157794 -0.10808387991902481 -0.9258349988527337 3
active_diff 1.621857242322688 -2.6666250302312315 0.21697664582046178 3
active_diff -2.717814147551672 1.0948793516114894 -2.2117544940536447 3
active_diff 2.2854677332159006 -3.7613302982887316 1.844426707093637 3
active_diff -1.0242330071744399 2.208829178142158 3.02880867482934 3
active_diff 2.5714177904931095 -2.1442908735972668 -1.4639462537117487 3
active_diff 0.25244338976860425 -0.9041048705736611 1.8512978108936369 3
active_diff 4.601942889664942 -2.747516913538073 0.18569454762958904 3
active_diff 2.285262082308333 -0.08574794336890879 4.233972665746732 3
active_diff -1.0247165069856334 1.670992245628948 0.39716620621483884 3
active_diff 2.1921867715730183 3.122282265240808 -2.986362157317117 3
active_diff -0.7428219735417225 3.6375097959245837 0.968165759879388 3
active_diff 6.20484380246338 2.831304305649182 1.7284781007856342 3
active_diff 3.435631471821228 3.284391008121246 1.896539833958499 3
active_diff 4.406365135205089 -0.7578141618273998 0.7913126065725099 3
quiesc_diff 1.1405997372821433 1.5001486593714393 0.6697658091437483 4
