301
 Lattice="1.0 0.0 0.0 0.0 1.0 0.0 0.0 0.0 1.0"Properties=species:S:1:pos:R:3:Color:r:1
active_stem -2.2235763527103796 3.9460015992746795 3.7156495063792 1
active_stem -1.7908105770220746 -0.14562238032563424 -5.517818062901624 1
active_stem 0.6211666802789149 -3.0540104269641914 -4.201490093601774 1
active_stem 6.2074709121032345 4.630321954373317 -2.047730403404235 1
active_stem -1.347495314755911 4.7537149120901745 -2.0293242388423844 1
active_stem -2.2979883234962775 -4.28027037109022 -3.020041354987393 1
active_stem -0.5426220865228475 4.596010964523021 -4.0227455256395634 1
active_stem -5.153107359019957 -0.5473468682490614 -5.0905677894752746 1
active_stem 6.241779692948974 3.33559531955832 -5.417458999122834 1
active_stem 5.575471684777169 -2.4620711531438904 -3.350639007808795 1
active_stem -3.0141517788701897 -0.573269680836304 -7.041154562243364 1
active_stem -2.5474786607211297 3.2316040867285816 -3.3641522636092986 1
active_stem 4.834344329942938 4.592780424961958 -6.106031383325174 1
active_stem 7.4290733044544925 5.988571693697111 -1.23357732158944 1
active_stem -0.03666285909699485 -4.512584531228248 -5.401415874429397 1
active_stem 0.8024477599251163 -2.088588695069263 -6.061897153786057 1
active_stem -1.3922855660272677 -2.1916757541829153 -5.416401331658745 1
active_stem 7.118732684515431 2.854985004180586 -2.3647129909917504 1
active_stem -4.757491284725115 -2.3703417532864486 -3.828750020583329 1
active_stem -4.021635220382521 2.383091674958597 -4.52019994878612 1
active_stem -6.598244465927841 -3.0357230776708484 -4.239718899030965 1
active_stem -2.943333923858388 3.764032204574162 5.572753751748168 1
active_stem 7.240995341676926 -2.450008039791379 -4.457836112936651 1
active_stem 2.292906198503746 -3.2635114094706665 -5.279171086073215 1
active_stem -5.270199947862536 6.329858603721129 4.180262572630173 1
active_stem 6.751432100980032 5.2039156848829755 -4.917825698089677 1
active_stem -2.826233587553884 -4.2072865656711835 -5.701215273990502 1
active_stem -1.9478076804527595 -6.010735845128683 -3.9596491244308263 1
active_stem -4.044528247343326 -2.219893014779003 -7.517553480516967 1
active_stem 9.235613057169221 6.784168888887041 -0.9119576317890099 1
active_stem -1.0063788924070372 4.979860436534477 -5.92999202460938 1
active_stem 2.097712285687706 -2.1454323464829352 -7.584742716407222 1
active_stem -6.027574569633124 -2.0997285513350317 -5.999093082233598 1
active_stem -0.022168568072904016 -0.18564212411063605 -6.4507188423458395 1
active_stem 8.79921352048902 2.0458589803161806 -3.086723543152092 1
active_stem 7.805407334044699 5.005191400869695 -3.1905655137838593 1
active_stem -1.9748434363178597 -3.0464518680186727 -7.128120970787283 1
quiesc_stem -1.8437071534906544 0.338374655731216 -0.6973137920091425 2
quiesc_stem 3.8507240069427917 1.4668990411431453 -1.8890950974270049 2
quiesc_stem 0.04744447796014328 4.506646887429525 0.8287550870112882 2
quiesc_stem -2.6206744486765703 -0.49129443711420234 -2.3429051807167225 2
quiesc_stem -2.682546684639233 -1.316542726088042 -4.163656972686932 2
quiesc_stem -1.7220603764556361 4.398563007510501 -0.09707991184144549 2
quiesc_stem 5.21866566948449 2.918652379729398 -1.7436720876028224 2
quiesc_stem 5.5760969668287945 2.592169173771466 -3.6842007743029694 2
quiesc_stem -2.2420537728876972 1.7402546455772956 -2.0670044376967383 2
quiesc_stem -2.5540681752158148 -2.483515107792756 -2.1797475769810557 2
quiesc_stem 0.16513259244545322 -1.0171852117361446 -4.4979521569265035 2
quiesc_stem 0.37260029087474195 4.852470782114216 2.7716085377874804 2
quiesc_stem -0.8075572691301696 2.6388891904285963 -4.338155909714525 2
quiesc_stem 4.097381662545819 3.669410856737851 -4.492254859967448 2
active_diff -0.7111661392275146 3.1660501854503007 2.664796929551191 3
active_diff 4.408138255922484 -5.51665388605055 0.6718412277395349 3
active_diff 4.289599970690467 -1.4519532746670925 3.9503856474882766 3
active_diff -0.6157692301293175 6.367068606128996 1.1433637423174279 3
active_diff -2.73725912205862 5.953216177010224 0.6461730931915607 3
active_diff 3.1405347976357594 5.774372057241965 -1.3319856381765232 3
active_diff -2.270496697930135 1.4150013000616166 -6.672960891136613 3
active_diff 3.2560913411975223 5.657621459876969 1.977058041881483 3
active_diff 4.96094500209709 -1.2840506927483448 -5.087485255331011 3
active_diff 4.931319295410718 -3.7330596567358065 3.6478288760630244 3
active_diff -4.0954450831807625 2.2540982089805324 -1.5184559500685069 3
active_diff -1.246248025528278 0.6087489779803817 5.237667296132345 3
active_diff 7.88941731293783 1.2188381456962247 -1.2527040181948497 3
active_diff -3.6781191286271255 -2.4076992748467436 -5.512068221109673 3
active_diff 1.1940159275020146 4.049176686741902 4.602037874870344 3
active_diff -3.962004043297869 5.213259645882321 2.043479147690655 3
active_diff 6.234755435063688 -1.719330914756876 4.331015936612797 3
active_diff -1.0854369908256694 -4.74138958813749 0.3423666849971399 3
active_diff -3.3688104643329053 -4.429338193357362 1.3472364376124208 3
active_diff 3.716762304930805 7.641786195452873 -0.9068664828252879 3
active_diff -5.775593349205606 -1.8678955117504485 0.5651705482131864 3
active_diff 7.110063683227844 -4.096592612266174 0.8007872882964163 3
active_diff -4.270646385156033 3.0959814948817854 2.1250700247305523 3
active_diff 2.6393219195738 -0.5885772731351252 5.386693085055555 3
active_diff 4.353030035961294 2.65655442771367 2.8274134576956627 3
active_diff 7.533847244278733 0.658356108770774 2.7579053267041465 3
active_diff 3.503386450352979 -3.7805092645455343 -3.474396330384436 3
active_diff 0.5373301106648254 -5.09257610929345 2.161830242572454 3
active_diff -4.410995558087306 -0.4855687524449403 -3.2343744969208084 3
active_diff -1.0380118878119802 5.343763502394586 4.516085988404343 3
active_diff 2.5929183187348 -5.67147085871337 3.0274629024136646 3
active_diff -1.4089763665812458 -2.5092669475004343 2.1493836555537547 3
active_diff -3.7284925052490365 -0.2236674984654664 2.1876604830758035 3
active_diff 2.7789518518068337 4.9809565663545445 -3.148312929031974 3
active_diff 3.944192100017098 -5.632619042298211 -1.270143851234315 3
active_diff 4.785831055481466 0.9463063244273102 -4.819068599114963 3
active_diff 6.77495926300653 2.1222512581180113 0.3439220167155902 3
active_diff 0.5626550336586756 1.8099332678361548 5.58176137628031 3
active_diff -5.557922650147571 1.3692354480452713 -2.5568090982935563 3
active_diff 3.5759401686021692 4.410939414646186 4.661794843601209 3
active_diff 6.343567802916548 -5.066785315301997 3.027857006113832 3
active_diff 7.030130447179558 -1.9312058415164661 2.5082467231597336 3
active_diff -5.023945109167798 -2.3926337089166902 2.3427179449603974 3
active_diff -0.7321616179403388 7.795195145229726 2.538679979009247 3
active_diff 6.030726062962367 -4.522710329101953 -1.9126626982601462 3
active_diff 1.7477526934194654 3.858835973960353 -5.963871370375361 3
active_diff -3.628766019880415 7.39766443398368 1.7038992789610652 3
active_diff -4.0050374144056535 4.785144814976576 4.065270943372168 3
active_diff 1.8196303614291136 -6.133105705261175 1.0335553528380919 3
active_diff 0.8391992255948795 5.953886010811573 5.098210726656696 3
active_diff 0.9970612637720202 -6.914971597697564 -1.981444829556402 3
active_diff -3.393198265927385 1.0108992130081533 4.012962066607772 3
active_diff 5.479075524793518 -6.857410872781976 1.6991990372070633 3
active_diff 6.007356721283849 1.3816518883309354 3.9835908073989956 3
active_diff -4.87781272074939 -0.7435638728711647 3.73968200422879 3
active_diff 8.81774207511668 -0.47398048666072 -1.7747942535668082 3
active_diff 4.240400786398464 2.3257085373664483 4.796640628182416 3
active_diff 1.1879086606646432 -3.1777571898280677 5.472639656883792 3
active_diff -3.158406312684445 5.115872597721185 -2.797076261516289 3
active_diff 1.3239463926832742 -4.806238537097927 -3.445884953709408 3
active_diff 4.750265895156916 -5.33562847926663 -3.310396701937697 3
active_diff -1.9890878966797345 2.136473615551106 6.2932459798822045 3
active_diff 5.875623877385607 5.360005341077592 1.069388238308954 3
active_diff 7.435706126700468 -2.1249115365376987 -2.4055860125310464 3
active_diff -2.937602677229879 0.8842139936280429 -3.7597795770211615 3
active_diff 8.673512420991898 -0.8099386681375623 2.0194788015230354 3
active_diff 0.3214488140464127 -1.089922845403144 5.147444193727702 3
active_diff 0.8112928387576279 0.9339324255722796 -4.627747644837618 3
active_diff 7.240046298755729 1.524521483319951 -4.469881580195518 3
active_diff -1.4304431340940504 -6.331930959659359 1.504755994387246 3
active_diff 2.9838069290587876 7.1260100001622355 -2.7977657193856986 3
active_diff -2.6305220279934596 -1.1747232065543525 4.444769632927538 3
active_diff 4.137062114411185 -2.3664727358793134 -6.553629691572718 3
active_diff -2.029773301837133 7.0126526618879605 4.03523437826216 3
active_diff -5.870875068542396 4.700669231545908 2.3491954804442954 3
active_diff 2.043678632049871 6.150256605419518 3.48946210035049 3
active_diff -3.666118212078922 3.531527088343847 0.019479007523440117 3
active_diff 2.912456551304464 -0.2079423864607619 -6.568997165051552 3
active_diff -5.333243456286786 0.30249881972956305 -0.7198153772263204 3
active_diff 1.1383973404718022 7.975346295507303 -1.2424665304347333 3
active_diff 5.292893443151397 -3.6055446732832155 5.610735920393114 3
active_diff 1.091804794646295 6.2137845895215325 -2.335431236789226 3
active_diff 7.9134518123140065 -4.938032159743295 -0.8260338456900261 3
active_diff -5.625896712443625 2.152264604807503 3.2532078628405046 3
active_diff -3.8319268677724843 -4.7850880106389635 -1.5544915621490214 3
active_diff 3.5312677373182924 -7.553613326110669 -1.643338749711839 3
active_diff 2.194672968798855 -6.593609107714999 4.7569315176196785 3
active_diff 4.30454832986575 8.542652863406943 0.7792375576954946 3
active_diff 4.47336760725003 -1.4207756209513094 5.941681057431786 3
active_diff -3.719243965870597 -6.121668169750988 2.353822555140166 3
active_diff -6.3418824449228826 -3.2130817345865355 -2.120826668068509 3
active_diff -1.199115211527432 3.061830445498126 -7.047254193687422 3
active_diff 2.064753989610745 -1.4340049702714177 7.105740409236246 3
active_diff 2.3090282451944484 5.966405815178968 -4.824040109076442 3
active_diff 6.797299164192603 2.4870179458740767 2.421018385367129 3
active_diff -0.32992346186452415 2.6902397539292364 7.263048249538291 3
active_diff 3.9309557359930434 0.4204203600524169 6.532819544266841 3
active_diff -1.4954854904956987 -6.148314228829266 -1.0186708910207578 3
active_diff -3.039415853794331 5.847500375779267 -4.654645120284899 3
active_diff -0.24972300819174648 8.09184829898168 0.1993588829399795 3
active_diff 5.168565031014984 3.199930913819113 6.337499600160351 3
active_diff -2.229257818389681 7.002514107042044 -0.9789141443134274 3
active_diff 3.4486067463404715 -2.994793303241837 4.905568898401357 3
active_diff -4.3108773232339965 -5.971179971222626 0.44926925513551663 3
active_diff 0.781825957560907 4.301576459281899 6.542757788588371 3
active_diff 6.912689923466296 5.285314806535696 2.7778715833013514 3
active_diff 2.9088141225097264 -7.639789785717543 3.188492225068068 3
active_diff 3.8780075172647694 2.9806278567104822 -6.803443741544278 3
active_diff -4.61479217029951 0.9564638556015396 5.595600725514119 3
active_diff 9.420662846411522 -2.503481959644053 2.776893721886132 3
active_diff 5.552479383854682 -6.630345841650389 -1.9166368879336941 3
active_diff -3.22786024555968 6.566157128491669 5.57316461528162 3
active_diff -1.4171110901838362 -0.6702921686961049 6.7656920204889275 3
active_diff 5.478775040350167 3.8122723549817055 4.009367034484857 3
active_diff -3.434814830373106 -3.0506815042118913 3.3633246547781557 3
active_diff -5.400277179881577 2.378613452500189 0.6386927646187968 3
active_diff -3.9490966654323763 -6.567698924536083 -2.453696526643332 3
active_diff 1.9375860330385173 1.3765101809570999 6.968018630437914 3
active_diff 3.6926206671331343 -7.383414312250657 0.728763027660749 3
active_diff 4.058139578866811 -4.317239026803491 7.013901641825063 3
active_diff -0.017332199339232912 -5.735538678603373 3.9726170484464487 3
active_diff 8.363805279704255 3.28698892269697 -0.0009758057404604115 3
active_diff 5.858766853389003 -4.316497539156578 -4.626678492630309 3
active_diff 1.4817817776397595 2.240601237084849 -7.108675200002416 3
active_diff 4.6775608285525205 5.522719854308888 -3.467337212191726 3
active_diff 1.7393334036187347 7.433882596041853 1.9862394627714697 3
active_diff -2.643192239784878 8.624919959564224 2.9377907648382546 3
active_diff 9.10021588424357 -3.9203580874269814 0.7100370318396637 3
active_diff 8.90339765528663 -6.5362407128971824 -1.5084828537536168 3
active_diff -7.576265143895016 2.369328877664663 3.6391431981582656 3
active_diff -5.0715304962933185 5.860018562115471 0.5102948944528853 3
active_diff -0.8637713472460029 6.465567094664877 -2.9434211857089094 3
active_diff 2.6653585399379587 1.521063954012667 -5.0943491279235 3
active_diff 3.7438703442717154 -5.019223353272165 4.615169526584243 3
active_diff 7.12224675260558 1.821567589425911 5.584682433131123 3
active_diff 5.043883841996885 0.3709398859815205 -6.717057592992913 3
active_diff -1.6628415450058167 4.740704470374652 1.88071925163523 3
active_diff -1.7506086616465308 -4.2014883922457695 3.1591727211077627 3
active_diff -0.5887330174401538 1.3154108849537969 -7.807157013585699 3
active_diff 0.8637325321277959 8.808998703657048 3.19084882731343 3
active_diff 9.530426617068958 0.6998944998226199 -0.23398621813318354 3
active_diff -0.8645157098010425 -2.6536095265666573 5.532635200018238 3
active_diff 7.03552033939939 -7.70767395998349 0.7747899169420999 3
active_diff -4.198981334746677 -1.9340734826548638 5.426259602945212 3
active_diff 4.91857158127585 -8.660127679609893 -0.7208345328972052 3
active_diff 3.6325208066173476 8.470228332548547 2.6615589158398896 3
active_diff 0.5995178419866832 -5.1431904287118195 -7.189602195154287 3
active_diff 7.737625645457348 -4.197870814596936 -2.9031035622669803 3
active_diff 8.301782635745543 0.06744518442664771 -5.335701775108323 3
active_diff 4.274386144448067 6.121735410955782 3.634668953430676 3
active_diff 5.231342677465245 6.533481781165458 -1.5980304434051678 3
active_diff 4.015934410539624 -4.34109973043352 -6.84718771263947 3
active_diff 3.1084345686149444 6.252230008869285 5.287164703449068 3
active_diff 2.5348909776006296 0.4352525579615548 -8.424730039423094 3
active_diff 3.159921680311193 -5.100197760792351 -4.937425456756825 3
active_diff -5.358611421665218 -4.2921873743015535 1.199311446377896 3
active_diff -5.66526930813003 0.1946257908974039 1.9157664965735874 3
active_diff 1.0937665854078051 -6.204013783722277 -4.857707044571732 3
active_diff -4.798333925946596 4.679917762758509 -1.1634353749187336 3
active_diff -6.8782751379254075 0.8943248073680541 -3.981985996573357 3
active_diff -6.681962268204607 4.602819794423375 4.17472637369122 3
active_diff 7.791149779364622 -3.6849070982361267 3.095938375491535 3
active_diff -6.348782093278736 -0.9726584119303415 -3.322277896475034 3
active_diff 7.999230119763657 -2.7592676086600356 -0.5944998514101463 3
active_diff 4.763648440996957 4.827206917618675 -0.6476024859751178 3
active_diff 2.2075263598351587 9.524685086407253 -0.5668094791373831 3
active_diff -7.36731215428325 -1.8973575593142415 -0.6454339426571996 3
active_diff 2.4320185171323248 6.742376514531104 -6.663263550302549 3
active_diff 0.8631333940549779 7.901225304453944 -3.3843607978847254 3
active_diff 0.45366910835842944 -7.31940958044452 0.18101035646866548 3
active_diff 5.915881739478962 -6.809723139763493 3.910609729815487 3
active_diff -2.0087631375713113 -8.058375113319268 0.6771470542037931 3
active_diff -4.25304497946177 1.644832296222397 -6.543809721572788 3
active_diff 1.0725270071110466 -0.26098902592876105 8.386177525816926 3
active_diff -2.480537705884656 3.6648140644087865 -5.315523069941067 3
active_diff -7.113874963839706 1.002677598393877 -1.3021392666709872 3
active_diff 6.149144604232998 -1.6944982261208676 6.998491064860717 3
active_diff 3.399774291352536 8.489867462419987 -4.200214996953422 3
active_diff -5.082922345866784 3.45809228091571 -2.773560300480484 3
active_diff 8.05547183039286 -1.608601200361817 5.151217581410914 3
active_diff 10.746422002403705 0.0517429046910286 -1.713079961334498 3
active_diff 0.40586190590246807 -8.816777241589914 -1.7980910400841643 3
active_diff 0.7234520101544389 -4.353092120988377 7.022758303759325 3
active_diff -7.255144211286538 -4.982562985890639 -1.9340405674571468 3
active_diff 0.5392037096186251 7.757201846461365 5.909416426395567 3
active_diff 0.4656503807963077 -7.594452442666575 4.663157805631819 3
active_diff 6.594994293225169 -1.2735326344491993 -6.240642783430896 3
active_diff -6.434115036154387 0.2897639476489722 4.453934563485072 3
active_diff -1.0361940282347069 5.701439201391301 6.483842271518125 3
quiesc_diff 0.0 0.0 0.0 4
quiesc_diff 1.7804750435723302 -0.7055665566210295 0.5762676924781164 4
quiesc_diff 3.2108274673129533 0.13769638975803056 -0.53863120301126 4
quiesc_diff 1.1405997372821433 1.5001486593714393 0.6697658091437483 4
quiesc_diff 2.218594684148107 -2.0632684148098064 1.977944133320472 4
quiesc_diff 1.1039586502063854 3.1318875270825144 1.8256575421096373 4
quiesc_diff 1.883994393315854 3.022183941182301 -0.3936122921464048 4
quiesc_diff 0.8501459586518251 0.05780041872061902 -1.8093951919311853 4
quiesc_diff 3.8479738851866743 0.8086929037650029 1.234447509393008 4
quiesc_diff 0.7714186528723583 -2.0554478935998377 -0.5005914331571036 4
quiesc_diff 4.461276434917848 -0.009343557128970836 -3.0923961918088536 4
quiesc_diff 4.144266629005107 -2.520295936670509 2.2658910121931624 4
quiesc_diff -2.0992784160486546 -0.5522032265733656 1.0751292579375678 4
quiesc_diff 0.2977281726918508 -1.2202109297186134 1.8158655652308657 4
quiesc_diff 3.002044229373228 2.617089656225239 1.3532086272162074 4
quiesc_diff 5.307719180058422 -4.032142923370095 1.665310584394426 4
quiesc_diff -0.7230771466515613 2.212054370012834 0.5287029456844805 4
quiesc_diff 2.2067316129303394 -4.054683538529025 1.7932144048963492 4
quiesc_diff 3.7086860850468857 -1.857841933763966 -2.963316693595972 4
quiesc_diff 0.0036957739337100115 -1.579644482952917 -2.5854726872717038 4
quiesc_diff 3.2677570991750944 3.798086802688762 -1.6114692309447185 4
quiesc_diff -1.0240966594280736 -2.7691756488219412 0.015855519317494182 4
quiesc_diff -0.5218179309588179 0.6785015663001146 1.8075789530358417 4
quiesc_diff 4.854701913245157 -0.7520601883076032 0.1727126222940727 4
quiesc_diff 0.08185095195008807 3.0425374381226655 -1.2607136425689793 4
quiesc_diff 3.899549438594681 -2.101189941849711 -0.9873731399403547 4
quiesc_diff 2.048916358459482 -0.0781427396924016 2.45623540879996 4
quiesc_diff 3.220447553019412 -0.4251501424765325 -4.604827535516156 4
quiesc_diff -1.520056472414816 1.3558886678011002 3.4027800466512814 4
quiesc_diff -0.047868771978212155 1.470887616106929 -2.903357767229977 4
quiesc_diff 2.480889864907808 3.8543272873849825 3.0834894953986995 4
quiesc_diff 1.7526803311234023 -4.002375774361039 3.7402894756877205 4
quiesc_diff -1.0179985863110725 -0.9141153467642492 3.290710841773287 4
quiesc_diff 5.642833723519935 0.7665780786788069 2.1157559129874937 4
quiesc_diff 0.8214533641340256 -3.942878841772182 0.15903038542548809 4
quiesc_diff 6.082385891221638 0.5634511680288299 -0.7003405957686765 4
quiesc_diff -3.824515077296287 -1.4282612847308407 0.5690850489750743 4
quiesc_diff 2.1276212830876973 1.6551356292590895 -2.8868345373298396 4
quiesc_diff 4.326669077773588 4.114219859885367 1.290199387505615 4
quiesc_diff 1.7811018714660736 -1.5597157904166807 3.863424123486997 4
quiesc_diff -2.535755055959897 2.51376924369579 1.3181121754911997 4
quiesc_diff -2.8355814934304355 -3.5300597386280614 -0.3577460037780982 4
quiesc_diff 0.3073913319842592 -3.533536575261369 -2.2853482137030436 4
quiesc_diff 2.147375341594149 -3.1995932368630022 -1.3937177535905474 4
quiesc_diff 1.0983438628254265 6.515132288605882 0.12361208113098754 4
quiesc_diff 5.952572531392005 -1.843324921073814 -1.0937080774856442 4
quiesc_diff 3.9503499973160903 0.7359758849604656 3.23050145827351 4
quiesc_diff 0.5301536695640847 1.895436652632911 3.5838542631941466 4
quiesc_diff 4.69344546622501 -3.8882380321676537 -0.5676253344621393 4
quiesc_diff -4.498564754083418 -2.550626101342969 -1.716682603875886 4
quiesc_diff 1.690219393467719 -5.302079801310839 -1.023263291232288 4
quiesc_diff 1.5799792504956978 3.1454753097248753 -4.102966043774616 4
quiesc_diff 1.0828819033412942 4.766630211311014 -0.9549731289000774 4
quiesc_diff -3.599162787097657 0.8412642002837663 0.11845432726076699 4
quiesc_diff 6.428055108225092 0.004323193739433942 -3.455156264232076 4
quiesc_diff 4.543669730734372 2.2959915690473616 0.09254122132161435 4
quiesc_diff 2.2611543741978757 1.063256512618442 4.250062902031594 4
quiesc_diff 6.816976554270505 -0.830296710612428 0.5513381361814604 4
quiesc_diff 1.8198454664260535 -1.1032669370678345 -3.27443185023891 4
quiesc_diff -0.060838825057506485 -2.6840761331734018 3.6163420454676207 4
quiesc_diff -0.6243994377690756 3.160503936185365 4.662906230524767 4
