469
 Lattice="1.0 0.0 0.0 0.0 1.0 0.0 0.0 0.0 1.0"Properties=species:S:1:pos:R:3:Color:r:1
active_stem 6.547488152850705 1.6382126681408944 4.719752892445569 1
active_stem -1.5746337600361042 2.9337542562899968 -3.722492549904363 1
active_stem 6.272971496708403 1.1224715956572278 -5.445023651676928 1
active_stem 1.7018912890954232 2.6999574749847333 -7.2774100525168635 1
active_stem -1.6061473787780418 -3.733964868073409 -5.597233250918989 1
active_stem 0.6899275223291981 -5.19917633633324 6.107140775228904 1
active_stem -4.506641046086309 -6.994812875802738 -5.088766162538298 1
active_stem 5.463652828921168 -3.2258670843348547 4.5234747811174865 1
active_stem -6.825865439783822 0.46336282794324274 2.1338921970209928 1
active_stem 5.718439206609772 -0.43383183977188444 4.777563978546407 1
active_stem -0.4581889888404824 -8.1799264432036 0.007342232451301722 1
active_stem -6.938155554483399 1.4494201051743032 -2.233154196874944 1
active_stem 8.150826866736203 2.834601447145199 2.3012176388857264 1
active_stem 4.666154051704396 1.878466533642446 -7.655765796405869 1
active_stem 0.26653971550854827 -4.389806219229759 -5.848062214569244 1
active_stem -5.414544752350731 -2.759907335377792 2.6910776495373834 1
active_stem 5.895178685111661 4.023069866415629 -5.5320666969845425 1
active_stem -1.565713101105251 -5.753708913721397 4.10336369348388 1
active_stem -5.676179400347563 -0.47320138838685644 -5.098357872563913 1
active_stem 9.465016455746934 2.968961470605414 -1.442736324441807 1
active_stem -3.885179183701701 3.3178154994095777 2.296215080796933 1
active_stem 7.7096806593801155 3.0417593469780204 5.543989083165292 1
active_stem -2.11376088776933 -7.366149357647897 -4.19111305023879 1
active_stem 8.021017935798914 0.3206319993961635 -1.0342699464915874 1
active_stem -0.06708011803174618 2.2273133113974013 -8.081989231587112 1
active_stem 2.4173257831551744 6.128849535335421 -1.8293979272249292 1
active_stem -6.7705541147863215 -2.1954615775749144 -1.6526990467857674 1
active_stem -0.005880360968882975 6.190238825654516 1.3061814027749896 1
active_stem -2.224266889849909 1.8702644905515493 4.829479598940015 1
active_stem -0.623631546576773 5.369621915053278 -5.036758057443301 1
active_stem -1.7455950678170098 4.6913680197502 4.093070948642332 1
active_stem 8.24380723971261 1.4586356374798695 -5.3921066309508054 1
active_stem 3.5073610822242522 -1.3041568518508462 -6.238695995379014 1
active_stem 8.202000429128228 0.384504792093032 -3.449168442471636 1
active_stem 2.205545800895154 -7.236576836717307 0.1732794354410917 1
active_stem 3.9302876896616303 4.549042530112815 -3.5955561753659064 1
active_stem -2.8290149619623195 -7.422407450322592 -0.11133127296537548 1
active_stem -5.149485341438701 5.87635017287495 -0.9998725850253816 1
active_stem -3.3559935189288703 0.31904865329561916 5.388875937219016 1
active_stem 0.49250691191272716 -7.219829798345291 1.5870054006255034 1
active_stem 1.6008267712886382 -8.928512529524294 -0.7051672087197771 1
active_stem 7.838227957545935 0.5731456236733972 5.815025893740035 1
active_stem -6.179765751868032 -1.3486459347450082 -6.8246248370899885 1
active_stem -2.250939569023213 -0.6269393826938799 -8.471469815102465 1
active_stem 0.30756630113598116 4.8320183090895314 -6.765850247376006 1
active_stem -0.4131039715785836 6.180156809977052 4.0037657609980215 1
active_stem 0.8794856586597338 -6.84219539249488 -4.524690602048814 1
active_stem -3.9965530840770533 1.3942614412989476 -6.700972951539677 1
active_stem -7.467480603742372 -3.4537363953549054 -5.14588284714352 1
active_stem 1.9100386104019094 6.4336243314450545 -5.635973394648857 1
active_stem 6.2283025485423416 -6.44276971899935 0.7948116218299363 1
active_stem 5.392323282038461 6.65198269809826 1.7438203577999933 1
active_stem -6.988802729736079 -2.972262965033258 3.906238917514694 1
active_stem 9.437257505271685 -2.2122145714374497 1.897963974061245 1
active_stem 6.119303863668174 -1.3579247084458606 6.505383383689014 1
active_stem -2.2186797005226753 -5.432139142826575 -6.458051633264932 1
active_stem -2.1457388867783926 2.1889986858787798 -8.22326985856001 1
active_stem -4.9486430529235275 4.9778003497680725 2.6331051154373575 1
active_stem 5.119722690169992 3.3792135809369483 3.3407681296366905 1
active_stem -1.9322298277915686 5.916514219739859 -3.6266235441871064 1
active_stem 8.102742790567019 -2.7660608752257723 -0.036335197557081866 1
active_stem -0.07816967355436394 0.6080006008789043 7.166731242810815 1
active_stem -0.7626401561877072 -8.155265794582212 -2.5438154989155697 1
active_stem 6.18590637108689 -4.736453861450323 3.416472973703129 1
active_stem 9.142336568408371 1.5892611193200334 3.5120173660835303 1
active_stem -0.4960961172513175 -1.7591996280652946 -7.255897410646236 1
active_stem 7.569424779708293 -1.490558266528194 -3.059018208018236 1
active_stem -5.450689539931224 2.5066969854696866 -3.7140072907866655 1
active_stem -1.811338902865243 5.138209736113624 1.8730350368719684 1
active_stem -0.9757914833084316 -8.766233740157281 -5.054124844111981 1
active_stem 2.6274887133397513 6.344414164377558 1.054772248437596 1
active_stem -3.3110783993300625 4.554554248536359 0.5940241331802631 1
active_stem 8.089161236667309 0.8477930958316539 1.2496618132812138 1
active_stem 2.1720354279082277 1.3748220686541057 -8.699725293111904 1
active_stem 4.045158322971127 -5.20090018195331 4.648448832819026 1
active_stem 4.700878120452978 5.62585339721767 -5.600849795531303 1
active_stem 2.249078306223163 4.643071846959805 -8.059733877278122 1
active_stem -2.174270796757722 4.029502147370711 -5.28446949704023 1
active_stem -4.673610593208211 5.426153540188727 -3.511337081055023 1
active_stem 9.216223682237834 3.0031275850599277 -4.574212453097125 1
active_stem -0.42938358846388947 -9.999911752252927 0.836090519782123 1
active_stem -8.187433224834848 -2.4593386724602144 -3.039357788619167 1
active_stem 10.208095513426695 4.795791928370605 -1.1102848353201886 1
active_stem 3.7477140008651344 -1.334932871205571 -8.223962554593037 1
active_stem 0.0867972411348468 1.331613946180562 -9.863574033241546 1
active_stem 4.599399119273096 -2.986684667677849 -5.6984511592613085 1
active_stem 1.8732963723878802 -4.601727980071234 -7.019993190717498 1
active_stem 6.455885481460565 -3.618923532271249 6.214918245135795 1
active_stem 5.741329038615877 3.119714738254138 -8.797388169201772 1
active_stem -1.3664409461220526 7.506631696402079 0.6612126407619328 1
active_stem 3.4115008476159714 5.567436629611074 3.3793321865621944 1
active_stem 7.531320009656823 -0.7148473484003226 -4.979401315641709 1
active_stem 4.808122655699789 5.747153446436435 -2.2561772130901208 1
active_stem -6.032068555116952 3.8882373043638037 0.9226889696891802 1
active_stem 8.249745175073127 -0.27298447738776005 3.681094092656707 1
active_stem 7.656276251402862 4.837875266933485 6.422120947574696 1
active_stem -7.133859094722176 -0.07729069209251871 -3.7466104804949354 1
active_stem -5.690384539288297 -7.369279932319865 1.0308857758260623 1
active_stem -3.5027869821917874 -4.291333704539409 -8.942999715406804 1
active_stem 9.058455783796935 -1.2572647318905603 -1.6930298549073224 1
active_stem 7.229823664577501 6.004154173093344 1.1317761150736023 1
active_stem 5.59392399364489 -0.6352145741689985 -6.115421904199128 1
active_stem -5.169397232102663 2.189450252483794 3.39508203656836 1
active_stem -5.346613551991384 -7.415299909052157 -1.9248526946848044 1
active_stem -8.135780688295933 -2.090275938959718 0.9369609791388616 1
active_stem -6.465054814672138 -1.0630618028820202 -8.783464252221412 1
active_stem -2.4564805223547435 6.300905779483272 -5.518026287668265 1
active_stem 4.30550972918517 -2.2383953697604686 5.821012516002069 1
active_stem 4.71687121506446 5.458320063326576 -7.593756417267526 1
active_stem -3.5006298793332533 -8.795735497687161 -4.372435603844516 1
active_stem 6.361577805280279 1.8348502946247867 6.701361074331439 1
active_stem 8.449709013169436 7.382209857247426 1.914618543446872 1
active_stem -3.2494503582087275 2.362264884739122 -4.654366608288792 1
active_stem -2.619064571035846 6.7240156279637615 2.78561320796294 1
active_stem -9.051966121807183 0.3617567261663651 -4.104524991471129 1
active_stem 1.1409521842729027 7.985106379099675 -4.63526888034429 1
active_stem 10.083332363027825 2.2487980134085794 0.31767556875867675 1
active_stem 7.149271881477925 4.197857332002508 -7.0801944684238265 1
active_stem 3.419964523636864 6.497190103803276 5.150062782507197 1
active_stem -0.08853524996143475 -5.949699319415062 -7.048335218885668 1
active_stem 10.034282995585036 3.4751547816108914 2.5068494370266126 1
active_stem 2.080298231784819 -10.336862173971328 -2.041826625907108 1
active_stem 3.77391208185508 6.503487844167083 -3.990132129593283 1
active_stem 1.1815626389266338 -2.4330284385094774 -8.111125936851266 1
active_stem 3.6751213719457967 3.2264808441185755 -8.751535683928818 1
active_stem -6.889644511995387 3.179344720972191 3.1483874130400773 1
active_stem -2.911472246274242 -9.167783714515256 -1.084399869034925 1
active_stem -7.613972096882436 2.139671210309489 4.941126708080243 1
active_stem 7.257047795999895 5.755622555717975 -0.9630969536205822 1
active_stem 10.608152409690973 4.160505864772177 -3.723912544040917 1
active_stem 9.69651735071725 -3.33255275408143 -1.1035603858882603 1
active_stem 7.035017296847274 -1.9243385095728383 4.56540366278155 1
active_stem -1.415219704488939 -3.882199006228792 -7.582572834838043 1
active_stem -5.312232868342625 -3.709032509339953 -8.321042399217747 1
active_stem 4.8725802348674305 7.609930189324452 -1.5309820485700043 1
active_stem 1.1639769080267566 7.266839737138478 2.5195916580349182 1
active_stem 10.592780320364016 0.8561176030161967 4.6776560351892185 1
active_stem 9.965105002603776 0.21517276657514922 -0.5766633175023743 1
active_stem -6.343725777511451 4.96068241046825 -2.317196512439544 1
active_stem -2.5670681100760038 -2.0562869287003034 -9.83419808524925 1
active_stem -3.846041266304291 3.7257659695090664 4.253775970620644 1
active_stem -8.587892905121942 1.5831789710917494 0.2534562413048715 1
active_stem 6.626607865268674 4.693035054662042 3.2844635628002865 1
active_stem 8.322353370131024 0.15421856571070047 -6.906149763848095 1
active_stem 9.116546032165095 -2.4745478548570965 -3.857880098620619 1
active_stem -0.2927228556298645 -7.861898908342792 3.310711138317417 1
active_stem -5.19024453832877 2.921944136212237 -6.209763937260734 1
active_stem -6.9738202294387595 -1.5195804833808408 2.5171544286402403 1
active_stem -8.03287173083237 -2.057084542236929 5.345811206563708 1
active_stem 0.15616122432932333 -9.89234271300115 -3.849732196778031 1
active_stem -0.4064332410643659 -9.793478615969212 -1.1732384417660546 1
active_stem 4.359981143502203 -6.953018512785864 5.560023265563496 1
active_stem -1.7914581430224172 -9.813362486724053 -2.982277480703792 1
active_stem -7.1695125497235725 2.6757426395458555 -4.722506684860024 1
active_stem 1.3451209179626669 3.131790319419529 -9.197367160566195 1
active_stem -6.419117512241581 1.1399020394423485 -6.018107997881122 1
active_stem 2.0867694470420832 -5.163243105990232 -8.927643580532637 1
active_stem -0.8437119327180568 9.214507252040164 1.5611656756474117 1
active_stem -3.7637796980942873 2.5342578625606738 -9.346986919849526 1
active_stem -4.937570010556708 5.153703327647594 -5.475031636651522 1
active_stem 5.651664477901764 8.1563927554401 3.0359087926592006 1
active_stem 11.292587261474765 -1.7937625041024066 1.2793773891028821 1
active_stem 5.024244079300417 -2.595333924271166 -9.108191113440324 1
active_stem 6.473233226946163 -2.5604730707067334 -6.252607645759856 1
active_stem 9.840873133514757 1.468839313547734 -3.077261324499435 1
active_stem 5.79515181438212 -0.02834145330392268 -8.010471344011405 1
active_stem 2.8823649574221815 4.9024963732396145 -9.939001535856226 1
active_stem -6.087392934223792 -7.833586028086797 -5.9818972095617715 1
active_stem 0.43671454323099035 6.301909531395911 -8.11593932819639 1
active_stem -9.197452019702615 -4.439872515684912 -5.332254658695037 1
active_stem -0.7046622591105459 3.969287834229455 -8.829661469390157 1
active_stem -3.9179873163302643 6.337763963676787 1.266203185438243 1
active_stem 3.7105591419710615 1.5934243710943112 -9.958755798951275 1
active_stem -7.633170514785666 -0.39137767741305995 -1.686966051746253 1
active_stem 8.784183458892674 4.295312944856313 4.415252129271224 1
active_stem 10.355124975143656 4.676186813977326 0.8807141486067724 1
active_stem 10.007026028644942 0.7538975862406877 1.809106424454869 1
active_stem -3.187368499863159 5.296209850079429 5.340250058044769 1
active_stem 9.077856295395648 -0.20433021944753693 7.1784234503475535 1
active_stem -9.993531202683045 -1.672180321601818 -3.383438920166 1
active_stem 7.788689142909643 -5.101531273138047 4.555685802731825 1
active_stem -8.81202568135396 0.25848708476378146 2.0190295631372455 1
active_stem 1.215662498661143 -7.127325857739769 6.030706766037822 1
active_stem -5.105219047660712 6.9417639611792294 2.9770976893759644 1
active_stem -3.0147321485523606 4.1587080962860075 -7.094698913137655 1
active_stem 9.894628400639291 -1.2369534018487987 4.2853482502133415 1
active_stem 8.766914403073775 -2.044872558950936 -5.818650643467707 1
active_stem 3.4383204518284223 7.525130945324116 2.450644654874029 1
active_stem -4.098540835456653 -5.735445699449876 -7.069711053264372 1
active_stem 6.046840796519022 5.140981981767979 7.570094743436381 1
active_stem -6.858455091288485 -8.723707499111272 -1.8758145632821368 1
active_stem -3.906303338008687 2.3467601339784623 5.8009245479003635 1
active_stem -1.779721931092715 0.771505140741257 -10.313445465737868 1
active_stem -8.476902942000477 -3.1761327608394576 2.5815127631836097 1
active_stem 6.672124847693304 1.8534440059789343 -7.26336243687236 1
active_stem 5.939527904901282 -1.3690151829634942 8.49725627271191 1
active_stem 2.327330145536383 7.752598655561885 -2.9935884527719177 1
active_stem 0.9998455140090857 -8.285398292553259 -5.904066872137353 1
active_stem -6.941599463851691 5.56824311113834 0.33079876427942856 1
active_stem -0.3390813663034246 0.16263937843806303 9.098978243101621 1
active_stem 6.454934652096312 -5.497047750617363 6.902412620665746 1
active_stem 2.396823544524046 -8.80815860536297 1.395385637558082 1
active_stem 10.613633509514967 -0.8480917540526849 -2.882147055034279 1
active_stem -8.900300419226879 1.8083547737210461 -2.378596396652154 1
active_stem -1.126114005119915 -5.816784133953902 8.80386945100475 1
active_stem -1.4230753118872022 -11.720777261338837 1.0623617252822946 1
active_stem -7.206897946546162 -8.48585904990508 0.3575076058652594 1
quiesc_stem 0.0 0.0 0.0 2
quiesc_stem 1.7804750435723302 -0.7055665566210295 0.5762676924781164 2
quiesc_stem 3.2108274673129533 0.13769638975803056 -0.53863120301126 2
quiesc_stem -0.8722280364941468 -1.5278722879442095 -0.9512226469579519 2
quiesc_stem -0.7328339488267874 1.423387965944283 1.1987164393016116 2
quiesc_stem 2.25304930045851 -2.596703476321557 0.1287470530947743 2
quiesc_stem 2.974169699616301 1.6701464731779498 -1.8017977964640477 2
quiesc_stem -2.354950078196341 -1.9012189053738704 -2.2404657001889188 2
quiesc_stem -1.957115575055455 -0.04397131220008291 0.40959144226748534 2
quiesc_stem -0.7393602637175475 2.764691625779797 -0.28481377586955303 2
quiesc_stem 3.1028902635882476 2.7311464072069462 -3.492274106975736 2
quiesc_stem -0.26167560851909055 -3.0041148862163256 -2.1545237413398004 2
quiesc_stem -3.131917373382257 -2.7308879982192886 -3.886057088896499 2
quiesc_stem 5.136499412169953 -0.3193311321026722 -0.2506843241385694 2
quiesc_stem 0.34845108852980355 -2.0994742202913415 0.6558215569067708 2
quiesc_stem 0.08186539110609437 4.274792519780815 0.737528492549788 2
quiesc_stem 4.118914834146097 -1.9002594629633653 1.6056033960069311 2
quiesc_stem 4.76051974930214 1.0854165249671461 -2.48520425506156 2
quiesc_stem -2.3549749073746264 -2.0425166610417933 0.2883752257947976 2
quiesc_stem 0.5460994182161348 -4.013963860737839 1.1995720092240472 2
quiesc_stem -0.22560441218242175 0.18459625111861985 -1.9786426845888005 2
quiesc_stem 4.082801129732241 3.2680085348400976 -5.151054909350219 2
quiesc_stem 4.031534154631861 1.2316868405675847 0.9206924166590084 2
quiesc_stem -3.899626586212068 -0.6782303746947302 -2.5843749024671037 2
quiesc_stem 6.094851361050003 0.7884463151010193 1.1110758124290583 2
quiesc_stem 1.2470321188050737 -1.2673097047624546 -1.2676095489704342 2
quiesc_stem -1.1411146767889324 -4.6517253942611045 -1.4390053705196681 2
quiesc_stem -0.00972446809898847 -0.3778336528834013 -3.885752658561673 2
quiesc_stem 1.0815588088329033 1.5257580632620178 -0.7087262344706083 2
quiesc_stem 3.216956256913944 1.8604082633583425 -6.277542429005345 2
quiesc_stem 6.472828228266897 1.3891918298304764 -3.4729897768326534 2
quiesc_stem -3.109539836193137 -4.416277475168075 -2.8095063205536186 2
quiesc_stem -0.41340233922471625 -4.840599679086403 2.7474833766127347 2
quiesc_stem 2.66213636709593 -3.4562870414035203 1.8876569048356113 2
quiesc_stem -1.6393698103520675 -6.1255157206385675 -2.695860133709987 2
quiesc_stem -5.3238243325114905 0.40232940436971387 -1.6876858017728633 2
quiesc_stem 6.2294610761357285 1.2051013767455403 -0.9446153920897797 2
quiesc_stem -0.33038531917445 -3.2352579859048305 -4.139933483213766 2
quiesc_stem 1.9597214041846422 -0.8505181675592204 2.5629382169218813 2
quiesc_stem -2.010342341210421 -3.8550012291162163 1.0604685393464353 2
quiesc_stem 5.416297114923687 -3.1430638733857696 2.484373226485288 2
quiesc_stem -3.4510905801095735 1.0666737180424226 1.140690820649911 2
quiesc_stem 6.439333914008775 1.8972337398088646 2.739548169430168 2
quiesc_stem 1.3167274374383429 2.426582557333014 -4.338951861396007 2
quiesc_stem 4.04875528749139 -0.7522973785427325 -2.1215993203644876 2
quiesc_stem -1.6403991456709175 2.0591790343403984 -1.925051842897838 2
quiesc_stem -3.0792884246426304 -1.077023317167956 2.9526056204242352 2
quiesc_stem -0.6339114862052151 -2.7661295302550637 2.2653352938649736 2
quiesc_stem 1.9628549071267352 -1.431826325252466 -3.1278600743841345 2
quiesc_stem -2.11740086807648 2.8360155212325915 1.49444914997054 2
quiesc_stem -2.175322851759148 -0.7099773585587945 -3.836923540742219 2
quiesc_stem 4.203819617178483 0.7029325137983049 2.841821402780935 2
quiesc_stem 4.590830235798605 0.26542422324447557 -4.301469129500993 2
quiesc_stem -5.203869236969811 0.11131151798891092 1.0180121885898135 2
quiesc_stem -4.630827611748139 0.6874910977407356 -3.8493452262232384 2
quiesc_stem -3.2237578436918444 0.7773325915202705 -0.902306900226082 2
quiesc_stem -6.005137785361422 -1.6981447421176707 -3.4322534314058344 2
quiesc_stem 3.731066204824958 -3.542324924007805 3.5758472035784887 2
quiesc_stem 6.230348450784298 -2.8447079250142786 0.6820679941079022 2
quiesc_stem -2.707039989494973 -5.4635961359848135 -0.4962732697829412 2
quiesc_stem 7.522565690184394 2.5488625459688414 -1.6672400368492002 2
quiesc_stem -0.3241411264221574 -6.661861440919876 -1.287844942987983 2
quiesc_stem 1.986010446455108 1.1255549616393545 1.3539239041331133 2
quiesc_stem 1.0016043343546286 2.978008392845463 -2.0815249313798376 2
quiesc_stem 2.1529407484815932 3.5835390459278313 1.0758693228847864 2
quiesc_stem -1.5573185192265377 1.3432763236765635 3.0191030240538472 2
quiesc_stem -4.728066540472299 -1.275111560077962 -0.7759487431767795 2
quiesc_stem 4.04494382193725 3.0816688858168444 1.680552017557835 2
quiesc_stem -3.906077443296396 -4.489103129363074 1.124524786679554 2
quiesc_stem 1.4880803476515045 0.5551121518305907 -2.940932927307979 2
quiesc_stem -1.277463710997523 -1.2588958849867922 4.065949015116676 2
quiesc_stem -0.8025949861775372 1.2778764983687685 -4.679465602013126 2
quiesc_stem 0.8624740953124552 -5.758002545636019 0.273161663172782 2
quiesc_stem -4.072604737989562 -2.3410789429803898 1.2684815102279332 2
quiesc_stem -0.7496553040211571 3.6585486502393847 2.6997338979422714 2
quiesc_stem 3.2325373571664464 -2.197114500877663 -4.470335580421177 2
quiesc_stem 0.9572901921498228 -4.6780711392959615 4.194821090550862 2
quiesc_stem -2.9855320093400923 -3.4015839656759566 -1.0780238246786915 2
quiesc_stem -3.2875987711419468 -5.542461534699696 -4.4526753562105625 2
quiesc_stem -4.23627397773375 -3.587177409010496 -5.316848805182307 2
quiesc_stem -1.1153205970866882 -1.0173634988909388 -5.504829107859557 2
quiesc_stem 1.525101647250426 5.173664920675717 -0.3156084956240821 2
quiesc_stem -2.7143972575956266 2.9921547251844784 -0.5027344293704494 2
quiesc_stem -3.6753644707743502 -3.299429797643886 -7.2148956531698305 2
quiesc_stem -6.27765788847203 -1.521073684147648 0.46432110154553174 2
quiesc_stem -5.0277324003559825 2.1843502969470316 0.6259096675195935 2
quiesc_stem 7.8639589920598 -1.1899855394199 1.2053027333196134 2
quiesc_stem 2.0320630570879112 4.891330639131365 -4.368519174149993 2
quiesc_stem -3.9338741056976825 -6.474093747255713 1.3675054287841237 2
quiesc_stem 6.054466016766448 -0.42829080477228354 -2.299750280155897 2
quiesc_stem 2.421862009332186 -0.3580763270608345 -4.751551369399423 2
quiesc_stem -3.8269935635762424 2.0050195740923824 -2.361378981748628 2
quiesc_stem -0.5181362915300701 -0.8501374786969726 5.870481762210035 2
quiesc_stem 6.5578304432059005 -0.43186452245486984 2.626493850209303 2
quiesc_stem -4.011021173627372 4.266710259244152 -1.3359658563895938 2
quiesc_stem 3.7487072542478166 5.019596932957086 0.06092704577503616 2
quiesc_stem -2.9893942280549672 0.4011731751161609 -5.286969155821169 2
quiesc_stem 7.411098483644549 4.200759834526921 0.28625361413185796 2
quiesc_stem -4.240411392704901 0.4275212932559831 3.575613620599625 2
quiesc_stem 5.277315737970866 4.656804242297477 1.6661274088538822 2
quiesc_stem -3.202907826766097 4.070997874911294 -3.487119408871432 2
quiesc_stem -1.837055139734439 1.9219395039711271 -6.265364411999907 2
quiesc_stem -5.840924421103616 -3.726541826315568 -4.014559647718171 2
quiesc_stem 6.694067295955444 -4.620896062206265 1.4758693130357559 2
quiesc_stem -4.629803643171538 -5.709817209922132 -2.6847950066966106 2
quiesc_stem 4.643398244841506 -4.6266764210324745 -2.27293006474539 2
quiesc_stem 1.07668764257603 -1.8611865546738176 -4.868652242516208 2
quiesc_stem -2.9705634037578594 -7.562753670951008 -2.293031769444176 2
active_diff -6.486040055495172 -4.388861894626445 0.5602776342211504 3
active_diff 7.101276667251732 -4.295820347568894 -1.461676750969895 3
active_diff 3.762509335095838 -6.116243103697103 -3.798943542302269 3
active_diff 3.6317201963687005 -7.3312828314287515 2.3907447812912386 3
active_diff 1.754539017520853 5.0331088963212585 2.394968754162756 3
active_diff -7.876798135089644 -3.625826218256347 -0.6577406417620646 3
active_diff 3.1150537633059585 -0.5311640829207 4.965421869648598 3
active_diff -6.529943169852222 -4.651781582768444 -2.1257583968233362 3
active_diff 0.08265016714111645 2.062546855018349 4.288972808414731 3
active_diff -2.5261520682946252 7.923455328400808 -2.7390607804147686 3
active_diff 0.9298582844948611 1.2828740644605316 -5.933399459102544 3
active_diff 2.006617116879913 -2.8266780939371827 5.473403483537492 3
active_diff -2.7784054885815306 -1.1326845873983147 -6.609749779322926 3
active_diff 5.914433299649339 4.195933676039548 -3.062229603322602 3
active_diff -4.472351919087193 -3.7945842613028873 5.4887296368821445 3
active_diff 4.284969348895199 -7.942717738969916 -1.1414384018949388 3
active_diff 4.232870952257578 1.6653962536935323 6.16635602902373 3
active_diff 7.374465668943435 -2.8622501096368955 2.778855049587157 3
active_diff 7.95047643821092 4.407889192086352 -2.2679998230769898 3
active_diff 6.355887021193177 -3.316180915434243 -4.280591535600735 3
active_diff 1.896402131723657 -0.20945950356442333 -6.849223412234403 3
active_diff -2.2928544681634304 -4.897319511137669 5.7580124850572 3
active_diff 2.681094996664445 1.5772238383255308 7.425012856284914 3
active_diff -6.668003792887017 1.0635802081277972 0.04359218471556292 3
active_diff -4.962583435833675 -5.643290775019572 -0.3918275450589324 3
active_diff 0.813759249473107 3.8991726170420664 4.592757798173067 3
active_diff 2.478268001246062 -7.810052590782207 -2.9752189019622635 3
active_diff 6.823500207132268 5.97646227765968 -3.0046513389159406 3
active_diff 1.6899065895798149 1.980689582404109 5.721277308274276 3
active_diff 4.181076886174815 -0.31948551721012447 6.6443461938299 3
active_diff -0.7350784138637474 8.357146327024306 -1.9619074608461182 3
active_diff 1.777006291321935 -6.791729884376706 3.788995370489731 3
active_diff -6.643816916174428 3.0254194213826433 -1.037499179192475 3
active_diff -3.421990398680675 -5.228483416934442 2.918675427954165 3
active_diff -8.987163637959627 -2.0007033263499894 -1.0127956181223579 3
active_diff -5.002690718851902 -1.5800677243578907 5.48666146585482 3
active_diff 3.4720444777213624 -4.662686362223846 -5.141628526186453 3
active_diff 5.852145717819427 -6.403692009883751 -1.2775928235832241 3
active_diff -4.243766799867632 -8.072674937208781 -6.7528306165954355 3
active_diff 4.215899334317857 4.252527614288983 5.327329059969544 3
active_diff 5.467104037476292 -9.417810467872089 -1.7946298127334623 3
active_diff -5.776418461961738 -4.459648610113209 -6.247842344874443 3
active_diff 1.7831338399771157 7.828776628177289 -0.9879417737444095 3
active_diff -5.869334623477555 -5.543048918877078 2.0727348148287317 3
active_diff 5.394170759030647 -6.553418495679193 3.1328507461686117 3
active_diff -5.912774672092954 -5.017613750738001 6.144001458796826 3
active_diff -6.822284145979071 0.4900317513372507 4.133711174543631 3
active_diff -3.922677656805405 7.715268867968422 -0.534839564778813 3
active_diff 3.070938130557134 -3.5685540004901393 6.995520732346309 3
active_diff -0.30960314680929646 -4.404721445801323 7.646549709970246 3
active_diff 4.7395797875635255 -8.841744545825875 1.6899220251409144 3
active_diff 8.776735085878789 -3.033380403730298 4.194607466067978 3
active_diff 7.259558797124608 -5.005090513596278 -3.3249755995034285 3
active_diff -2.701777956169581 -2.4919120524156573 7.053261945898255 3
active_diff -2.135718282214095 -7.135980286045674 2.257083723819506 3
active_diff -7.437525558167028 -6.396580114359666 -2.489038306229169 3
active_diff 8.562030046085042 -4.466817472809609 2.6561585655901174 3
active_diff -7.2328257528301245 -5.8701385975887685 3.498884976016935 3
active_diff -3.4197803402824523 -8.267288273914852 3.292132934056703 3
active_diff 0.572822676495811 3.908666213779916 6.57816945307563 3
active_diff -3.80213878800675 0.6030262067478009 7.317686749096309 3
active_diff 8.21862230742905 -5.121756233629303 -0.023146726085344405 3
active_diff 6.130889111288088 -8.122043835154921 -0.28710753644957066 3
active_diff -0.3847161042352203 0.33241514242240355 -7.103237915477206 3
active_diff 2.591960915340393 3.6205105408636324 6.426461835595684 3
active_diff 4.931071768957486 1.3061845488627633 8.005780550626111 3
active_diff -4.779489241104091 -3.197915559170544 7.372781951792746 3
active_diff -6.984658668714806 -5.935134782988074 -5.645267738339792 3
active_diff -6.901054684831601 -6.132141011366175 -0.3339080903628176 3
active_diff 3.026392817382104 -7.255654123899153 -5.268594861286173 3
active_diff 7.456535451876772 -4.422097515133372 -5.531799554494338 3
active_diff 5.575505098197702 5.638552163359499 4.84732060567048 3
active_diff -3.527648904286767 -5.8638674799619 6.999409973567872 3
active_diff 1.544638955148475 -0.748293408934616 6.184705342063621 3
active_diff 7.114968796897836 -7.126003094064569 3.9760594928999837 3
active_diff 3.891023252808463 -3.405465471123125 8.812348331170954 3
active_diff 0.8174071069387374 -2.413983168853524 7.027579294398638 3
active_diff 0.005805226829669052 7.567428307846868 5.38216805158194 3
active_diff -5.38823412553263 -5.2310794482926966 8.062148901247923 3
active_diff -2.022960943294389 -0.769343943934176 7.8095466638938875 3
active_diff 5.87271703190584 -10.320290966472777 0.961979398640352 3
active_diff 6.519752883358735 -7.005315483593798 -3.064307649290345 3
active_diff 1.2593035200054759 8.822609931617832 0.6667174542692825 3
active_diff 1.5532892975137962 5.8343867701701875 4.216356225042365 3
active_diff -0.6141843324617546 2.3182153750690992 6.146136045186953 3
active_diff -2.642655890888184 -7.32781581659434 -7.691781492618504 3
active_diff -4.999987762911631 -5.941901858699819 3.919154535896563 3
active_diff 6.059745495890628 7.738902178610829 -3.5618625525427885 3
active_diff -0.7402504787308224 6.739921801615978 -6.488886924159165 3
active_diff 5.07154034374278 -9.933202145967002 -3.686163788730301 3
active_diff -8.332640979222655 -4.5754869988431 -2.9885792035698495 3
active_diff 2.7132712331034643 -1.061957044886707 7.7820116083527235 3
active_diff 7.67172613026454 2.8290780095953045 -9.23224143239394 3
active_diff 2.385654253021764 1.5291842516520915 9.40248775248666 3
active_diff -5.655493177874212 -0.7042763767852345 7.162023655057888 3
active_diff 3.044012716269867 -9.313329121813315 -4.16689527945479 3
active_diff 4.266716298733648 -5.866288381175113 -6.527211030718556 3
active_diff 0.9637098495972769 -0.31719015199046885 -8.61514504533469 3
active_diff -1.6345208353293565 -7.278847090845425 5.395346292588737 3
active_diff -0.7358860566428905 7.895364801525658 -3.9078666511739324 3
active_diff -4.384734085773257 -1.1862966719923957 -7.800058219278528 3
active_diff -8.003113659408205 -5.395925471679837 1.3875083348619976 3
active_diff -9.60710277997415 -3.8270385622183634 0.32488819382562384 3
active_diff -4.420114099031817 7.281189853613936 -2.718988759523813 3
active_diff 7.482566334447221 4.364241895527116 -4.29212030107932 3
active_diff -3.6940341018619556 9.64878505166252 -0.0774149347294088 3
active_diff 3.4794505267516493 -8.76427992497187 3.777587698716167 3
active_diff -7.8283456304472 3.536524741937651 -2.565786807999192 3
active_diff -8.8835894028832 -7.64988624144944 -1.9075547649282019 3
active_diff 1.3315607264292453 -8.66624595032082 4.325435271349871 3
active_diff 3.7056510501850637 -9.68335097819671 -0.34482919075158547 3
active_diff 10.050010891042941 -4.007132768526828 5.390673959218232 3
active_diff 3.1701065558407437 -3.010036768269395 -7.226741083010991 3
active_diff -10.6501389255389 -0.9663471761051934 -1.4185301955882175 3
active_diff 8.131025569569605 -6.281440028320543 -2.0555357305898068 3
quiesc_diff 4.12616825608622 -3.296293487006256 0.1734594117704398 4
quiesc_diff 0.42135178175299903 0.8559310224876471 2.7303325519907076 4
quiesc_diff -1.2803507718482372 -0.8576827936192569 2.106607360326744 4
quiesc_diff -4.659949027185983 -2.92942631217192 -2.6110269704809785 4
quiesc_diff 1.953026669709313 -3.930359668393795 -1.3311664999574977 4
quiesc_diff -1.2292985553552596 5.282747699113019 -0.3871383300947109 4
quiesc_diff 2.269830401533298 -5.146736277254725 -2.8868217769769218 4
quiesc_diff 1.839012728207137 2.21742762373481 3.099878822018132 4
quiesc_diff 3.158100186152428 -4.986393971076044 0.6277771042739712 4
quiesc_diff 2.9606427554937227 3.3654215172817272 -0.7407325078876847 4
quiesc_diff -5.2666016947114525 -3.727911126133254 -0.8805950755895999 4
quiesc_diff 3.000556924829748 -6.474155516019042 -1.5814494497424878 4
quiesc_diff 6.120616704773228 2.6845494639169902 0.47536440297270466 4
quiesc_diff 3.9604932028411883 -2.749810580645282 -2.167976166303151 4
quiesc_diff -3.574149487615135 -2.409772146680714 4.359336968545153 4
quiesc_diff -2.4915521591493848 6.541962706642176 -1.2932803744354913 4
quiesc_diff 1.0321879766533857 -1.870813806779035 4.011619876017885 4
quiesc_diff 5.481226324016185 -4.670822390355358 -0.3504565417906501 4
quiesc_diff 2.8225006300088626 4.4544922890562715 -6.153002488506982 4
quiesc_diff 3.2109271410656084 1.6672655668078267 4.447162220160136 4
quiesc_diff 4.492752856962585 -1.3545401565892465 3.4930449371803816 4
quiesc_diff 6.875381416821524 -1.2666295574399051 -0.5316025813817264 4
quiesc_diff -1.5497371839629108 -3.4784826023481075 3.8943891272315176 4
quiesc_diff 1.5226704586748245 0.5198046229110016 4.365605072205856 4
quiesc_diff -0.05891468344186013 3.47553704271013 -5.342596839895599 4
quiesc_diff 2.135288875202207 -6.07780881350939 1.955433183199717 4
quiesc_diff 4.495358084165548 3.1489641789578187 -2.118788876525172 4
quiesc_diff 5.367472208402998 -1.577624070628001 -4.301951667489857 4
quiesc_diff -1.2981596046457162 -6.067791186818266 0.7882517014555984 4
quiesc_diff 0.1576078173278016 -5.138383298532671 -3.765798824084354 4
quiesc_diff -1.2489234955500594 -3.143551455287006 5.843063613027386 4
quiesc_diff 2.8800799695043118 3.701571374138589 3.9445659399708655 4
quiesc_diff 4.258746524601485 -5.1386252717836625 2.290727274526691 4
quiesc_diff -0.7439247872936232 4.03967288278074 -1.876828669151161 4
quiesc_diff 5.954172694975101 -2.7302168507048052 -2.0103114321623656 4
quiesc_diff 0.5792535629299334 5.418234473804583 -2.4673936471624547 4
quiesc_diff 1.784385984374959 -3.4917466419938794 -3.899418945168189 4
quiesc_diff 5.56026525403871 4.3239524279931 -0.5238173487812935 4
quiesc_diff -0.07259355476957863 6.860176553016977 -0.803973732251634 4
