61
 Lattice="1.0 0.0 0.0 0.0 1.0 0.0 0.0 0.0 1.0"Properties=species:S:1:pos:R:3:Color:r:1
active_stem -1.8437071534906544 0.338374655731216 -0.6973137920091425 1
active_stem 3.8507240069427917 1.4668990411431453 -1.8890950974270049 1
active_stem 0.04744447796014328 4.506646887429525 0.8287550870112882 1
active_stem -2.6206744486765703 -0.49129443711420234 -2.3429051807167225 1
active_stem -2.682546684639233 -1.316542726088042 -4.163656972686932 1
active_stem -1.7220603764556361 4.398563007510501 -0.09707991184144549 1
active_stem 3.7086860850468857 -1.857841933763966 -2.963316693595972 1
active_stem 0.0036957739337100115 -1.579644482952917 -2.5854726872717038 1
active_stem 5.21866566948449 2.918652379729398 -1.7436720876028224 1
active_stem -2.2235763527103796 3.9460015992746795 3.7156495063792 1
active_stem -0.047868771978212155 1.470887616106929 -2.903357767229977 1
active_stem 5.5760969668287945 2.592169173771466 -3.6842007743029694 1
active_stem -1.7908105770220746 -0.14562238032563424 -5.517818062901624 1
active_stem -2.2420537728876972 1.7402546455772956 -2.0670044376967383 1
active_stem -2.5540681752158148 -2.483515107792756 -2.1797475769810557 1
active_stem 0.3073913319842592 -3.533536575261369 -2.2853482137030436 1
active_diff 1.7804750435723302 -0.7055665566210295 0.5762676924781164 3
active_diff 2.218594684148107 -2.0632684148098064 1.977944133320472 3
active_diff 1.1039586502063854 3.1318875270825144 1.8256575421096373 3
active_diff 1.883994393315854 3.022183941182301 -0.3936122921464048 3
active_diff 0.8501459586518251 0.05780041872061902 -1.8093951919311853 3
active_diff 3.8479738851866743 0.8086929037650029 1.234447509393008 3
active_diff 0.7714186528723583 -2.0554478935998377 -0.5005914331571036 3
active_diff 4.461276434917848 -0.009343557128970836 -3.0923961918088536 3
active_diff 4.144266629005107 -2.520295936670509 2.2658910121931624 3
active_diff -2.0992784160486546 -0.5522032265733656 1.0751292579375678 3
active_diff 0.2977281726918508 -1.2202109297186134 1.8158655652308657 3
active_diff 3.002044229373228 2.617089656225239 1.3532086272162074 3
active_diff 5.307719180058422 -4.032142923370095 1.665310584394426 3
active_diff -0.7230771466515613 2.212054370012834 0.5287029456844805 3
active_diff 2.2067316129303394 -4.054683538529025 1.7932144048963492 3
active_diff -0.7111661392275146 3.1660501854503007 2.664796929551191 3
active_diff 3.2677570991750944 3.798086802688762 -1.6114692309447185 3
active_diff -1.0240966594280736 -2.7691756488219412 0.015855519317494182 3
active_diff -0.5218179309588179 0.6785015663001146 1.8075789530358417 3
active_diff 4.854701913245157 -0.7520601883076032 0.1727126222940727 3
active_diff 0.08185095195008807 3.0425374381226655 -1.2607136425689793 3
active_diff 3.899549438594681 -2.101189941849711 -0.9873731399403547 3
active_diff 2.048916358459482 -0.0781427396924016 2.45623540879996 3
active_diff 4.408138255922484 -5.51665388605055 0.6718412277395349 3
active_diff 3.220447553019412 -0.4251501424765325 -4.604827535516156 3
active_diff -1.520056472414816 1.3558886678011002 3.4027800466512814 3
active_diff 2.480889864907808 3.8543272873849825 3.0834894953986995 3
active_diff 1.7526803311234023 -4.002375774361039 3.7402894756877205 3
active_diff -1.0179985863110725 -0.9141153467642492 3.290710841773287 3
active_diff 5.642833723519935 0.7665780786788069 2.1157559129874937 3
active_diff 4.289599970690467 -1.4519532746670925 3.9503856474882766 3
active_diff 0.8214533641340256 -3.942878841772182 0.15903038542548809 3
active_diff 6.082385891221638 0.5634511680288299 -0.7003405957686765 3
active_diff -3.824515077296287 -1.4282612847308407 0.5690850489750743 3
active_diff 2.1276212830876973 1.6551356292590895 -2.8868345373298396 3
active_diff 4.326669077773588 4.114219859885367 1.290199387505615 3
active_diff 1.7811018714660736 -1.5597157904166807 3.863424123486997 3
active_diff -2.535755055959897 2.51376924369579 1.3181121754911997 3
active_diff -0.6157692301293175 6.367068606128996 1.1433637423174279 3
active_diff -2.73725912205862 5.953216177010224 0.6461730931915607 3
active_diff -2.8355814934304355 -3.5300597386280614 -0.3577460037780982 3
active_diff 3.1405347976357594 5.774372057241965 -1.3319856381765232 3
quiesc_diff 0.0 0.0 0.0 4
quiesc_diff 3.2108274673129533 0.13769638975803056 -0.53863120301126 4
quiesc_diff 1.1405997372821433 1.5001486593714393 0.6697658091437483 4
