32
 Lattice="1.0 0.0 0.0 0.0 1.0 0.0 0.0 0.0 1.0"Properties=species:S:1:pos:R:3:Color:r:1
active_stem -1.8437071534906544 0.338374655731216 -0.6973137920091425 1
active_stem 3.8507240069427917 1.4668990411431453 -1.8890950974270049 1
active_stem 0.8501459586518251 0.05780041872061902 -1.8093951919311853 1
active_stem 0.04744447796014328 4.506646887429525 0.8287550870112882 1
active_stem -2.6206744486765703 -0.49129443711420234 -2.3429051807167225 1
active_stem -2.682546684639233 -1.316542726088042 -4.163656972686932 1
active_stem -1.7220603764556361 4.398563007510501 -0.09707991184144549 1
active_stem 3.7086860850468857 -1.857841933763966 -2.963316693595972 1
active_stem 0.0036957739337100115 -1.579644482952917 -2.5854726872717038 1
active_stem -0.7111661392275146 3.1660501854503007 2.664796929551191 1
active_stem 5.21866566948449 2.918652379729398 -1.7436720876028224 1
active_diff 0.0 0.0 0.0 3
active_diff 1.7804750435723302 -0.7055665566210295 0.5762676924781164 3
active_diff 3.2108274673129533 0.13769638975803056 -0.53863120301126 3
active_diff 1.1405997372821433 1.5001486593714393 0.6697658091437483 3
active_diff 2.218594684148107 -2.0632684148098064 1.977944133320472 3
active_diff 1.1039586502063854 3.1318875270825144 1.8256575421096373 3
active_diff 1.883994393315854 3.022183941182301 -0.3936122921464048 3
active_diff 3.8479738851866743 0.8086929037650029 1.234447509393008 3
active_diff 0.7714186528723583 -2.0554478935998377 -0.5005914331571036 3
active_diff 4.461276434917848 -0.009343557128970836 -3.0923961918088536 3
active_diff 4.144266629005107 -2.520295936670509 2.2658910121931624 3
active_diff -2.0992784160486546 -0.5522032265733656 1.0751292579375678 3
active_diff 0.2977281726918508 -1.2202109297186134 1.8158655652308657 3
active_diff 3.002044229373228 2.617089656225239 1.3532086272162074 3
active_diff 5.307719180058422 -4.032142923370095 1.665310584394426 3
active_diff -0.7230771466515613 2.212054370012834 0.5287029456844805 3
active_diff 2.2067316129303394 -4.054683538529025 1.7932144048963492 3
active_diff 3.2677570991750944 3.798086802688762 -1.6114692309447185 3
active_diff -1.0240966594280736 -2.7691756488219412 0.015855519317494182 3
active_diff -0.5218179309588179 0.6785015663001146 1.8075789530358417 3
active_diff 4.854701913245157 -0.7520601883076032 0.1727126222940727 3
