16
 Lattice="1.0 0.0 0.0 0.0 1.0 0.0 0.0 0.0 1.0"Properties=species:S:1:pos:R:3:Color:r:1
active_stem 0.6398965396298383 1.3292026513851147 -1.3504638944157448 1
active_stem 3.1741863802371957 1.7694352574691057 0.6172605299546289 1
active_stem -0.41661763261640383 2.7039620117321252 -2.3473663495140937 1
active_diff 0.0 0.0 0.0 3
active_diff 1.7804750435723302 -0.7055665566210295 0.5762676924781164 3
active_diff 3.2108274673129533 0.13769638975803056 -0.53863120301126 3
active_diff 1.1405997372821433 1.5001486593714393 0.6697658091437483 3
active_diff 2.8383583613169794 -1.8392774895214314 1.8394313424695468 3
active_diff 0.8885302475175852 1.7779216844533257 2.634276719998329 3
active_diff 4.845172951338224 2.8094023044081795 0.26191222127587493 3
active_diff 4.7640303061739795 -2.296305011382134 2.127378221342237 3
active_diff 2.6502715640325807 1.6918371739917495 -1.6657618529711153 3
active_diff 2.7616492031452946 1.0783316737686266 2.6789890786739945 3
active_diff 0.9544562113706614 3.3561808831180384 -0.051687565770732524 3
active_diff -1.7695048544157794 -0.10808387991902481 -0.9258349988527337 3
active_diff 1.621857242322688 -2.6666250302312315 0.21697664582046178 3
