116
 Lattice="1.0 0.0 0.0 0.0 1.0 0.0 0.0 0.0 1.0"Properties=species:S:1:pos:R:3:Color:r:1
active_stem 1.7804750435723302 -0.7055665566210295 0.5762676924781164 1
active_stem -0.7328339488267874 1.423387965944283 1.1987164393016116 1
active_stem -2.354950078196341 -1.9012189053738704 -2.2404657001889188 1
active_stem -1.957115575055455 -0.04397131220008291 0.40959144226748534 1
active_stem -0.7393602637175475 2.764691625779797 -0.28481377586955303 1
active_stem 3.1028902635882476 2.7311464072069462 -3.492274106975736 1
active_stem -3.131917373382257 -2.7308879982192886 -3.886057088896499 1
active_stem 5.136499412169953 -0.3193311321026722 -0.2506843241385694 1
active_stem 0.08186539110609437 4.274792519780815 0.737528492549788 1
active_stem 4.118914834146097 -1.9002594629633653 1.6056033960069311 1
active_stem 4.76051974930214 1.0854165249671461 -2.48520425506156 1
active_stem -2.3549749073746264 -2.0425166610417933 0.2883752257947976 1
active_stem 0.5460994182161348 -4.013963860737839 1.1995720092240472 1
active_stem -0.22560441218242175 0.18459625111861985 -1.9786426845888005 1
active_stem 4.082801129732241 3.2680085348400976 -5.151054909350219 1
active_stem 4.031534154631861 1.2316868405675847 0.9206924166590084 1
active_stem -3.899626586212068 -0.6782303746947302 -2.5843749024671037 1
active_stem 6.094851361050003 0.7884463151010193 1.1110758124290583 1
active_stem -1.1411146767889324 -4.6517253942611045 -1.4390053705196681 1
active_stem -4.659949027185983 -2.92942631217192 -2.6110269704809785 1
active_stem -0.00972446809898847 -0.3778336528834013 -3.885752658561673 1
active_stem 1.0815588088329033 1.5257580632620178 -0.7087262344706083 1
active_stem 3.216956256913944 1.8604082633583425 -6.277542429005345 1
active_stem 6.472828228266897 1.3891918298304764 -3.4729897768326534 1
active_stem -3.109539836193137 -4.416277475168075 -2.8095063205536186 1
active_stem -0.41340233922471625 -4.840599679086403 2.7474833766127347 1
active_stem 2.66213636709593 -3.4562870414035203 1.8876569048356113 1
active_stem -1.6393698103520675 -6.1255157206385675 -2.695860133709987 1
active_stem -5.3238243325114905 0.40232940436971387 -1.6876858017728633 1
active_stem 6.2294610761357285 1.2051013767455403 -0.9446153920897797 1
active_stem -0.33038531917445 -3.2352579859048305 -4.139933483213766 1
active_stem 1.9597214041846422 -0.8505181675592204 2.5629382169218813 1
active_stem -2.010342341210421 -3.8550012291162163 1.0604685393464353 1
active_stem 5.416297114923687 -3.1430638733857696 2.484373226485288 1
active_stem -3.4510905801095735 1.0666737180424226 1.140690820649911 1
active_stem 6.439333914008775 1.8972337398088646 2.739548169430168 1
active_stem 1.3167274374383429 2.426582557333014 -4.338951861396007 1
active_stem 4.04875528749139 -0.7522973785427325 -2.1215993203644876 1
active_stem 2.9606427554937227 3.3654215172817272 -0.7407325078876847 1
active_stem -1.6403991456709175 2.0591790343403984 -1.925051842897838 1
active_stem -3.0792884246426304 -1.077023317167956 2.9526056204242352 1
active_stem -0.6339114862052151 -2.7661295302550637 2.2653352938649736 1
active_stem 1.9628549071267352 -1.431826325252466 -3.1278600743841345 1
active_stem -2.11740086807648 2.8360155212325915 1.49444914997054 1
active_stem -2.175322851759148 -0.7099773585587945 -3.836923540742219 1
active_stem 4.590830235798605 0.26542422324447557 -4.301469129500993 1
active_stem -5.203869236969811 0.11131151798891092 1.0180121885898135 1
active_stem -4.630827611748139 0.6874910977407356 -3.8493452262232384 1
active_stem -3.2237578436918444 0.7773325915202705 -0.902306900226082 1
active_stem 6.120616704773228 2.6845494639169902 0.47536440297270466 1
active_stem -6.005137785361422 -1.6981447421176707 -3.4322534314058344 1
active_stem 3.9604932028411883 -2.749810580645282 -2.167976166303151 1
active_stem 3.731066204824958 -3.542324924007805 3.5758472035784887 1
active_stem 6.230348450784298 -2.8447079250142786 0.6820679941079022 1
active_stem -2.707039989494973 -5.4635961359848135 -0.4962732697829412 1
active_stem 7.522565690184394 2.5488625459688414 -1.6672400368492002 1
active_stem -0.3241411264221574 -6.661861440919876 -1.287844942987983 1
active_stem 1.986010446455108 1.1255549616393545 1.3539239041331133 1
active_stem 1.0016043343546286 2.978008392845463 -2.0815249313798376 1
active_stem 2.1529407484815932 3.5835390459278313 1.0758693228847864 1
active_stem -1.5573185192265377 1.3432763236765635 3.0191030240538472 1
active_stem -4.728066540472299 -1.275111560077962 -0.7759487431767795 1
active_stem 4.04494382193725 3.0816688858168444 1.680552017557835 1
active_stem 6.547488152850705 1.6382126681408944 4.719752892445569 1
active_stem -1.5746337600361042 2.9337542562899968 -3.722492549904363 1
active_stem 2.8225006300088626 4.4544922890562715 -6.153002488506982 1
active_stem -3.906077443296396 -4.489103129363074 1.124524786679554 1
active_stem 1.4880803476515045 0.5551121518305907 -2.940932927307979 1
active_stem -1.277463710997523 -1.2588958849867922 4.065949015116676 1
active_stem -0.8025949861775372 1.2778764983687685 -4.679465602013126 1
active_stem 6.272971496708403 1.1224715956572278 -5.445023651676928 1
active_stem 4.492752856962585 -1.3545401565892465 3.4930449371803816 1
active_stem 0.8624740953124552 -5.758002545636019 0.273161663172782 1
active_stem -4.072604737989562 -2.3410789429803898 1.2684815102279332 1
active_stem -0.7496553040211571 3.6585486502393847 2.6997338979422714 1
active_stem 3.2325373571664464 -2.197114500877663 -4.470335580421177 1
active_stem 6.875381416821524 -1.2666295574399051 -0.5316025813817264 1
active_stem -0.05891468344186013 3.47553704271013 -5.342596839895599 1
active_stem 1.7018912890954232 2.6999574749847333 -7.2774100525168635 1
active_stem -1.6061473787780418 -3.733964868073409 -5.597233250918989 1
active_stem 0.9572901921498228 -4.6780711392959615 4.194821090550862 1
active_stem -2.9855320093400923 -3.4015839656759566 -1.0780238246786915 1
active_stem -3.2875987711419468 -5.542461534699696 -4.4526753562105625 1
active_stem -4.23627397773375 -3.587177409010496 -5.316848805182307 1
active_stem -1.1153205970866882 -1.0173634988909388 -5.504829107859557 1
active_stem 1.525101647250426 5.173664920675717 -0.3156084956240821 1
active_stem -2.7143972575956266 2.9921547251844784 -0.5027344293704494 1
quiesc_stem 0.0 0.0 0.0 2
quiesc_stem 3.2108274673129533 0.13769638975803056 -0.53863120301126 2
quiesc_stem -0.8722280364941468 -1.5278722879442095 -0.9512226469579519 2
quiesc_stem 2.25304930045851 -2.596703476321557 0.1287470530947743 2
quiesc_stem 2.974169699616301 1.6701464731779498 -1.8017977964640477 2
quiesc_stem -0.26167560851909055 -3.0041148862163256 -2.1545237413398004 2
quiesc_stem 0.34845108852980355 -2.0994742202913415 0.6558215569067708 2
quiesc_stem 1.2470321188050737 -1.2673097047624546 -1.2676095489704342 2
quiesc_stem 4.203819617178483 0.7029325137983049 2.841821402780935 2
active_diff 4.12616825608622 -3.296293487006256 0.1734594117704398 3
active_diff 0.42135178175299903 0.8559310224876471 2.7303325519907076 3
active_diff -1.2803507718482372 -0.8576827936192569 2.106607360326744 3
active_diff -1.2292985553552596 5.282747699113019 -0.3871383300947109 3
active_diff 2.269830401533298 -5.146736277254725 -2.8868217769769218 3
active_diff 1.839012728207137 2.21742762373481 3.099878822018132 3
active_diff 3.158100186152428 -4.986393971076044 0.6277771042739712 3
active_diff -5.2666016947114525 -3.727911126133254 -0.8805950755895999 3
active_diff 3.000556924829748 -6.474155516019042 -1.5814494497424878 3
active_diff -6.486040055495172 -4.388861894626445 0.5602776342211504 3
active_diff -3.574149487615135 -2.409772146680714 4.359336968545153 3
active_diff -2.4915521591493848 6.541962706642176 -1.2932803744354913 3
active_diff 1.0321879766533857 -1.870813806779035 4.011619876017885 3
active_diff 5.481226324016185 -4.670822390355358 -0.3504565417906501 3
active_diff 3.2109271410656084 1.6672655668078267 4.447162220160136 3
active_diff -1.5497371839629108 -3.4784826023481075 3.8943891272315176 3
active_diff 1.5226704586748245 0.5198046229110016 4.365605072205856 3
active_diff 2.135288875202207 -6.07780881350939 1.955433183199717 3
active_diff 4.495358084165548 3.1489641789578187 -2.118788876525172 3
quiesc_diff 1.953026669709313 -3.930359668393795 -1.3311664999574977 4
