111
 Lattice="1.0 0.0 0.0 0.0 1.0 0.0 0.0 0.0 1.0"Properties=species:S:1:pos:R:3:Color:r:1
active_stem 0.5904594825771878 5.2020267836510214 1.4942240221330814 1
active_stem 4.337736675462539 -2.4952189312227606 -1.1792920234349396 1
active_stem -2.358397799752677 0.5109868292602913 -0.6463441079905714 1
active_stem 2.2814458104566087 6.043281745948462 0.836306605328507 1
active_stem -0.033988874892761034 0.8358570913013705 -3.6918246526988665 1
active_stem 5.754148676636139 -1.8937814485935913 0.09822509872823737 1
active_stem -0.13745929917083577 6.319286853446563 0.003632131769077729 1
active_stem 0.5933451724872703 4.425223415179447 -2.370788968110998 1
active_stem 5.149856418778438 -2.503619478320738 -4.173292054289592 1
active_stem -1.2117460831271831 -0.920919203515567 -4.767185100984695 1
active_stem 3.274026151502211 0.4971942737776884 -1.3793596325560213 1
active_stem 1.521855187548353 -4.109878510103953 4.193850658299871 1
active_stem 4.25191421012754 5.7589573243518055 1.0271308940917765 1
active_stem 2.469749620680819 -0.5484551984745356 -4.296215158282611 1
active_stem 3.617749902399608 2.3477217250926334 -2.055674747719684 1
active_stem 2.1560735373079605 6.94926263441371 -0.9423109541432474 1
active_stem -3.7806881100750642 -0.846208836964796 -0.27877071838940776 1
active_stem 5.4701569441878775 2.6429238956508163 0.8204899384527053 1
active_stem 3.909759432642392 -0.6887863192739844 -5.677040606335176 1
active_stem 0.008161506653535322 6.33444152808497 -2.2592260952774934 1
active_stem 5.913395849913131 -3.6812503673746813 -1.5118992970010616 1
active_stem 6.93688111035187 -2.6650294102024685 1.5146715579885281 1
active_stem 6.187262763595871 5.926864160854151 1.50277074822914 1
quiesc_stem 0.0 0.0 0.0 2
quiesc_stem 1.9926094204465348 0.13044302219694964 0.11176902749801518 2
quiesc_stem 1.8039623623084582 3.6197589932839103 1.339823891139959 2
quiesc_stem -0.47935176220588166 -0.11519948354437967 -1.938285574176629 2
quiesc_stem 1.3992571290868778 0.42766147470452887 -2.35796475350873 2
quiesc_stem 3.7125659452308595 0.9118676070361471 0.7683702543173968 2
quiesc_stem 1.0644190014850496 4.108137469902394 -0.4530960962096793 2
active_diff 1.0316155119534163 -2.188216750076382 1.3189954695136596 3
active_diff 0.26419180417919497 -2.1813996283588253 -2.4230820661917467 3
active_diff -1.6747159852054414 -0.28899328515427397 1.0544236577548458 3
active_diff 1.0991110998155027 -3.959743147954391 2.244813252471255 3
active_diff 4.2861835577888945 -2.561165405598343 1.2979861071655876 3
active_diff -1.5248422290283736 -3.0476719933522807 -2.644282015725433 3
active_diff 4.6724479857151815 -1.2390723693754582 -2.699181543744939 3
active_diff 2.7027098247918113 1.3091006693004328 -3.592499490277877 3
active_diff 2.4411997652505892 -5.124042208047257 1.3265509191603773 3
active_diff 3.4766897627752043 3.2575017157359403 0.1280247311002865 3
active_diff 5.114834921066208 0.4043383709696625 2.1010576872691193 3
active_diff -2.0795710533953633 -0.7154620400744578 -2.977026679232652 3
active_diff -0.8564452994953577 2.5464867566485023 1.030498780513509 3
active_diff 1.8148376941356466 -3.438760066015484 -0.3559432660019152 3
active_diff 0.7544183237137394 -1.2994667949363752 3.089104289917268 3
active_diff 2.868154986368927 4.829737798056412 2.5244948795990343 3
active_diff 2.3571191607900763 -1.4326476776909183 -1.9873133964822158 3
active_diff 1.2969913411602327 -3.8940836544133344 -2.4292903920105022 3
active_diff 4.000472805842037 -5.95605858626866 0.39037981767516206 3
active_diff 4.481474778597614 -2.1393358333546173 3.2432164665461203 3
active_diff -1.5085319758322369 2.1631487889204184 -1.386674399403829 3
active_diff 1.37468588507955 2.448993903716245 3.4601856141156464 3
active_diff 0.02192790824522617 -2.653378941197886 4.365967513388096 3
active_diff -1.1198711579593883 3.9119458559848255 -0.406904525845609 3
active_diff 1.202303963809919 2.5155612064366055 -1.8412511317205544 3
active_diff -1.383260160492486 -3.431339682963272 0.47588889118436073 3
active_diff -3.1610673016028277 -2.4893113438152747 -3.6497674193625693 3
active_diff -1.1067556855068847 0.08242587826169873 2.9357712872517725 3
active_diff 2.6358396741804992 -5.098816464058244 -1.1110382958357312 3
active_diff 3.3460538744926853 4.852889868756325 -1.0710044202946418 3
active_diff 5.0154835888091025 -0.05279172080054728 -0.5626934358147649 3
active_diff 4.100440851940476 2.2329500087941714 2.2189888618467006 3
active_diff 6.3325720848579685 1.8434218461097895 2.7690060022598937 3
active_diff 2.5925976605825043 -2.2405315236667005 2.568234396270871 3
active_diff 2.997319600780503 0.6421941716772379 3.7379153051053016 3
active_diff 1.1435429803591355 3.05012849205767 -3.7675909158623924 3
active_diff 5.164382485031178 -3.971865262083191 2.410951766610717 3
active_diff 0.982018874205138 -2.6453886437502785 -4.231240933972463 3
active_diff -0.7786677112200346 0.3034801173499085 4.896254213601677 3
active_diff 0.721850105368643 -5.512194121272062 -3.454439686471731 3
active_diff 5.8037770686200165 0.33223668778532206 3.9772666480743735 3
active_diff 5.959121750533675 -0.520268903857206 -4.051140197286813 3
active_diff 8.288360256955828 1.9642260733506005 3.1693795335564365 3
active_diff -1.3600157031093656 -3.5534160452361636 5.4974113106624545 3
active_diff 2.179897185311451 -5.935275962242028 3.1358659159954247 3
active_diff 2.5722140002203546 -2.447139670841392 4.5574296053721 3
active_diff 1.6115572820842345 -4.225779256173655 6.188473567848531 3
active_diff -3.273397225108114 -1.2262846881205562 1.8065560391271354 3
active_diff 4.4893264490767 -3.3113648171755763 4.863798587993317 3
active_diff -2.3231726029163258 3.990881493966397 -2.0024717596596493 3
active_diff -3.064647343266615 1.9737869825832663 -2.628707840795526 3
active_diff 0.3400316657935998 -4.781126910598131 -0.5075956096408669 3
active_diff 0.9056319008644156 0.47108653685043456 -5.419266472376461 3
active_diff 3.7698509870755363 5.922161227094044 -2.7071751844892136 3
active_diff 3.687928193238428 2.4446930649599175 4.261420330618906 3
active_diff -2.731292107771872 -4.076646162305557 -1.4253928289218445 3
active_diff -4.3501019033802475 -1.3554831882047196 -4.790219272498325 3
active_diff -0.3462369048225634 8.210560048439794 0.6196659078547988 3
active_diff -0.43711881129050245 -5.23690797608684 2.150751240986028 3
active_diff -0.2344244982403686 -2.192255981184565 -5.962402787207809 3
active_diff 5.094356525814937 3.6877367369573366 -0.9665309185910287 3
active_diff 2.7514509461310768 -7.392308016258211 -0.22373089613698482 3
active_diff 2.3890261721247708 4.519700567085007 4.441344507183987 3
active_diff -2.3536123977718573 2.61756509495865 2.3546734478672513 3
active_diff 4.412848417595633 -5.4272578238742675 -1.9679899858325283 3
active_diff 3.121983578866504 -2.8225144975538603 -3.205201997711688 3
active_diff -0.8111391160824586 -2.1513231321077475 2.095458116268511 3
active_diff 7.122639598029112 -2.1788700366803897 -4.12167492709438 3
active_diff 0.9644758234629844 -0.7252404822920547 4.993346918540523 3
active_diff 0.5629505173447811 2.4896610144555344 5.287596864730192 3
active_diff 3.8065704849647153 1.3492316381913794 -5.25979704868145 3
active_diff -0.8386070729830082 6.412034299153264 2.1968267492893365 3
active_diff -3.141121407245449 -4.372719768658684 0.6299258069552803 3
active_diff 6.058451478167514 0.7624623876956601 -2.061886125347139 3
active_diff -3.6728345909419353 0.287927800706395 -3.6513560700665058 3
quiesc_diff 0.927159011804838 -1.66441232508287 -0.6083648403230678 4
quiesc_diff 1.8343022500566162 2.1218164365334107 0.014966318460085865 4
quiesc_diff 3.4975110832596843 -1.186423904132403 0.0781166337926591 4
quiesc_diff 0.8286263387174948 1.6947921797924752 1.6901577240932093 4
quiesc_diff 2.381337926696202 -0.22056051568042623 2.041972815916862 4
quiesc_diff -1.076223430117165 -1.6448292906969801 -0.3691608496741128 4
