8
 Lattice="1.0 0.0 0.0 0.0 1.0 0.0 0.0 0.0 1.0"Properties=species:S:1:pos:R:3:Color:r:1
active_stem 0.0 0.0 0.0 1
active_stem 1.7804750435723302 -0.7055665566210295 0.5762676924781164 1
active_stem 3.2108274673129533 0.13769638975803056 -0.53863120301126 1
active_stem -0.8722280364941468 -1.5278722879442095 -0.9512226469579519 1
active_stem -0.7328339488267874 1.423387965944283 1.1987164393016116 1
active_stem 2.25304930045851 -2.596703476321557 0.1287470530947743 1
active_stem 2.974169699616301 1.6701464731779498 -1.8017977964640477 1
active_stem -2.354950078196341 -1.9012189053738704 -2.2404657001889188 1
