439
 Lattice="1.0 0.0 0.0 0.0 1.0 0.0 0.0 0.0 1.0"Properties=species:S:1:pos:R:3:Color:r:1
active_stem -0.023456725130528433 0.34293094737948226 -6.298389084140787 1
active_stem -0.47585117957299317 4.692532200153858 -2.552500434042475 1
active_stem -3.6137868781611084 4.7968978290729005 -2.441724649985016 1
active_stem 1.878986685497397 -1.9533618661824228 -7.095659873796382 1
active_stem -3.2610073672894186 0.0027088467217357137 -7.449563862829503 1
active_stem -4.81304974555308 0.593191702890401 -6.179613967631934 1
active_stem -4.288357717884533 6.649320725366335 -2.7785979132201337 1
active_stem -0.2931251263800477 -1.534421254496297 -6.933076143627344 1
quiesc_stem 3.1741863802371957 1.7694352574691057 0.6172605299546289 2
quiesc_stem -0.41661763261640383 2.7039620117321252 -2.3473663495140937 2
quiesc_stem -0.6401711981851255 0.765036321617298 -2.7839336084035473 2
quiesc_stem -1.654057260659242 1.4330677958280216 -4.373200421051624 2
quiesc_stem -2.1175816919223567 3.619522104681917 -1.8292244913833462 2
active_diff -4.267644097968659 0.230488177779532 -3.134172524770679 3
active_diff 6.368743793856071 1.6732334175167078 -2.320257975769537 3
active_diff -0.07748897179243297 4.214412631873255 -5.973725332411489 3
active_diff -5.8363058422902725 1.1579518942186016 -2.310090376807929 3
active_diff 1.1663560037427374 -6.581837140409142 -0.6210892641857528 3
active_diff 8.191480667870806 3.47473572677129 -1.6217437681981772 3
active_diff -0.8905139053546203 7.299909251030329 2.2877764393840376 3
active_diff 9.176796928023645 2.8917517474376844 0.9469562055009818 3
active_diff 3.290449718717828 -3.674847394843587 4.912813572615336 3
active_diff 1.2457094981713788 -1.7919996529127322 -5.205442362465701 3
active_diff -3.039113480280255 5.7808536183584955 -0.7599170209950925 3
active_diff 5.7395160183877945 7.0322255023123965 -1.591702718252232 3
active_diff 1.4112306989186034 5.54980469484431 4.438056435795909 3
active_diff 8.321314926786574 1.6799646213226196 2.9988312301272115 3
active_diff -2.9344008235742165 0.4090968563081401 -5.518715098356529 3
active_diff 4.555202751923399 3.996323879805201 -4.212901864783565 3
active_diff 7.1959883304618035 -2.2602588790112392 -0.8539984116107618 3
active_diff 4.7606915850723635 1.7606962608549166 5.582118424066465 3
active_diff -5.277333649508412 3.6641972938757634 -0.7068124227066968 3
active_diff 5.64937771833274 -5.879909853884444 2.5788780969039378 3
active_diff -4.656250767011486 1.0240702718742576 4.976328555651786 3
active_diff 2.194113658813234 6.163322831674832 -5.006911880607754 3
active_diff 0.45303634027342077 -6.306764090060016 3.119996937350799 3
active_diff 3.1680496564576552 -6.151142754238163 0.7851942018553718 3
active_diff -0.7182819429534189 -5.3515141947981455 0.031127035143527215 3
active_diff 6.208150206506011 3.4013862436975693 3.6455059179033986 3
active_diff 4.7788379573965925 -1.5227385583228497 -4.63188910925949 3
active_diff 3.520260043907298 4.218964794592957 5.951585493716375 3
active_diff -0.027739129436211596 -5.104295010217073 -1.85292288112847 3
active_diff 2.593099785557354 -7.308372715353392 -1.8196501676836747 3
active_diff 7.3317749887797286 -0.10698000525213724 -0.8806990679335265 3
active_diff 1.1822466291299367 -3.877263694200342 6.416524393533997 3
active_diff 5.102505027441206 -5.6464730669398735 -1.381489280196332 3
active_diff 5.895772699490033 5.86239421445899 2.4321218526441593 3
active_diff -4.814457797576372 -1.6186309741286804 -2.6033682859334415 3
active_diff 9.532448055767942 4.555377081412009 -0.6048756709325569 3
active_diff 3.6742334194873916 7.899797561232464 1.4314365898064634 3
active_diff 1.7675835757653433 -1.4126439874964891 7.27612501914782 3
active_diff -4.349858075028188 -2.838513701018006 1.2708320942454505 3
active_diff 5.127076885601566 1.6252244122851132 -7.181319628587747 3
active_diff 1.2380379631015879 4.6233121956127174 7.079500597500759 3
active_diff -3.490354710230761 2.3703234923131764 -7.308888627747854 3
active_diff 8.661723248326174 -3.8817842448529767 4.405243180289178 3
active_diff 0.5869724186383488 1.4739206307325636 6.822686469323239 3
active_diff -1.5925909364890527 2.8112872157761704 6.464258559854413 3
active_diff 3.900900604411201 6.134273144507726 -2.3070810408450235 3
active_diff 8.882550250563064 5.233071264668556 4.5177292942541385 3
active_diff -4.209870259701015 -1.4131020429397667 3.7192456820919584 3
active_diff 6.8249232369819985 -4.005923508400283 -3.291172107048901 3
active_diff 1.216446377325068 3.0120129300934977 -6.911790505767861 3
active_diff 7.847130749701219 -1.3980252806433255 2.057872954723246 3
active_diff -5.500138282593027 1.8389887287767719 -4.16027420599415 3
active_diff -0.4050256613451626 -4.906480917076939 -4.559469629760646 3
active_diff -6.143238273270381 -2.4750597275209874 -1.378267376711142 3
active_diff 3.400898631688199 0.15652201462411264 -6.7238168757515995 3
active_diff 11.319938211634426 3.665849303370592 -0.7215773194775318 3
active_diff 2.408689148314571 -2.9460706273979627 8.388593618653802 3
active_diff -3.6746518041633385 2.6066979731520443 3.8925824951817347 3
active_diff 8.275905671403503 1.0760853255187168 -2.2418505204294306 3
active_diff -4.554942526033175 -4.685504899435879 -0.5879465491572893 3
active_diff 6.525206229419203 -2.0495784938006767 -3.579067746524161 3
active_diff -0.8370364391129959 3.8160826093396705 8.019740356137603 3
active_diff 8.2451623346306 -4.692700754655165 2.427553439922049 3
active_diff 1.5044878986762875 -7.771467266145793 2.2544946402444195 3
active_diff -4.894043118010584 5.631222912943876 -5.123341507415497 3
active_diff 9.81499952331239 3.8158410383913255 3.45848577198202 3
active_diff -1.679020263001844 6.288534719002797 -2.48066648309434 3
active_diff -5.439269424992763 1.158422130728182 6.811766203537351 3
active_diff -0.4336604161193255 0.9793122953107042 8.470008906232824 3
active_diff 5.091490398882343 6.340308541068923 4.199811836026476 3
active_diff 7.370213011424477 -6.188006492329189 3.5503730044710977 3
active_diff 4.584866699730521 1.152264632526307 7.47919421679166 3
active_diff 4.93572211873687 -6.738282016974111 -3.0488634667511256 3
active_diff 3.5270897779356254 -2.9259770213453296 -5.313100024549653 3
active_diff -4.467325884363002 7.554903026724715 2.8551868782197407 3
active_diff 0.046692739037694775 -7.83416268872611 0.4642838950100385 3
active_diff -0.13774882311368614 0.27946086695448985 -8.294111726501056 3
active_diff -6.2241780848939925 1.411042002498156 -0.3644541002884445 3
active_diff 5.777474381285624 -3.239242665475128 7.80724967890391 3
active_diff 9.527516117109752 -0.9611865237012198 1.0651610542039824 3
active_diff -1.9423455057188586 5.58828042475046 4.507470718345701 3
active_diff -6.611026460935847 2.3602855869741672 -5.73957058123589 3
active_diff 2.9266570736267585 2.3683802948478787 -7.724758158938678 3
active_diff 10.112772279337051 -4.227857058937391 5.737418212690736 3
active_diff -5.5214125157324245 4.89709963734023 0.8489437659496832 3
active_diff 2.013828010757922 -7.543649787019339 -3.719410392151229 3
active_diff 0.4193812195717832 -5.7552361808198516 5.283473282412406 3
active_diff 6.837874744533064 -0.2917655045000579 -5.769728945024131 3
active_diff -2.025121403851919 -5.123510350432059 -1.7524498969468632 3
active_diff -1.42567758450134 1.9719312614359916 -7.488900583944327 3
active_diff 5.450523399761679 9.00555694163355 -1.4418818353075464 3
active_diff 3.5728383602342406 3.5579211124452113 -6.004892524057168 3
active_diff -6.209382425729707 2.789628948691698 1.7702741211946837 3
active_diff -2.5774835196272576 -0.6620808380095686 5.599757477512345 3
active_diff -4.819013775673131 4.7940278811289305 3.5471978487013547 3
active_diff -1.855690168530008 -3.744751752945069 5.148859317702817 3
active_diff -5.297518528832973 3.876288170457378 -3.0052187360139726 3
active_diff 5.929011202459048 -0.7540564115375357 5.7723122898930725 3
active_diff 6.983501901202241 5.113853391840942 -0.6328879146458314 3
active_diff 6.636441330274474 -5.335665706045411 5.234228905694486 3
active_diff -3.7349484161283675 0.9533745448630826 7.853376948164098 3
active_diff -2.7740763663582033 6.067099618570033 -5.320833096157211 3
active_diff -0.4278125598112611 8.568206103864659 0.04772491918109928 3
active_diff 3.0581495697280716 5.510898304542736 7.406701198917407 3
active_diff -2.526313249996025 -6.139222829948211 0.36359943830479247 3
active_diff 7.543782105481317 -4.203767489727986 -1.1730811126892375 3
active_diff 4.161401615672733 -7.515434573981492 1.858488064553283 3
active_diff 4.283553796019111 -0.8579618152884965 7.031293409859449 3
active_diff -6.055605385317438 0.17475614649744714 2.528041680870671 3
active_diff -2.95504629989639 -3.2443276318270833 -5.468318726525675 3
active_diff 10.253842468655993 1.2383513208410573 2.733661486842046 3
active_diff 7.983695149336928 -1.2180265977553935 -2.410593042542871 3
active_diff 0.43868233266803935 5.612712186732504 8.62291183034389 3
active_diff 7.228540306253141 0.6027238869588797 4.70755311752675 3
active_diff 2.514978041819568 -4.730555586444754 -4.4076407519191685 3
active_diff 5.571254517090115 3.7774252265976607 5.503719728029379 3
active_diff -4.3064703601094045 -0.940303516498965 -4.7552028545229215 3
active_diff 5.470648526609875 8.459126497728342 0.5641578658585138 3
active_diff 6.297880993712372 4.708792720923095 -4.887780147165964 3
active_diff -0.37033800305798104 -4.726948153076045 7.347930470516004 3
active_diff -1.787838126424231 -3.617881742395192 2.4510223934403035 3
active_diff 2.9778796269328645 7.038015654348655 3.2828210403370877 3
active_diff 5.3203046788107375 -5.099335504728595 -4.526681717182502 3
active_diff 6.87525383116005 5.47255368156717 4.5312604531384455 3
active_diff -3.8232780098741665 7.165723528835173 0.4513720946098809 3
active_diff 3.8327614661744014 -4.548954871185061 6.627991140208422 3
active_diff 9.396528829921325 4.8039533206848875 1.594953821045097 3
active_diff 1.8847674286873817 8.882628363963597 1.3105316302882515 3
active_diff 1.3115617722566375 7.956751029430544 -5.075595699881968 3
active_diff 8.396141758740571 3.9078658197877916 -3.6833053429988363 3
active_diff 3.608621102368322 9.834222021428538 0.9277531260741332 3
active_diff 3.2564226750965353 -6.866533595646103 3.8988206078528673 3
active_diff 7.3601941560148765 -2.0109448582638523 4.887897785273071 3
active_diff 0.819173654098596 7.4132621731328 4.858763795239146 3
active_diff 1.5604423248418116 0.9144428167597433 -7.4034620737511645 3
active_diff 7.026870982915943 -6.4336655611118765 0.6461866721361325 3
active_diff -4.154683870921382 4.1379029088211094 -6.649851623784062 3
active_diff -0.1095149153968109 4.769729372347086 -7.894818161164377 3
active_diff 10.212939837986779 1.6113970141734353 -0.1875479272111743 3
active_diff -5.671754479333536 -0.7179625614673898 -0.29511590214968064 3
active_diff -5.8702331748121015 -2.3769802216143794 2.48551164184088 3
active_diff 0.8132810287278045 8.242131181419113 -1.7902557356457955 3
active_diff -2.159801654243732 -5.675305377510764 -3.985300522453856 3
active_diff 3.1398401074858384 7.507292187181223 -0.8764729055050314 3
active_diff -4.644790843414443 -2.2408420797320634 5.487207932071708 3
active_diff 7.118091768768728 1.4581962742421195 -7.092093308991228 3
active_diff 10.04499198802674 3.4322308708308995 -2.371869839785676 3
active_diff 5.125562477897804 6.9299892876984615 -3.6734774383424496 3
active_diff -1.6148112682488183 9.046879784800392 1.6370174331123954 3
active_diff -3.1051710634621843 3.6698424926056226 7.451671440119932 3
active_diff 3.754175154832528 2.7309749486927055 8.383420568356783 3
active_diff 9.294886501429513 -2.3556789242451077 3.051302762124792 3
active_diff 4.8744981472158155 -3.8399081552249306 -6.474659566251776 3
active_diff -1.3200582792859632 -1.9161531220728372 6.519640334889834 3
active_diff 1.3075212084544185 2.3259310762059764 8.482471889881811 3
active_diff -6.958601603987827 4.7982421351897155 -2.38007562891895 3
active_diff 4.060000767240219 -9.512858304795579 1.8544498077636085 3
active_diff 2.7309162323126817 9.361463970038265 -1.5048265193007249 3
active_diff 6.06949670577153 -8.241642542084572 -2.3747252633135907 3
active_diff 6.646129046013083 1.8360588076102216 6.2450257082533 3
active_diff 6.732031917972043 -5.637356718482289 -5.837238612460611 3
active_diff 5.621238132789794 8.152895996739485 3.541105487214171 3
active_diff 7.783676562000003 6.044171047022235 6.218868739916954 3
active_diff -0.11127940498349109 5.8010758656744095 5.710387282009151 3
active_diff 11.697104924573647 4.009468099286912 2.810266812191323 3
active_diff -1.1720278346387392 8.16860386579926 -2.0207822002783433 3
active_diff 6.341138370670025 2.6917815424772202 -4.041245383553261 3
active_diff 8.736962337497774 3.4146093601772893 -5.591325101321091 3
active_diff -5.0153922429229 -4.622865095899689 1.8816957213738696 3
active_diff 2.792585549073433 10.646340432797816 2.5631581712154716 3
active_diff -0.1781916124153628 10.427599092872489 -0.6453458528542708 3
active_diff -1.8126406570357996 -7.027165601752588 -5.417764545084246 3
active_diff -2.8518479972770017 -1.9516260880231802 -7.334831248605705 3
active_diff -2.9706446405616704 5.628813248360824 -7.262417914419414 3
active_diff 5.961184772913008 5.6370377865248855 -6.62703192683599 3
active_diff 9.406174523255807 0.8850529100503508 -3.8807522681778424 3
active_diff 9.330874482671524 -0.16695540041057644 -0.8786581129708659 3
active_diff 4.266593407915699 -7.308603933370717 -0.4204115566467862 3
active_diff -0.8269003661338218 -6.891347066503374 -2.2625400998618237 3
active_diff 0.6693018393689463 9.375325631105026 2.8204630208269594 3
active_diff -8.453611487733058 3.1356062717008744 -5.67826597408739 3
active_diff -3.6404219409138507 -4.517519577094029 -2.7641708849651065 3
active_diff -1.0944462563556574 -5.495346008558602 1.9901606792326225 3
active_diff -6.120135163860332 -0.3466953136534904 -3.6190808336381584 3
active_diff 10.195721981014243 6.613412633563251 1.2997466018177677 3
active_diff 4.812333642592785 -1.3459101216822742 -6.623775085681958 3
active_diff -6.4352150123141065 -5.345456221847951 -0.7583567289631915 3
active_diff 11.3718588506737 2.7098839249090094 1.0343937629792825 3
active_diff 8.374733421876982 5.421143474355199 -2.0435438491541733 3
active_diff 2.156767025131974 0.09673236571468946 -9.1284972821094 3
active_diff -0.0041999280634476555 6.23998855377138 -3.7284782954830047 3
active_diff 1.2764125291214374 5.7634710293991 -6.738368831496008 3
active_diff 7.1217829871580225 6.977700209662456 -3.786735313716397 3
active_diff -4.1679912893518445 7.501025893196265 -5.350101276698018 3
active_diff 4.378457630745607 -4.109831175176664 8.940752117579764 3
active_diff 7.958204166773957 -3.6435510188093923 6.262204631666344 3
active_diff 7.9011710777642215 3.055068221911802 4.652354544694181 3
active_diff 1.7982883012739768 0.3934716394146671 8.134614135012873 3
active_diff 4.125632904642441 5.658670947993118 -5.2386074615285825 3
active_diff -3.3231778463135853 -6.1449969067498635 2.1979858412125166 3
active_diff -0.4834538782131562 -8.658356922659404 -1.2791748595834243 3
active_diff 9.109542095450546 1.253918049523127 4.901919862826466 3
active_diff 7.324422564584114 8.158110175629565 -1.1221764227015505 3
active_diff 9.14228581958875 -2.6563537431525592 -1.0885936852609657 3
active_diff -5.324961037415687 7.372473512399362 4.652735602608406 3
active_diff 8.158690460332727 -7.968943386466163 0.044599879133318754 3
active_diff 1.18614272440735 5.513872126485644 -9.224300331740647 3
active_diff 7.923630142736139 -5.552301788821536 -3.9248576355956466 3
active_diff -6.594836898662277 0.5333040438542002 5.008458286528179 3
active_diff -1.6482820406339602 7.543797567459498 -4.0373842940575315 3
active_diff -1.1642572533208424 6.751424069308771 8.256961106680983 3
active_diff 4.119131986546912 0.03868720015941442 -8.586679137022806 3
active_diff 1.3288544243665164 -9.160554861930736 -2.7621073238014686 3
active_diff 2.189010816017797 -8.106295033549248 0.172765424641801 3
active_diff 8.228399384471286 6.143232060931305 0.5463532870479314 3
active_diff -5.016977376104251 6.076821337874088 -0.7385273365499027 3
active_diff -7.4940596246985205 -0.6771823743646767 0.5280128444727252 3
active_diff -3.2481867793011565 4.561341064168637 5.621101769410981 3
active_diff 1.5816618288375666 8.51683581639601 6.342251913586576 3
active_diff 0.7207382887973389 -3.559685459906138 -5.979840268636959 3
active_diff -3.5611464104778427 -3.6600185897051225 3.37492834958823 3
active_diff -1.370086020784559 7.7762138599556305 4.170100669058238 3
active_diff -5.280608622654902 -2.1618034256885506 -6.003799113244961 3
active_diff 5.3653062470161865 -6.700012297373827 4.380748064844686 3
active_diff 7.522307478667405 -1.088735707106555 6.933947665274697 3
active_diff 2.4552065377724483 9.597412149864933 -5.058053231319727 3
active_diff -2.621766560723887 1.9811561986406476 -9.091799851363358 3
active_diff -1.9969894102536063 10.978096379776987 1.2843953534566028 3
active_diff 9.250148919244547 -1.4188205946084533 5.166213881350953 3
active_diff 6.482859585554973 -2.5744261382474973 -5.508508523503869 3
active_diff -7.616721755682503 -0.8585722145412098 3.2317093413833358 3
active_diff -7.309919400870494 4.624774396022685 1.7016348499625633 3
active_diff -2.8250096412491246 3.896151519995114 -8.41756566328258 3
active_diff 10.10049209083368 -4.274248687320123 1.8089668549636861 3
active_diff 6.877799748818802 -6.10652938709847 -2.179409598605991 3
active_diff -3.126339209702417 -5.260049538195081 4.849988716632645 3
active_diff -0.8060609878664726 6.05236299247294 -6.275588363214038 3
active_diff 5.635372932200026 3.3621431968842446 -6.329998147172499 3
active_diff 2.831035380616404 -4.5995245308614185 -6.378158100501865 3
active_diff 8.815157321171789 -0.19389029503132238 3.4935912143256505 3
active_diff 8.203433949663388 -0.8482003372436812 -7.120887090539827 3
active_diff 8.510624084129713 2.150700556821491 -8.349587471715099 3
active_diff 3.6946318890948855 8.953842927683747 3.1310166167249527 3
active_diff -1.459231457324908 3.3691771418081222 9.867211292959801 3
active_diff -6.076690836065575 -1.31238062563274 4.429763895621742 3
active_diff 3.12814592663411 -6.399092927630187 6.911727132870251 3
active_diff 2.3786291199954674 -4.153872535188265 9.982428913229612 3
active_diff 11.866932238181322 3.2908876973905383 -3.1846156993189436 3
active_diff 4.661112379203708 10.760610847274195 -0.8972571673782114 3
active_diff -4.460323964124811 7.966629427377338 -1.2669765876584334 3
active_diff 5.98830605713764 9.87525472308199 1.8781637754512437 3
active_diff -6.092394792237959 5.00418315452304 -6.596696320838247 3
active_diff -0.33350249788394276 -5.8042020181257605 -6.345241524998163 3
active_diff 9.347868877874676 -4.909002221478045 -0.6751705877866863 3
active_diff 11.499199425758615 -0.8271030497439775 1.372547703892976 3
active_diff 4.419763064325604 3.5966469992586445 -8.236613024476886 3
active_diff -7.869913531355472 0.9465563636406227 -1.4016657139697346 3
active_diff 3.727049260083326 -8.920157023747711 -1.4786077473953532 3
active_diff 10.494833697935718 6.3788105766860195 4.814079617732781 3
active_diff 5.2458425599118526 -0.7521878998705731 8.781382611501165 3
active_diff 8.735005401025056 -7.2311297776244015 2.5260510116566977 3
active_diff 3.2138272235869034 7.293789146851475 6.513916391418621 3
active_diff 1.0580602904101544 7.4129438674244295 2.866020668272345 3
active_diff 7.1088703260956825 -6.409815506588416 6.853800778104225 3
active_diff -7.133530004653176 3.501691744447834 0.019911071858065288 3
active_diff 1.6156438459892717 -5.2248776813033295 7.829359626030332 3
active_diff -5.350918962079034 1.717232474490951 8.750684174238051 3
active_diff 12.095458603895658 0.936047271681154 -0.18246645926185567 3
active_diff 1.946809208447538 -2.0708446430517866 -9.091054046013927 3
active_diff -7.190146682400723 -3.558421681974115 3.413964337581571 3
active_diff -6.184815393162739 2.805615056650053 3.7700593359773107 3
active_diff 3.657300000914196 8.071090257068763 -2.742280096986719 3
active_diff 1.5654406145052349 -8.181142949957696 4.211137326205841 3
active_diff 12.249251792824483 1.3661976127119246 2.688974188016558 3
active_diff -7.302640432841649 1.674755375294795 7.322890912061153 3
active_diff -4.623704448812803 -3.6745269875975595 -4.453179082757629 3
active_diff 8.1969142526271 1.7242690640570157 -0.34796237358574256 3
active_diff -4.724444500531366 3.0714021497199355 5.530259301799178 3
active_diff -7.100943107457295 2.6993421604433485 -2.4675979472243363 3
active_diff 3.577711832791678 -8.541351993652258 4.943692184099271 3
active_diff -7.3746488176040845 1.1417077059980145 -4.16334493964714 3
active_diff -6.133246207190327 -2.5065833315906327 -3.8167675366113283 3
active_diff 1.3957624568618787 6.616996183205031 7.060868858825244 3
active_diff -0.18141106149758063 -0.3754859640490366 -10.183328034258786 3
active_diff 2.742294391149345 4.528464397259533 -7.5438020235789995 3
active_diff -1.3477867458237582 -6.109391212459442 8.41256427743192 3
active_diff 11.13435141711824 -2.708345448828707 6.54206753506363 3
active_diff 8.582698777781044 -0.993027868427777 -4.305473045316593 3
active_diff 4.879905709800895 4.6455024831567595 7.3549490472731165 3
active_diff -5.353286077212043 -3.254515324783123 7.058990695672881 3
active_diff -0.6909947484341936 -7.537733894381892 4.204389029224505 3
active_diff 1.328129955570494 3.303965625304141 -8.887212081561124 3
active_diff 0.7350673699336883 -7.4307113982958 6.3289994896848984 3
active_diff 10.636324504261388 6.222858087670485 -0.6359220914784961 3
active_diff 6.849146194104998 3.948765095957976 7.032652529359668 3
active_diff 7.158407204268388 7.36105826629155 2.0324217562119298 3
active_diff -8.093447896588309 -2.0365196931915883 -1.4443360032180652 3
active_diff -6.407099350591013 5.25222018637695 4.673272454644162 3
active_diff 3.314291828582211 -2.614501829285998 6.608425213115475 3
active_diff -1.9735787783351397 -0.2953629211798986 8.407924043543126 3
quiesc_diff 0.0 0.0 0.0 4
quiesc_diff 1.7804750435723302 -0.7055665566210295 0.5762676924781164 4
quiesc_diff 3.2108274673129533 0.13769638975803056 -0.53863120301126 4
quiesc_diff 1.1405997372821433 1.5001486593714393 0.6697658091437483 4
quiesc_diff 0.6398965396298383 1.3292026513851147 -1.3504638944157448 4
quiesc_diff 2.8383583613169794 -1.8392774895214314 1.8394313424695468 4
quiesc_diff 0.8885302475175852 1.7779216844533257 2.634276719998329 4
quiesc_diff 4.845172951338224 2.8094023044081795 0.26191222127587493 4
quiesc_diff 4.7640303061739795 -2.296305011382134 2.127378221342237 4
quiesc_diff 2.6502715640325807 1.6918371739917495 -1.6657618529711153 4
quiesc_diff 2.7616492031452946 1.0783316737686266 2.6789890786739945 4
quiesc_diff 0.9544562113706614 3.3561808831180384 -0.051687565770732524 4
quiesc_diff -1.7695048544157794 -0.10808387991902481 -0.9258349988527337 4
quiesc_diff 1.621857242322688 -2.6666250302312315 0.21697664582046178 4
quiesc_diff -2.717814147551672 1.0948793516114894 -2.2117544940536447 4
quiesc_diff 2.2854677332159006 -3.7613302982887316 1.844426707093637 4
quiesc_diff -1.0242330071744399 2.208829178142158 3.02880867482934 4
quiesc_diff 2.5714177904931095 -2.1442908735972668 -1.4639462537117487 4
quiesc_diff 0.25244338976860425 -0.9041048705736611 1.8512978108936369 4
quiesc_diff 4.601942889664942 -2.747516913538073 0.18569454762958904 4
quiesc_diff 2.285262082308333 -0.08574794336890879 4.233972665746732 4
quiesc_diff -1.0247165069856334 1.670992245628948 0.39716620621483884 4
quiesc_diff 2.1921867715730183 3.122282265240808 -2.986362157317117 4
quiesc_diff -0.7428219735417225 3.6375097959245837 0.968165759879388 4
quiesc_diff 6.20484380246338 2.831304305649182 1.7284781007856342 4
quiesc_diff 3.435631471821228 3.284391008121246 1.896539833958499 4
quiesc_diff 1.6250504800269308 0.3839830769662502 -2.81198080155555 4
quiesc_diff 4.406365135205089 -0.7578141618273998 0.7913126065725099 4
quiesc_diff 3.845233410521966 2.383661393348523 3.7382150171334616 4
quiesc_diff 3.048912246277456 3.5590788309720898 -0.266754329185253 4
quiesc_diff 1.371839835383562 3.7175118779863663 2.7006222053555327 4
quiesc_diff 7.595398421552417 4.109821015306592 1.071399053442827 4
quiesc_diff 6.287565195316957 3.2835472107808377 -1.0398908445796555 4
quiesc_diff -2.9703044393652225 1.255740067075521 0.19161031214816662 4
quiesc_diff -0.12405115238784477 -0.9940084842896101 -1.7310570310511204 4
quiesc_diff 1.0503487237104545 5.1411459195968385 0.8453656347839498 4
quiesc_diff 1.3858868090799632 -5.245841260969186 0.850957350438746 4
quiesc_diff 3.825950228130588 -4.515099155774837 -0.33726664230144543 4
quiesc_diff 4.611157671498386 0.9214518746515735 -1.7322821817924416 4
quiesc_diff 2.2317056937915103 -2.637762303482765 3.5698632373609254 4
quiesc_diff -1.3719677669459727 1.587558548947822 4.897793249978934 4
quiesc_diff 4.120750818098262 -0.44735135493823786 2.7463157542431484 4
quiesc_diff -1.3302446361966576 -1.7181713083575696 0.17628520034254636 4
quiesc_diff 0.38814260012955604 -0.26167728556327097 -4.244873537564087 4
quiesc_diff 4.014849353313549 -1.7966784073416262 -2.8039727074645895 4
quiesc_diff 1.4205430721165415 1.544034225459502 5.006029085694062 4
quiesc_diff -0.5014825642953125 3.2652889878334004 -4.265101985432698 4
quiesc_diff 3.83521180253425 2.2106796831892366 -3.671525991762391 4
quiesc_diff -1.7748732766771278 4.948168676313195 2.0713626629547104 4
quiesc_diff 5.620140383829496 -2.262701115631757 3.93457115878059 4
quiesc_diff 0.8492526166873725 -3.3418676814940356 -1.499743906384379 4
quiesc_diff 4.255750591545084 4.8710963788249195 0.9966672340625545 4
quiesc_diff -1.2469112577816137 0.3805464412464178 2.1700557879052114 4
quiesc_diff 0.09497633251133974 -3.3930589602041623 -3.3513504358915576 4
quiesc_diff -1.7532719030992592 -0.6470460382678807 -3.659736228644412 4
quiesc_diff 4.7625085175823685 1.205966403409273 1.694170757654116 4
quiesc_diff 1.6938897038420304 -1.674783181809051 5.294748665184214 4
quiesc_diff 0.8554217036534648 3.3809331097304103 5.559599612249362 4
quiesc_diff -2.99844723922045 1.3683637177774324 6.040823499910195 4
quiesc_diff 0.17143820375725394 0.39257281999285243 3.8859106618973605 4
quiesc_diff 6.1182371890119684 1.3757080197732134 -0.30714677826740705 4
quiesc_diff -0.051651394565164654 -2.668727029017376 2.7421597530992985 4
quiesc_diff 0.16571935629238554 5.3012510287752015 2.893089584865754 4
quiesc_diff 4.278126107346266 -4.22687522623053 2.319200417924951 4
quiesc_diff -2.3357180736503516 -0.8382380783781315 3.3229061738796175 4
quiesc_diff -3.543466796557132 2.719713790852711 -3.0352900113483954 4
quiesc_diff 6.040936630464215 -0.5495241814828442 1.92479895892723 4
quiesc_diff 1.7900154640397434 0.4762783621705641 -5.465600343778313 4
quiesc_diff -4.310758258113953 1.9613423832286339 -1.114264464100042 4
quiesc_diff 2.1757926835569807 -3.313582707692451 -3.037552742475727 4
quiesc_diff 3.2540554323011155 0.09391380442010139 -3.9354587419668112 4
quiesc_diff -1.226817963403914 5.016800532744993 -0.3968635237327731 4
quiesc_diff -2.82681297044365 1.7232903976377052 2.311203234042676 4
quiesc_diff 4.3442783255755675 1.2888968379616077 -5.371869386892527 4
quiesc_diff 2.814377891175602 4.061679392229501 4.086916169504108 4
quiesc_diff -3.026756336952955 -1.342343709334697 1.1665385340959245 4
quiesc_diff -2.215091019294086 2.7104481345495985 -5.806218422306182 4
quiesc_diff 1.9724705401507392 6.892497491122714 1.132522436128993 4
quiesc_diff -2.7185778556586992 6.597826296118289 2.6943003845836095 4
quiesc_diff 7.829576799566084 5.035180595582703 2.8289172281602633 4
quiesc_diff 1.2210773668861443 -4.132169760930462 4.433215272153902 4
quiesc_diff 4.9043718941594605 -3.4693992775991394 -3.4448740567625777 4
quiesc_diff 2.26116403831821 -5.5048697044369925 2.8239570382332553 4
quiesc_diff -2.320669719992244 -1.8912376279253176 -1.6445700000354984 4
quiesc_diff -0.07444849046609603 -3.5924913811435952 0.7320672797443664 4
quiesc_diff 5.296432837790226 -5.431004323749506 0.6621324861581871 4
quiesc_diff 6.458109982308016 -2.784235688210115 0.9295328739986614 4
quiesc_diff 4.458082510659124 4.5964599971325 3.0069761631797176 4
quiesc_diff 1.6854423064448911 4.472355977547481 -1.5415910819030878 4
quiesc_diff 7.263741336113826 -3.126136524398695 3.190894344204854 4
quiesc_diff 4.477283535147354 4.507502368527591 -1.2964378992896113 4
quiesc_diff 4.449339095711373 0.010738523485423646 4.665217368995985 4
quiesc_diff 6.3478635884687815 1.366058217926294 3.0822133936785026 4
quiesc_diff 5.0182011228932035 6.543699268435796 0.20858807502311294 4
quiesc_diff 2.6835496786968083 5.004157837131295 -3.45230939190995 4
quiesc_diff 2.9771044506283983 5.579821782466445 -0.36816694947478046 4
quiesc_diff -4.426470689849352 2.3947869305406373 0.95459923328744 4
quiesc_diff -1.1045110923384862 3.7905522878766673 4.2501634280334155 4
quiesc_diff 1.9967515904844362 2.899780394212857 -4.964315141435277 4
quiesc_diff -3.84551962912231 4.04553004842662 -4.501910390823625 4
quiesc_diff 5.755201070794615 -2.8018130601506774 5.85579913122778 4
quiesc_diff -3.163417771922437 -3.255646616261388 -0.44951191211022734 4
quiesc_diff -2.850177161290737 -2.318962883729946 -3.6983745051595807 4
quiesc_diff 0.8296043099096124 6.276124822060979 -1.4234416881301215 4
quiesc_diff 5.875302803969279 -0.45937949902947317 -2.4360163656347944 4
quiesc_diff -2.584379003523558 3.649827477176736 0.18809141723437373 4
quiesc_diff -3.7264393180072704 4.55011772019039 1.8898539230639857 4
quiesc_diff -0.5496041710486794 -2.315757896252993 4.646747851273788 4
quiesc_diff -3.7245386090143517 -0.414478195942388 -0.6360669166062847 4
quiesc_diff -0.2398526027273462 6.621392818194927 0.4655635067634743 4
quiesc_diff 3.314986824623202 -4.761225019848804 -2.2587277011378126 4
quiesc_diff 5.613207179611387 -3.428214903741212 -1.3998636449362085 4
quiesc_diff 2.8962499520615532 0.24855253821072726 6.1087891930448155 4
quiesc_diff -1.7578027076734208 4.8161462582182715 -4.13664411593147 4
quiesc_diff 5.295835369455244 -4.478825394711391 4.0223706884557835 4
quiesc_diff -0.6387438699079445 -0.1715327737135356 5.625275455912901 4
quiesc_diff -4.064270201526039 0.15241114300185465 2.3434207540685983 4
quiesc_diff 6.673234415840242 0.6964607935057536 -4.038745887308762 4
quiesc_diff 2.5089760828357326 5.327020639048397 2.3594438021777213 4
quiesc_diff 6.721113059938258 4.34211951380818 -2.68045810267842 4
quiesc_diff -0.8661527755949456 -2.281015788438628 -4.707665599000953 4
quiesc_diff 2.086785644305062 6.884396359454084 -3.1228009907577134 4
quiesc_diff 2.3323322958987136 2.68983173510449 6.717664374041185 4
quiesc_diff 7.512098337178408 0.6097872525813091 1.2235998206320524 4
quiesc_diff 8.359007132840881 -3.3582416939825825 0.6905618957750037 4
quiesc_diff -1.0931059996020864 -3.3439425902178246 -0.9710358814323714 4
