8
 Lattice="1.0 0.0 0.0 0.0 1.0 0.0 0.0 0.0 1.0"Properties=species:S:1:pos:R:3:Color:r:1
active_stem 0.0 0.0 0.0 1
active_stem 1.9926094204465348 0.13044302219694964 0.11176902749801518 1
active_stem 0.927159011804838 -1.66441232508287 -0.6083648403230678 1
active_diff 1.8343022500566162 2.1218164365334107 0.014966318460085865 3
active_diff 3.4391498299885894 1.4509340547439384 -0.9721411098327892 3
active_diff -0.9954295773417675 -2.1946093700644953 -0.45821754472298454 3
active_diff -1.2206513923546958 0.15643447355855053 1.5765590486324963 3
active_diff 2.5684294279639923 -0.13039866537108918 2.0092391677029284 3
