8
 Lattice="1.0 0.0 0.0 0.0 1.0 0.0 0.0 0.0 1.0"Properties=species:S:1:pos:R:3:Color:r:1
active_stem 0.6398965396298383 1.3292026513851147 -1.3504638944157448 1
active_stem 3.1741863802371957 1.7694352574691057 0.6172605299546289 1
active_diff 0.0 0.0 0.0 3
active_diff 1.7804750435723302 -0.7055665566210295 0.5762676924781164 3
active_diff 3.2108274673129533 0.13769638975803056 -0.53863120301126 3
active_diff 1.1405997372821433 1.5001486593714393 0.6697658091437483 3
active_diff 2.8383583613169794 -1.8392774895214314 1.8394313424695468 3
active_diff 0.8885302475175852 1.7779216844533257 2.634276719998329 3
