895
 Lattice="1.0 0.0 0.0 0.0 1.0 0.0 0.0 0.0 1.0"Properties=species:S:1:pos:R:3:Color:r:1
active_stem 3.8445145491921187 2.538545604667125 -7.271173657678163 1
active_stem 1.6944984569257997 5.518327679102551 -3.1410155312294443 1
active_stem -4.228341876302541 -0.5887688015148926 -9.93003493988595 1
active_stem 3.9967424643079266 7.581259622107182 -1.2967545150782733 1
active_stem -4.810370026051351 -7.965371834050066 1.0427395977223237 1
active_stem 5.100026333696163 6.329684288087217 -2.518931978233115 1
active_stem 2.351919178794517 3.804585787435971 -7.682636068941055 1
active_stem 0.02301733476473556 2.3029232545586673 -10.25648308341609 1
active_stem 7.5876760881578225 -8.417552538663935 5.38080524933773 1
active_stem -4.06650910651449 -9.08431681456477 -2.3279100293617994 1
active_stem -3.8743911793125223 -8.989791322563436 5.130205593922835 1
active_stem -7.476398495022479 -6.043515334602448 1.4455940390257733 1
active_stem 5.3722008106639985 3.656679024808899 -6.6262299847328965 1
active_stem 0.0652226922176048 -9.66991136366677 -4.2353926125562475 1
active_stem -6.632185151837501 -8.506564066528032 1.6657168163766756 1
active_stem 4.509191014764622 5.361932461697076 7.428961574642271 1
active_stem -3.42822065132269 -8.170819484352588 8.009462306636836 1
active_stem -2.99142511872895 -2.1698973525772747 -10.58420439180593 1
active_stem 5.621019376077816 8.641406052951627 -1.784416343663468 1
active_stem -5.657452473864182 -6.603865532743314 4.307994104855683 1
active_stem 10.119534047646841 -0.960212552999325 7.073755270262646 1
active_stem 3.4127631201208497 8.362505649755665 -4.696870359789839 1
active_stem 3.652031751085405 -8.506307079357136 6.306736884544305 1
active_stem 7.534103115632741 2.2055429319204354 -6.847977912914237 1
active_stem 6.5739879885195345 7.473572696375599 -3.239318228444639 1
active_stem 0.14912012828495141 8.663293803339542 -2.3094508373173155 1
active_stem 3.5750269211547367 -5.817361632313282 -9.297588127859386 1
active_stem 5.306387164131725 8.268424571950986 7.803409877911648 1
active_stem -0.23482019249948793 5.801107472843706 -3.5857234547382277 1
active_stem 11.47559773895687 -1.421868817545527 5.678060189481795 1
active_stem -5.316722546978476 -9.982521991634721 -3.6047004636805804 1
active_stem 5.577919090165103 4.545089574994151 -8.406231862203436 1
active_stem -1.4156840504223684 2.479332459534046 -11.634531746076687 1
active_stem 4.579834755393227 9.405230325207599 -3.451611732296611 1
active_stem -1.7260044095954588 -2.2718477894593216 -12.129622308524787 1
active_stem -5.580860757592419 -9.697613274864127 0.4058066158979129 1
active_stem 3.557227603129617 6.550151244507762 -8.322427272172984 1
active_stem 1.0647490964642075 9.917795074419068 -3.5695501006655825 1
active_stem -7.863345836834243 -8.940368158420936 0.15044212920760458 1
active_stem 4.05210987727581 -7.481473174565057 -10.29914922331148 1
active_stem 4.583174718262042 2.8026814814658856 -9.110905538474205 1
active_stem 7.477318107652096 8.345264749075024 -4.796285685114372 1
active_stem 3.9095467340643144 -8.86853517101904 8.256730946882021 1
active_stem -3.5941778035146617 0.3575768876935609 -13.697781847788013 1
active_stem 7.249351858522716 8.292280809451208 8.277033226451875 1
active_stem -3.596404947558149 -9.89305849662799 6.892826388992619 1
active_stem 7.931862900427616 -8.962226410336166 7.274179436279429 1
active_stem -5.724985306958117 0.06040925346089976 -11.087025127576993 1
active_stem -9.033975883254673 -7.1829393084866835 1.9706327875059535 1
active_stem 3.826907904867913 6.995884559746205 0.6081056526993247 1
active_stem 1.917347531470729 5.358633234374184 -8.864196061496283 1
active_stem 2.431659043517491 3.537937921547934 -11.339516812964165 1
active_stem -4.479698361859337 -9.205939496993928 9.359618291578577 1
quiesc_stem 0 0 0 2
quiesc_stem 0.4646554739572409 0.9960653839615129 1.6709126372719718 2
quiesc_stem 0.6360685533544115 -1.9520764203227943 -2.5552800712148227 2
quiesc_stem 1.8965308617982415 -1.4226243518683481 2.2656103441339606 2
quiesc_stem 1.4323370185621311 0.5049622501906164 -1.3013161764686454 2
quiesc_stem -0.19374226449012427 -0.8682719520267231 1.9721745094823167 2
quiesc_stem -0.4102967890718394 -2.505137518639293 0.693378364441206 2
quiesc_stem -1.0815736631147341 -1.0685240282951398 -2.036589039149325 2
quiesc_stem -0.14507745658831123 -3.902529261288251 2.0994206907079156 2
quiesc_stem 1.3102109965162574 2.791313584850579 1.4216742865421508 2
quiesc_stem -1.805538590107008 -2.822085149286589 -1.403423832088573 2
quiesc_stem 1.6971917419647475 0.30943690566626314 3.4780274923300545 2
quiesc_stem 3.719135851389662 -1.951149861570196 2.897094182019666 2
quiesc_stem -2.0563676391136294 -3.4026323990274583 1.3897645334018853 2
quiesc_stem 2.637447464814115 1.1949612755663794 -4.016680103420918 2
quiesc_stem 3.2714557891722365 2.4102358024945723 1.512770867567101 2
quiesc_stem 2.0963905496995374 -3.1763473823944866 3.2060951326096774 2
quiesc_stem 3.7249072649036807 -1.9602832818965201 4.897064999661562 2
quiesc_stem -1.066044640340521 -0.6872806182851205 -3.9998547653758108 2
quiesc_stem -0.30012857862962355 -4.287374322064328 4.055910769586413 2
quiesc_stem 1.4792756403552207 2.4903249066745854 -1.538237868221602 2
quiesc_stem 2.6003765043410576 3.877445241473387 -2.443240646978591 2
quiesc_stem 3.196947048046396 1.3459041060637875 -1.7243625555857927 2
quiesc_stem -0.4028751904208656 -5.331299113958037 -0.836241310158328 2
quiesc_stem 3.6345281703001486 3.7909458410296524 2.913420086875978 2
quiesc_stem -1.435264094443929 -5.423868495000766 2.2441458628993316 2
quiesc_stem 2.6632844947584826 1.5685145259116584 -5.981315035676815 2
quiesc_stem 2.321477330501893 4.394200543283961 0.7828520888756677 2
quiesc_stem 0.12986008380758673 3.9420267765142687 -1.8058931256913682 2
quiesc_stem 0.7292670893990829 0.6082198436131101 -3.8959235428936596 2
quiesc_stem 4.395909402402389 -5.806285430106893 3.4825598861040485 2
quiesc_stem 1.2107980733529886 1.2106295635055506 -7.308794432622862 2
quiesc_stem -2.361236784170796 -0.7820817968482138 -7.144895423436215 2
quiesc_stem 5.442201555374872 -1.298918116368148 3.6753218674052763 2
quiesc_stem 4.509104407017098 5.326262039113114 3.850394247711037 2
quiesc_stem -4.142144458371814 -5.6801404320959925 3.385728656831808 2
quiesc_stem 4.786941563652533 -3.654938060891691 4.881954463275896 2
quiesc_stem -0.34321271094484795 0.21065024200814586 -5.634245836074352 2
quiesc_stem -2.1629533268317926 -6.23561294640262 -1.1266572983160554 2
quiesc_stem 4.603399810961723 -4.415372536127553 6.72262060190396 2
quiesc_stem -3.3157391856551013 -7.304122289437975 4.210190452338488 2
quiesc_stem 4.351572703429952 1.9899008675764869 -3.2250649801494533 2
quiesc_stem 1.5190812023978253 5.15617232676257 -1.0339376435065875 2
quiesc_stem 4.046163170174882 5.286535118150581 1.6509743094110496 2
quiesc_stem -3.249789845206549 -1.7656137014990758 -8.642606493789186 2
quiesc_stem -1.3299918160892357 1.1702818590019979 -7.085236586326126 2
quiesc_stem 5.392196116818675 5.208562679371287 5.641007520530183 2
quiesc_stem 2.652686041966213 3.7890210018500454 -4.440600120413575 2
quiesc_stem 6.755311460537774 -0.9066257611371953 5.131978685255805 2
quiesc_stem -1.9339430566320135 -7.5613326372582685 -2.6065294540851367 2
quiesc_stem 5.420898899560042 -0.03958047842896445 -4.308578895419624 2
quiesc_stem 3.355858791544029 7.116563283557255 -3.1334160056428657 2
quiesc_stem 6.10996396106244 2.548809738859104 3.038992169528863 2
quiesc_stem 3.060787645613874 -4.492093409347668 -6.415950508344497 2
quiesc_stem -3.9358093949278388 -6.235522914605984 0.5500262750011005 2
quiesc_stem -0.5756566306079447 -7.783734754606695 -4.057596400534438 2
quiesc_stem -3.3411413432649955 -7.840868601405682 -0.9395015342747461 2
quiesc_stem -5.861187827680775 -5.36792454829066 2.412378187404401 2
quiesc_stem 2.1452398692406875 -5.313112923468047 -7.993194695720583 2
quiesc_stem -3.316760207724862 -7.304680843421523 6.210190113721305 2
quiesc_stem 8.2987743922492 -1.327551402214649 6.332205240167962 2
quiesc_stem 0.6262914148000281 6.834823192933111 -1.654467791578356 2
quiesc_stem 4.315268491298685 0.47542469936693776 -6.257183675212905 2
quiesc_stem -0.022774345170599952 2.4624531673398034 -8.263381648722726 2
quiesc_stem 2.071555720165782 4.890151151032016 -6.005783797700883 2
quiesc_stem 1.2441969637890407 7.415909463850464 -3.584199393155545 2
active_diff 1.672320361693955 -5.307361500898473 8.109415800817283 3
active_diff -0.2268137006027105 6.624601239131184 8.352268997967807 3
active_diff -2.272358918991546 -2.1197586080117174 10.64368420574238 3
active_diff 6.237531601683754 -3.9538170677078748 -4.867158087041014 3
active_diff -5.05801007862506 6.1521558628669935 7.939058919759061 3
active_diff -3.521394728719038 9.382326098008097 2.033055554092607 3
active_diff -5.781866475579074 -1.160644319391082 8.60463356474488 3
active_diff 1.3760681618499666 1.1694086714413208 11.938403897396356 3
active_diff -2.7117735638642997 3.976296748097747 -6.812651303036411 3
active_diff 5.258809414081358 2.615907771859293 10.472879302843817 3
active_diff 0.5575607389156061 8.257406621740866 7.504505280207263 3
active_diff 10.169842225033317 -1.8288473124910578 1.2582421280406295 3
active_diff -7.801858497200884 -4.826473296114613 -2.827765447555087 3
active_diff -0.35892894568366907 -8.841853357472479 2.9752879184211 3
active_diff 8.082267704846714 2.1277689495594516 -0.7259890355570132 3
active_diff -6.9656274665307505 -2.890076263373219 -1.241829543786183 3
active_diff 1.1154251897301324 -8.732588006489435 5.19040379495945 3
active_diff -3.852795989451335 -1.0631633627511785 10.02253595128995 3
active_diff 2.9844642480539494 -9.879506122117931 2.8094582460228095 3
active_diff -7.569195072089363 -3.1896705186514813 4.134831287111479 3
active_diff -1.1949002806527105 -8.036427334016524 6.429783562780489 3
active_diff 1.638858356696421 1.1346253383104719 -11.247601465909316 3
active_diff 0.07523251280211185 5.296088121448996 -5.68347637076357 3
active_diff -5.346806519502524 8.107881859308614 7.636185278484453 3
active_diff 4.568778188631761 -5.825177987618716 -4.324580794351188 3
active_diff -1.0616137692256402 -5.740069712873226 11.540001427843492 3
active_diff -3.224993225462952 2.062675515775486 11.127193073903547 3
active_diff 10.039466666319809 -1.7858331995463361 -2.676293704996668 3
active_diff 1.6009182899927865 -10.275790204574003 -0.7884699358921936 3
active_diff -3.6412267380531933 -9.658750596635238 2.3964014376276914 3
active_diff 7.311552704029644 -5.7938211508879585 -1.50750388197867 3
active_diff 2.3999677054536956 -3.7814303989187756 -9.89941364724371 3
active_diff 5.899163318413031 6.9976513458748295 6.377313163518313 3
active_diff 4.843295139176309 -3.8118648478694155 -8.422117169859577 3
active_diff 7.535679675981292 -7.158172475888757 3.36395544920427 3
active_diff 4.318939252025113 6.846532496162966 5.135934971005446 3
active_diff -0.8602193321297565 -10.429326787489945 -2.347194950245874 3
active_diff -4.7906556048765125 3.2521793103276764 -5.419916689229815 3
active_diff -0.12359571586018087 5.093573411839056 10.516552265127077 3
active_diff 7.40826699424154 4.333759729660345 4.975969763035242 3
active_diff -4.587630440083663 -7.209277271932402 -2.8375511316974986 3
active_diff -2.159158305582403 -8.17483776173757 -5.215408699132878 3
active_diff 2.3053344091296397 -9.170312668620646 -3.7257965005037206 3
active_diff 9.038732645889763 -3.6296151734281983 4.890526030854076 3
active_diff -7.034298898280672 -4.202826793392255 -6.340729287634992 3
active_diff 1.0202472695781653 9.368854851895222 -0.5474371863060803 3
active_diff -1.2961684880765145 -3.838320579446658 -9.3275338192526 3
active_diff 7.83228216998481 -3.3079456435097505 -5.88677601955679 3
active_diff 10.083311693340999 1.8358133764166114 2.054642722919761 3
active_diff -8.099968538166323 3.395905529617283 3.3046265759755675 3
active_diff -6.728220270537637 -2.858706858110266 9.074737924824731 3
active_diff 5.592204709196098 -8.530345490305995 5.454097307600997 3
active_diff -1.6932560216076904 -6.990872444607164 -8.24244126594365 3
active_diff -2.948121994711541 10.959308833874962 0.9447156149093447 3
active_diff 3.2519753054564005 -1.8102037582611086 12.274299207507282 3
active_diff -3.09001057158852 8.285498814204365 -1.3949589375286273 3
active_diff -6.739353748380133 -5.543311014821741 -0.36526920950548114 3
active_diff 1.7115406508540254 -1.9589787622432764 -11.877941124796358 3
active_diff -8.58439316403945 -1.9609840347257697 -4.174617583805737 3
active_diff 6.132086380452519 6.1860184909544556 0.5483476790058706 3
active_diff 6.595212010223823 -6.996841612058598 7.501690286095902 3
active_diff -2.6080121241330296 3.8973301746517004 -8.808396237616751 3
active_diff -4.4105187388209774 8.59147433179422 4.074083670933165 3
active_diff 9.115998429829283 0.3303569409095739 -0.971671234583086 3
active_diff 6.390344005522041 -0.7055259605279008 12.869167133324432 3
active_diff -1.235441021583921 7.124936851223532 -2.3323333088555547 3
active_diff -1.7755151698778424 6.94332765505215 7.120213294846913 3
active_diff 9.066709869162427 3.6108513672347 0.18578953816576071 3
active_diff -8.526076508120758 2.8552339472574904 -3.2545460757036486 3
active_diff -7.537911668829041 -6.753118978609111 -2.3604663079049515 3
active_diff 9.736460436522878 -3.894967623301313 -5.71499032607308 3
active_diff 5.425971605799594 -0.20063990966168116 -9.417531331729004 3
active_diff 2.4836394754749818 -3.9945770163127547 -11.886262296334781 3
active_diff -8.186397176214857 5.155440721505113 -2.915121963359045 3
active_diff 1.3545793973436957 7.040815625923735 9.503772994484697 3
active_diff -0.9476041523607401 0.5411538172036345 -10.97795223100438 3
active_diff 5.996756265701578 4.72086578570039 9.374955793271562 3
active_diff 3.005053724634899 -0.4847602158353863 -10.69959892138565 3
active_diff -2.4693833476717892 -10.267344739041052 0.6317561797143727 3
active_diff 1.426424802538948 9.612183335566971 3.752348299294967 3
active_diff -0.24366630024924052 -9.745410132036476 6.847553488215135 3
active_diff -3.7357706654948517 6.493579233553352 -4.63550103704009 3
active_diff -6.235704853965529 -4.719694129308424 5.718293580705524 3
active_diff -4.283148430314355 -7.912036732708775 -4.685095406137531 3
active_diff -5.281194835529004 5.148794751073069 -5.822683536322548 3
active_diff 0.08790818311842288 5.365954504708757 12.486596589746185 3
active_diff 8.999721058574627 -4.6834827176910245 -1.384787070736831 3
active_diff 5.217172955370591 2.590707468552118 12.47228705265856 3
active_diff 9.912164657147036 0.1790642985294638 4.631151927106377 3
active_diff 10.185164265716658 -2.091972834723141 3.5663544910740548 3
active_diff 7.703150290851144 -5.300314365247754 -4.669909802685826 3
active_diff 6.65914729595717 -8.571595481516923 1.489850734344691 3
active_diff 10.06554577796709 1.7981043065935611 0.055077170529940433 3
active_diff 8.8313808017323 -5.624385396167571 0.7133677254041101 3
active_diff -5.271902224898992 -9.19668123510058 3.4581873679032684 3
active_diff -3.4878772223223806 3.9814865186786843 11.6262485210563 3
active_diff 2.34143016401869 -7.4662406420817975 7.612847908851359 3
active_diff 7.8432167771455985 2.9946996558586987 -2.75993053319287 3
active_diff -8.74396544332615 -2.6761748002073746 -2.313693389580436 3
active_diff -6.341619751670225 -1.5235746758225126 -7.293239541388338 3
active_diff 1.8913525866556826 -1.7160122436860517 -13.854967917382499 3
active_diff 10.415992029360849 -3.7001980295889396 -3.116107243308948 3
active_diff 2.5476976449047197 2.8905607304029513 -9.450750597845595 3
active_diff -6.799079098145972 1.8861244057120519 -4.670470138969236 3
active_diff -8.01835565732278 -2.0138959240403516 0.21558987740947289 3
active_diff 8.873885067714216 0.5353697475238657 -4.895861365351442 3
active_diff -2.638453840029589 9.762442476655151 5.779089657116915 3
active_diff -5.748069017131796 8.044920062827899 5.677391845296412 3
active_diff 3.5465399125706907 -5.86521992052066 8.529052618515687 3
active_diff 8.56737583365309 3.534921298892252 2.5788282150326753 3
active_diff -6.171623537321289 7.862707759298157 2.8396173543344827 3
active_diff -5.144388443060018 2.66459166035738 9.632272943854643 3
active_diff 1.171358709764121 10.07576288086106 1.3173540543502462 3
active_diff 8.117900858868925 -0.18820110503683707 10.925979221791604 3
active_diff 5.653909958423233 -5.584006964057908 -8.872023754439365 3
active_diff 7.367640888529561 4.216732308130395 7.830117201247575 3
active_diff 3.6400554163219647 -9.72403883010971 -0.15480728895689744 3
active_diff -1.7935254505549851 -7.238750150537272 10.374790641297862 3
active_diff 0.7348187887703335 3.3041415930551037 11.554677585224756 3
active_diff 6.518356211679409 5.775404452472999 3.6091760644633144 3
active_diff -3.4580272843179447 5.445942229229928 9.835276905003242 3
active_diff -1.2456381416810742 -7.554771817405004 12.360361898703907 3
active_diff 1.517186238593708 -0.4153877880587846 13.150223137370734 3
active_diff -8.218003353670579 -1.3804431493738318 5.1399676224798725 3
active_diff 6.458742172429453 5.2211142139917355 -4.641742171142827 3
active_diff -5.349031144106964 8.935026559393393 1.355067164882994 3
active_diff 6.614010611878302 -7.3390859467727925 -2.5684429661282415 3
active_diff 3.8930308616837244 -2.3973726813332377 -10.603754868715994 3
active_diff -6.336495532013111 -4.870310240292925 8.378630024520008 3
active_diff 3.3956732822955664 -4.050777846177516 12.112291351166988 3
active_diff -5.81932253694839 7.7001710320073045 -0.6367868418391288 3
active_diff -1.234068285080875 1.333528962958122 12.230996466396089 3
active_diff 5.794344989186043 9.464443782482334 2.2132409126456327 3
active_diff 1.835575669665787 -5.923090090885167 11.626217127509527 3
active_diff -6.158983739018299 5.548564830239296 0.5432499352895095 3
active_diff 3.195027543476731 7.65716792595086 7.803661745621732 3
active_diff 5.5286453482134865 8.334645111605802 4.568368230784908 3
active_diff 4.78285497302818 -9.260007868065337 2.0246372139020523 3
active_diff -6.009323007599153 6.071426313521304 -3.4139504854380176 3
active_diff -7.790660407978771 -5.825377911353281 -5.448964107640484 3
active_diff -1.8935779305258373 -3.8036087691493052 9.575286943748129 3
active_diff -4.631045280068154 -6.001112981054275 8.8406666851999 3
active_diff 7.7053547345793145 -2.8889405243590796 9.112668346568652 3
active_diff -8.596011710854805 -4.905916482444909 4.122691183437856 3
active_diff 3.103070483849678 10.587817624535106 0.8326711076473189 3
active_diff 3.462003638040091 6.287871312023253 -6.341987514571518 3
active_diff 3.4021256094011623 1.8567227317175905 11.975183149897976 3
active_diff -0.7996991416834285 4.336986329237656 -7.6179257975028465 3
active_diff -3.395714587755471 -5.703627869296469 -8.696098928167052 3
active_diff -4.651069961934872 -0.08683100562195367 -7.900930419336526 3
active_diff -3.897213335378903 7.599162750278404 6.3512287337941755 3
active_diff 9.742036379768866 -3.5681668656148533 0.1104809174848711 3
active_diff 1.1504363366606674 -2.909270717651242 11.953952775962692 3
active_diff 7.434041503061629 7.4372622004448266 -0.3114790699224663 3
active_diff -6.663074757712962 -7.280046436475013 7.107265366682514 3
active_diff 8.076516451518284 2.3343683111575175 9.190344253982017 3
active_diff 7.718667666834255 -0.4859689256526352 8.781649050961201 3
active_diff 6.594351268598832 -9.135378249304052 -1.5901224894810295 3
active_diff -0.5401752568904036 -5.879143250257973 -9.81795193714429 3
active_diff -7.11120441062471 5.816976920275891 4.440142933866586 3
active_diff -3.781824292106082 -0.44151708159043235 -11.873984264838287 3
active_diff -6.1543552259031395 5.368303946160938 9.41676101785463 3
active_diff 6.9270580289256625 5.09284131363887 -1.4680661892756315 3
active_diff -8.798399269892624 0.43710086836132656 1.265070524999132 3
active_diff 4.368455650090366 -7.627620942045204 -5.167830624822943 3
active_diff 1.724028771186854 -11.495595721446954 0.7916940778818446 3
active_diff -6.5417945029212206 2.2746769222297276 -8.195565690596458 3
active_diff -4.034356414599693 9.379375900268215 -2.777581029559555 3
active_diff 11.144007868026737 -0.1354467038323648 0.829994911347296 3
active_diff 9.045535297024415 -3.9304039031800677 6.867766497765422 3
active_diff -1.337301065187217 9.017093061069348 -0.5577604164489824 3
active_diff 10.384675740529094 1.0596512963343891 7.299677005577801 3
active_diff -1.3139352104922752 12.01189839615375 1.415341546690462 3
active_diff 8.207264651022642 -5.134147711595904 3.832135047341061 3
active_diff 2.8675124024523964 -9.747275224890428 4.8016523268364235 3
active_diff -8.257831303840154 5.356829340804999 1.2436345352946865 3
active_diff 4.242014355037045 -8.419852109369051 -2.9957439501071526 3
active_diff -3.3532933698730085 -9.77460461436254 -5.337012422242278 3
active_diff 7.947042679162601 -5.456511499390117 8.288437576522012 3
active_diff 7.714907777670652 -5.394433738163099 5.86341091384029 3
active_diff -6.00548426861006 -1.5266672600852522 10.558097741412972 3
active_diff 3.1624309795860652 -1.9324023754310873 14.268553281507426 3
active_diff -4.3301127879748496 0.019110365160466047 11.63525175133641 3
active_diff -9.01705489034538 1.3831401954849714 -1.0014534362551537 3
active_diff -0.839531451077047 -8.799321025490336 -8.268288663760679 3
active_diff 8.972546420500805 4.447193155022679 6.217002693538117 3
active_diff 9.002732410912328 -1.9057304320100266 -4.674138801915361 3
active_diff 5.609949496481555 1.2877600551660064 -7.54711094623925 3
active_diff 2.673822991235089 -6.792089973106188 -6.386867289546354 3
active_diff -1.2993292306313629 3.3523959321407397 12.471090471356206 3
active_diff -5.827371947906428 0.6826096593609088 9.578521573748814 3
active_diff -8.609611241414429 -3.3698156082275723 1.7649223233845648 3
active_diff -8.961511055908293 0.04259380187202566 -3.703356920041842 3
active_diff -0.15371554243972796 7.218609332816927 -5.181983619229348 3
active_diff 2.1201445603602567 -9.661528153040729 -5.655670089052649 3
active_diff -8.393615745806866 4.678103125345587 -0.6360528578186657 3
active_diff 0.19624187620288125 -10.476932369351982 4.855195233191226 3
active_diff 10.70795474155923 2.5381035756769887 4.761145816135452 3
active_diff -8.69393647364169 -2.4930735520088696 9.02707143425169 3
active_diff -5.323759091584163 8.549141385356824 9.586764383965196 3
active_diff 0.05921024368260461 -7.69562443786329 9.342757479147911 3
active_diff -3.7890863204464615 -6.565686015885436 -6.52272460481578 3
active_diff -0.6868919912937679 9.155470766120805 2.917098181227699 3
active_diff -7.616829374119198 1.062351623914531 8.205159496430475 3
active_diff 0.8051362530293531 -7.280778846871867 -8.207940453222566 3
active_diff -1.1460844474946348 10.604909135872193 4.331572038609453 3
active_diff -0.4850228355847512 -2.049000055486511 12.940448343963517 3
active_diff -4.676503928283895 -3.527867536455333 -8.743579932272516 3
active_diff -8.6454357892728 2.105353523925455 5.940898696975129 3
active_diff -7.6312465506908715 4.752172255984152 7.775591754666261 3
active_diff -9.360364300705841 0.9215294145510071 4.482278899619233 3
active_diff -1.010434183257209 9.109789474079218 8.407187614741291 3
active_diff -3.43787631407001 -3.724262987123253 10.902788237323168 3
active_diff 2.050441207543782 4.852395146137868 10.088787046880206 3
active_diff 2.1663533950686045 2.1617047191117433 -12.88065288274395 3
active_diff -9.568512607209783 4.53770414284011 2.5700013353802644 3
active_diff -4.750913832800698 -4.760212807677522 -6.029118335487043 3
active_diff -0.2513112489915297 -12.167409603640634 -1.5672596513328014 3
active_diff -8.80154532303705 -1.4015605359050274 2.7896054800081935 3
active_diff -7.63273256510349 2.837197938841228 9.58181597429773 3
active_diff -7.974299441721821 0.046449124847745535 -6.925785583574752 3
active_diff -5.639014032173106 8.240614945644461 -3.293792197130064 3
active_diff -2.14377799183381 -4.376027207927559 -11.05739789218666 3
active_diff -0.40302913827831915 -10.458166623157993 1.3736928673472852 3
active_diff 7.633320720152076 -1.079571170792725 -7.545190127460232 3
active_diff -3.002109153596358 2.334225042694235 -10.365834819088844 3
active_diff 9.477264256475177 -6.795871276843223 3.6785776956500005 3
active_diff 5.380206858816451 -3.880427740982151 9.033579370483103 3
active_diff -8.051887346482633 -4.458258044059198 6.513989708133526 3
active_diff -2.654778994172452 -5.715650060417912 12.748814170411231 3
active_diff -0.7151319045589741 9.13757904523685 -5.230634530421164 3
active_diff 7.735762261777378 -2.9358031378034988 11.11188801377655 3
active_diff -0.3069338100951985 -2.990412372245432 -10.844921846106644 3
active_diff 7.223245148703627 7.241469979588525 2.445654059229059 3
active_diff -9.05328352058691 6.113963393669183 4.065806500601208 3
active_diff 1.302003134046468 11.696588653027124 0.15294182035138637 3
active_diff 6.9224167882999215 1.1334264971529548 -9.048314050678485 3
active_diff 4.552075369840554 -2.1410410986461166 -12.474571389913473 3
active_diff -9.631402664773743 2.9084899236102366 9.566476952432028 3
active_diff 1.4010017998850124 -5.494940904656596 -10.1562187605835 3
active_diff 1.0068047666562079 -4.702437094901997 12.976456015159412 3
active_diff 2.0107517056010913 -11.509793502400488 4.40228979758031 3
active_diff -9.421892611499917 3.5371079311582623 0.8445130572323154 3
active_diff 8.105172857531546 1.2102788759083791 12.355696585775627 3
active_diff 0.8385804617519798 10.220418858290605 7.244484368484841 3
active_diff 10.043214289876508 -4.531513534482442 3.316265904857094 3
active_diff -6.744323421751205 9.955687343322351 9.526552657633006 3
active_diff 7.651260191989608 2.734442866780015 -4.7336121369865785 3
active_diff -9.784838982183125 -4.946864875932418 -3.05862095147166 3
active_diff 3.878494493251808 1.2988070377787393 13.8357751967894 3
active_diff -7.148115068787488 1.073533740440486 11.028630525337434 3
active_diff -10.712220211008074 1.3520925999748055 -2.062325993368205 3
active_diff 5.815910861087082 -4.232773405447032 10.95347899159306 3
active_diff 2.9623033446006115 -4.698024624364402 -13.696246374474724 3
active_diff -10.351667160426071 2.7930370252599728 6.725669943953973 3
active_diff 3.789914797207788 -6.762309661623947 10.299927730412378 3
active_diff 3.73932138842871 1.3379202139178543 -10.327191820350611 3
active_diff -7.236723262082966 -5.146274169592301 10.143122570193956 3
active_diff -5.073168155787053 10.471965716621906 3.917087168477296 3
active_diff 13.086158652438183 0.1867912601425618 1.182433594217522 3
active_diff 5.257138525983899 -5.4060397570043826 -10.824176438942708 3
active_diff -1.6524932675955555 12.015483478318343 -0.5557915257215265 3
active_diff 5.843392262372236 -2.9881562413327787 -6.573661339194858 3
active_diff -9.934193983713277 2.5987618285484015 3.2912499263843515 3
active_diff -7.451088871694462 -7.487652399388361 4.350293593317692 3
active_diff 9.178610639350714 -6.353451569836811 6.83184198069092 3
active_diff 10.086866662000366 0.8781717849356544 -2.632187350863105 3
active_diff 1.794784880355961 -6.645094522918054 9.591128594670142 3
active_diff -1.4034147032253228 -8.674012364996605 8.313929805472213 3
active_diff 1.9047994233386154 -9.423191245976517 6.8933293614258675 3
active_diff 7.660044797699632 -9.154165835010453 3.387275544445882 3
active_diff -7.766768591683735 3.396816730981321 -5.554430399653594 3
active_diff 10.58068334594591 4.1132880107569285 1.3922064357771324 3
active_diff 6.6236375853442055 -0.8846988359962399 14.847416659119943 3
active_diff -3.6233080079454703 3.9347666433582646 13.621110861057625 3
active_diff 3.676234814203151 8.567764618081451 5.926055840290612 3
active_diff -1.74525243992568 9.863583295476756 -2.3232716622080942 3
active_diff 7.945291914440172 -5.371742608607447 10.28663956080147 3
active_diff 0.44940248714532816 0.6842645765304987 -12.791094231891527 3
active_diff 11.25864773491175 -1.98834212257178 -1.1038473122436157 3
active_diff 3.365287073219347 -4.103859169016633 14.111355895263458 3
active_diff -6.186377404648686 -8.33970865569285 -2.4299569341142098 3
active_diff 0.6930802473116986 -7.97373963650978 12.61694906661348 3
active_diff 3.803068530985268 -11.409257547159603 1.8145976499846133 3
active_diff -2.496151327352896 7.698490593785967 8.826206396973207 3
active_diff -10.094039464283515 -1.5892330845907392 5.800948162759544 3
active_diff -7.15839092233724 7.268778686224759 -2.2977111639209564 3
active_diff -3.5324949225532674 -11.17527895413775 3.695754789564271 3
active_diff 4.503051258634617 -6.9484255336259 -7.180267023768335 3
active_diff -7.138151320839514 7.269546568258713 0.825123495798582 3
active_diff -10.494276483531507 -4.895094625709856 4.752352791153839 3
active_diff 11.430283416895769 -0.03525833076418605 3.346869543099017 3
active_diff -5.641485012070108 8.26670827105043 -5.2936204479125175 3
active_diff -3.3392292464237925 1.8660510286946752 13.114223255505035 3
active_diff -0.8052698323141161 -3.3075135055195712 14.46149592940314 3
active_diff -7.766245769428851 6.2814564657564915 10.170393124156293 3
active_diff -3.785828781588449 -0.5125258708262269 13.48487815495901 3
active_diff 8.568011799766724 5.945238194657172 4.73486990217086 3
active_diff -5.211495137393514 2.5679318911644295 11.628808338130236 3
active_diff 5.6222172594181625 8.617300047578647 0.2154380174289745 3
active_diff 6.05401359799951 -6.407251507947008 -5.5309249391510225 3
active_diff 9.69118351336332 2.9106154905583423 -1.6196003684928875 3
active_diff 11.945173893563855 2.3972103312962725 2.521871367625063 3
active_diff -6.503609835601596 9.660737140727218 7.135738914892367 3
active_diff 11.827653197156437 2.6420998040242596 -0.37229742342081207 3
active_diff 11.024837542960396 -3.3942859719578484 4.887786547805118 3
active_diff -3.5767584818544447 9.155993469603803 7.565142568552384 3
active_diff 8.525478988595012 -6.283711440811463 -6.205066376016253 3
active_diff 12.17830476488851 -2.2365308136170685 3.4857694968190245 3
active_diff 7.677313445407494 -3.255871956995022 -7.880083077080956 3
active_diff -4.763264603096392 10.93325476563034 1.8041899099660328 3
active_diff -5.875211750945395 -5.345644329926602 -7.576123223654054 3
active_diff 2.03174712727072 -12.05060658614733 -1.6035854643105318 3
active_diff 11.372335022977381 -3.354149999629744 1.735172713660971 3
active_diff -9.39580831637714 2.297135759415274 -4.966881613626727 3
active_diff -0.2825348095650072 -10.26616546685906 -9.508499180636738 3
active_diff 1.135549270626522 -2.9125836438122947 13.953894625063597 3
active_diff 4.493610097373693 6.317426265626697 9.185887533715492 3
active_diff -1.3784186198219273 3.257596260165465 14.46727630707162 3
active_diff -4.528057516879277 -6.723115340419005 10.702951871122055 3
active_diff -0.42795040374748994 -5.908481730925188 -11.814585312576343 3
active_diff 4.986971159855362 -10.054282022593654 -3.8753337509299595 3
active_diff -5.3953975203021285 9.878589607401189 -0.40775413450976283 3
active_diff -4.867782295105189 -4.0156416341659185 -10.673732521056316 3
active_diff 0.10278639407259416 -2.281929677360977 -14.548342587392604 3
active_diff -7.67582682146622 5.790802297802873 -4.7414936616221 3
active_diff -2.741397062436357 -8.965358423673916 10.72172475395545 3
active_diff 10.651691857056674 3.263857237746989 6.623970582402917 3
active_diff -5.6275615961353695 -10.235062724863603 5.130093553479861 3
active_diff 7.9619043952707065 -7.641581524281899 0.2907268960626592 3
active_diff 6.433416749755581 5.727787166248695 11.046911819924302 3
active_diff 3.456034530599701 9.886734597299574 -1.006866598034223 3
active_diff -2.3320845704495357 7.929610099266968 -3.7985781351429853 3
active_diff -9.992958550183822 -1.9569967044673724 -0.09698954340513449 3
active_diff 5.86284334900333 -10.133020803460369 4.288684690864408 3
active_diff 1.0058556921880555 -10.303007684381363 3.024185006113441 3
active_diff 8.306581832120685 -10.168681689571413 -1.5666598026511767 3
active_diff 10.095441643670014 2.5940239538205727 8.549494666347924 3
active_diff -7.506834489407833 -3.017679647437163 10.910081911772895 3
active_diff -6.045523137008145 -9.064966799160084 7.765056590884426 3
active_diff 6.068663715681259 -2.578922556624544 -9.41122037892023 3
active_diff -1.1615967711479753 8.978560203995347 10.397144586812653 3
active_diff -4.6233289606266625 3.4257301552813857 -7.4053340001093035 3
active_diff -7.423495955093469 9.044389403581572 5.236931163230702 3
active_diff -4.6318293766966825 -2.7023529346967017 9.18219998943773 3
active_diff 1.4776979631518399 6.53055954096203 11.433664324718837 3
active_diff -1.1049011539227753 -3.565067211254584 11.397671883107584 3
active_diff 0.6369704474002771 -3.3393542639947515 -12.847406107151953 3
active_diff -3.8711323304694027 9.208607933898096 -4.76358107991747 3
active_diff 3.1592623449056845 -1.9592372978328565 16.268370734850095 3
active_diff -9.560139915564315 -3.009624406556942 4.195839710793281 3
active_diff 11.09255169811281 -3.2181412045920723 -7.019951049304491 3
active_diff 8.98543314038249 -0.7333641909635 -8.97764701343488 3
active_diff -2.614590632081664 -2.1578447156036713 12.613817932920284 3
active_diff -8.936319426921681 -0.37557056344988804 7.767751467651367 3
active_diff 9.365591090787913 0.8431196484818035 9.528669541922149 3
active_diff -2.291138781329149 -12.242521028317631 0.37309133701453856 3
active_diff -9.062422267761807 -4.704628131660225 -6.510350796514601 3
active_diff -4.929277995013116 2.1861219368667864 -10.879727538162246 3
active_diff -6.709401560130926 6.720988110828819 6.964720144748769 3
active_diff 10.725615926040907 -6.257637117111543 0.8176056827759398 3
active_diff -4.1174089666924285 -3.895686038465894 12.775980569009459 3
active_diff -3.4585358704459477 10.184651026961598 -0.8876030694425747 3
active_diff -8.154867983198361 7.606030152122812 2.868910252321652 3
active_diff -7.541693479541022 2.5288068645593116 -9.908930803164774 3
active_diff -1.0063241692282 6.903201389405192 10.17291322064575 3
active_diff -2.4875258562217417 -8.294364474044693 -9.534743072417278 3
active_diff -0.4656684873666578 -11.45527217608759 -4.963843932077124 3
active_diff 3.113510262202272 5.326213503301634 11.715249573175274 3
active_diff 8.58415697651505 -6.480181517685009 -2.889309878688089 3
active_diff 2.997636214486967 -10.953825688997837 -4.308719751407316 3
active_diff -8.870100857285683 4.454625800988698 6.23393481677407 3
active_diff 2.2452560458965576 9.233385314953473 8.586906819011986 3
active_diff 7.0301317290344025 8.634396935904926 6.172436791787452 3
active_diff 4.801841502683239 -2.733049493612847 13.138168711215295 3
active_diff 8.264145873571724 5.508689479725888 2.4679645165658934 3
active_diff -2.8735215064639474 -3.936005710642293 -12.866777754123365 3
active_diff 10.767170752441054 -5.135571101570243 -4.463837798237014 3
active_diff -1.8235016669257886 4.429423100013764 -10.569481261490422 3
active_diff -1.741350271085097 5.159768879676089 11.690642704184848 3
active_diff -2.4719395409136755 6.363354561699833 -6.1800956192462175 3
active_diff -0.3516093490575901 -9.540841648259837 9.995751130477819 3
active_diff 7.786698865985892 -7.583765444243146 8.996976040645855 3
active_diff 4.874291078812051 -9.249818564982954 -6.222631739339354 3
active_diff -5.043340637352096 -10.265681424064033 -6.287056526828941 3
active_diff 5.05203975910484 6.893975191106433 -4.437075107780217 3
active_diff -3.65453990810275 12.599036471218 1.8459741832311285 3
active_diff -11.113200663572691 -0.0016080781577034742 4.207721338136782 3
active_diff -0.7833003432610411 -11.603304247821661 6.340577597118211 3
active_diff 8.521343756822484 2.591392958545184 -8.543995505198275 3
active_diff 4.931669220205907 10.815234338198698 3.409549983162951 3
active_diff 9.060297587097196 6.552661915278953 -1.0682970695906557 3
active_diff -7.558615173943515 -0.6111266939715708 9.340292753645262 3
active_diff 5.8104434140090575 -0.19836353778513974 -11.38022749945931 3
active_diff -1.9143899937687405 -11.742362135065637 -3.426390202346443 3
active_diff 9.559290053782577 -1.1440759106508314 9.204738196368226 3
active_diff -7.938262209665537 -3.3081923714544312 -7.884257577869442 3
active_diff 8.498482005386094 -3.1355567982819026 -2.5478368373332945 3
active_diff -1.2437441675767733 0.618972744088923 14.098967501335679 3
active_diff -10.375054050822552 -0.7744772658541121 -2.548241743181241 3
active_diff 9.01270117142132 0.5618442263065005 -6.8908624158085 3
active_diff -3.451442369605145 -6.524037411713653 -10.519234303568709 3
active_diff -0.09139226996806488 5.012110226909598 14.446863299811877 3
active_diff 8.457451432553272 5.218455097933175 -4.569949256470942 3
active_diff -9.310879678544666 -2.2692601964174353 -6.012328973653098 3
active_diff -3.0608795765947523 -8.290571026597444 -7.225922043683363 3
active_diff 0.15799470122588077 10.692163015783713 -1.774374842324495 3
active_diff 1.5366195213271139 -8.374867527750936 -9.713896025798572 3
active_diff -6.570247458832767 0.10674523968605282 -8.429405558442603 3
active_diff -6.776633095266702 5.3999173892656085 -7.126754788938717 3
active_diff 6.070847164571542 -10.744018161399499 1.6520925000735158 3
active_diff -0.17422566256257052 -12.177301538579485 2.369797335803849 3
active_diff -3.6368101717462107 5.3773966382916285 -7.89949368893099 3
active_diff -6.54765205409592 -1.7132408285248268 -9.273536852621243 3
active_diff -9.291615698540717 -4.058719861305785 -0.9762898035242997 3
active_diff -1.6806292956682491 5.693906551323719 -8.793821020171173 3
active_diff 7.420683935740175 -7.5034587855227795 -4.391149667287512 3
active_diff 1.987962259553514 -8.760759959831201 9.095844933961867 3
active_diff -1.0817556913620465 -9.458563870188778 -6.306853102367352 3
active_diff 2.3237448050389387 -13.262901392501458 1.510701271030365 3
active_diff -6.041244002537027 -1.6393245224651811 12.55460208217022 3
active_diff 7.970433781335245 5.443064851858629 0.28662507046393476 3
active_diff -6.975271394299195 -2.9578015264786104 -3.240659272250942 3
active_diff 1.8839682522524315 3.38382362259885 13.189641280462848 3
active_diff -5.889574634480092 -7.687511306420267 -5.855130954110168 3
active_diff -8.643148260726273 -5.948755163134347 -0.8248140901861326 3
active_diff -9.740648961577763 6.574800393169356 1.807370563506482 3
active_diff 3.0448350595227183 3.6726196417711465 -13.85297282067748 3
active_diff -3.5853581811615878 5.988720685303053 11.756000307873075 3
active_diff 2.175784650298547 0.47848696695740467 14.813724280876386 3
active_diff -10.673454337326392 -0.9897331099479749 2.218330753233154 3
active_diff 10.743715603548901 5.184843426169727 5.652350763144334 3
active_diff 0.10285238849400935 10.989800545352104 2.8096827464947105 3
active_diff -10.61058567049887 1.06222980707176 0.6948124610977543 3
active_diff -1.573365310391983 -11.173770021635104 4.236399878075855 3
active_diff -8.827851451235865 6.587645127745928 -1.0423639371648712 3
active_diff -9.325052868969511 -7.543831956220169 -2.7857889122865402 3
active_diff -9.207986276597 -1.8817367174381685 10.860652650009172 3
active_diff 0.1606003047984308 6.2612637455965325 -7.433090143754937 3
active_diff -8.888435550144719 -0.34156206270088413 -8.6618162554278 3
active_diff 0.1040683979863572 -12.945037716647521 0.24077791032769125 3
active_diff 0.5966233016770351 1.6862769278370537 13.706259354010509 3
active_diff 5.557034659934881 -10.285945929845841 -0.2520234955450032 3
active_diff 7.004126136228999 3.4216889493288254 11.024772619914815 3
active_diff 10.599538986835338 -6.393286723535128 5.284325218466944 3
active_diff -1.7549145402890112 -0.11598548873444481 -12.685704516944682 3
active_diff -2.149411480591384 11.136343470726873 7.147750911468717 3
active_diff 0.905942061514373 -8.977665824503498 -7.0902587434773405 3
active_diff 8.145127721442117 4.88545879730035 9.54718420848114 3
active_diff -2.895938754720331 11.498040376705609 4.706173814007065 3
active_diff 9.299060627301378 -1.8897351584538162 -6.651999701826057 3
active_diff 8.76413852138733 4.669337556641608 -2.135733645443746 3
active_diff 5.447463392963132 9.996968769170255 5.677462251886487 3
active_diff 5.933432190205029 3.0972385764947723 14.269618114316588 3
active_diff 1.4492933413979079 11.34796651330986 4.745592372922017 3
active_diff 10.613350781549391 -3.1404861368648342 7.825881589465405 3
active_diff -7.258416456473219 9.035830849872251 -1.0176037817559933 3
active_diff -10.10421421429896 -4.633164193864889 2.177369052809002 3
active_diff 11.110203551388626 -4.38553672941492 -1.0978340647335276 3
quiesc_diff 2.082815035750266 0.0698106642754619 0.9473023645165886 4
quiesc_diff 0.8909110290611255 -1.6910205683716517 -0.5888352703781107 4
quiesc_diff -1.9055574866005474 -0.09779574975487668 0.5994052523881372 4
quiesc_diff 0.49886589480472665 2.1883769129937156 3.276285760518505 4
quiesc_diff 1.5972923003415391 -1.5371145488124944 4.239780620007097 4
quiesc_diff -2.2004258406860986 -0.5203180912524438 2.5318978202119546 4
quiesc_diff 3.453421509830792 -1.3754110092352898 0.7662714068785892 4
quiesc_diff -1.1096566333450726 3.3519336780471347 3.033817348280949 4
quiesc_diff -1.6743084267949564 -0.961591590667078 4.410322203974809 4
quiesc_diff -0.42346997859060653 -2.196685115691704 3.449517950925695 4
quiesc_diff 0.8836973140207928 -2.404999502628542 -4.487517292263391 4
quiesc_diff -0.21467181113078362 1.9354656580969103 -0.4559481328323686 4
quiesc_diff -0.08043350405793037 2.766771609248602 5.101079387705312 4
quiesc_diff 1.4919509765233654 -3.1966010157225573 0.5824795882782777 4
quiesc_diff -3.6632520685220706 -1.023510050131443 0.3679688879981685 4
quiesc_diff -0.10689865772089413 4.970809762976044 2.422493650092054 4
quiesc_diff 3.489150326114292 -3.3084381314333386 0.25428547295685566 4
quiesc_diff 2.153491832605917 -0.4105493522769652 -2.9266697502884202 4
quiesc_diff 3.723500541579794 0.9362635277269692 0.20070307013064426 4
quiesc_diff -1.1161527068357557 5.803079808242733 0.9096377957235551 4
quiesc_diff 3.3461688930623668 0.08888639730162815 4.588086872912049 4
quiesc_diff -2.0203480448367146 -2.8842634643373937 -3.390882197764737 4
quiesc_diff -3.9613284657848173 -0.9747028760368308 -1.6090916374162054 4
quiesc_diff 4.868796811859555 0.9702312737556001 1.8399537054860202 4
quiesc_diff -0.7221186032114119 2.15250834131356 -2.378287912077754 4
quiesc_diff 1.5229288231176248 -1.7957364245879666 6.22159413258227 4
quiesc_diff 2.621813384522884 -3.8496195801059985 -1.4646820280051096 4
quiesc_diff -2.8323771278604477 1.298887347815509 1.992333976812251 4
quiesc_diff -3.556335698418999 -0.5269290554189634 4.9290146266253085 4
quiesc_diff 2.004297639623962 -5.126269284875468 0.4646607959143429 4
quiesc_diff 0.4638004057034322 -3.7643874144703937 -1.727117921755769 4
quiesc_diff -0.4197708486669487 -2.205124930154482 5.449496722305442 4
quiesc_diff -2.791477258511228 3.2898923603032397 4.114386762829743 4
quiesc_diff 5.157244688628188 -2.2943512449102057 1.2688004295732662 4
quiesc_diff 2.7539419634149445 -1.3874573393724547 -1.2498686308375642 4
quiesc_diff 1.5197410309124089 -3.237220950620256 -6.191294229454781 4
quiesc_diff -2.139145206940332 1.1925365157389167 -0.9107203786545641 4
quiesc_diff -0.37921044496904005 3.2681470313349403 7.014023460517569 4
quiesc_diff 2.155481098018624 2.123967536614317 4.394980312536613 4
quiesc_diff 1.632593908170655 -4.1958209621303935 -4.005736853205933 4
quiesc_diff -5.2241903333126745 0.16907199174161358 5.7856612627682775 4
quiesc_diff 4.013663449855352 -5.177857515419945 -0.22546149138844507 4
quiesc_diff 2.434951125652359 -3.8226995725359316 5.068245927446082 4
quiesc_diff -2.3739351727135505 1.488324081010619 -3.2895295315640576 4
quiesc_diff -0.07704133668008437 -4.322585987361435 6.043117910552436 4
quiesc_diff -4.12016336505597 1.0781486542241163 -0.6607554324037039 4
quiesc_diff 4.201546350871705 2.749176519896779 -0.4955861564414391 4
quiesc_diff -1.836399969985003 2.421110994466259 0.6699710962502454 4
quiesc_diff 5.272885199205996 -0.4023206863119594 0.4425226008778349 4
quiesc_diff -1.6698456333290348 3.01788576635213 8.521216251707921 4
quiesc_diff -2.6636367767783558 -0.4990821810350665 -5.188248939801381 4
quiesc_diff 5.2524265961232715 -1.9673129332643708 6.188047291078489 4
quiesc_diff 0.6767850590526767 -5.990986004979914 1.6853062572981046 4
quiesc_diff -2.0030775845905615 0.9696521321792004 4.0075710104952424 4
quiesc_diff -2.0917630396924425 6.733173458154664 -0.5678974088711666 4
quiesc_diff 2.0305621563930205 -5.74326535376849 -1.7187049976852407 4
quiesc_diff 3.0024005365334956 -1.8408178745553674 -4.037383919899826 4
quiesc_diff 6.864623049838032 -2.6957967331114325 2.2298938962430093 4
quiesc_diff 0.4311914386702045 -0.1934714163972595 5.153471986455717 4
quiesc_diff -4.452020531871814 -0.38902169761058825 -3.457387840278864 4
quiesc_diff -2.854699818726385 -2.3000530263016246 3.1678766898490105 4
quiesc_diff 2.205161436468329 -1.717996932719658 8.100028382878172 4
quiesc_diff -5.259664562501115 -1.2620845416049042 1.548879283026423 4
quiesc_diff 1.4986397434893535 2.4004003924755795 6.272531397136654 4
quiesc_diff 0.49508096595469264 -1.6051338326571831 -6.726423550890114 4
quiesc_diff -0.5304694186485486 4.625091104291103 4.463367046029131 4
quiesc_diff -0.3434500323578473 -2.2980515210243673 7.445878394658505 4
quiesc_diff -0.16813340857465575 3.8288458156074103 0.5625906526175208 4
quiesc_diff 4.144533068808861 -3.9053112746496463 2.9141346938468056 4
quiesc_diff -3.2828729130937564 -4.031225065207491 -0.8072158466907923 4
quiesc_diff -1.1911269529329618 -4.497646019851519 -4.233134600732314 4
quiesc_diff 1.3680204992131335 3.9595942719394026 3.6039431135645366 4
quiesc_diff 3.2176850999157804 1.1331625111504497 6.2889629157039595 4
quiesc_diff 3.732350984123496 3.025448491165618 5.232126327803295 4
quiesc_diff -3.5442322400196415 -4.6882077264135225 1.755216318165633 4
quiesc_diff -2.5916008109714803 4.080656034726207 5.940514419082716 4
quiesc_diff 0.9454964560294963 5.865779179439713 0.9762937095067341 4
quiesc_diff 4.522811171890597 -2.113244781169641 -1.8366686927293612 4
quiesc_diff -5.196607166117743 -4.2734675621805955 -0.2790683469684512 4
quiesc_diff -1.2831219782017704 -6.883080841868218 0.8848989746502023 4
quiesc_diff 5.356073123393007 -3.6781613408196923 -0.36045351022386996 4
quiesc_diff 1.1004690166732023 5.749407292474181 4.738962635942529 4
quiesc_diff -0.9744535690997562 1.8874463707964488 -4.6614452137190066 4
quiesc_diff 2.5847806764200785 -6.092354408671619 2.2763030177289756 4
quiesc_diff -5.184031169414763 -3.1345657790806425 2.247516245369222 4
quiesc_diff -5.940292579320042 -1.24126800782731 -1.721537481506898 4
quiesc_diff 5.282133545227547 1.0458252766724463 -1.0477597379289285 4
quiesc_diff 6.484209395376649 -2.033379849803243 -0.2046508244490366 4
quiesc_diff -1.0232390640507396 -4.706789610438138 7.762739216751374 4
quiesc_diff 1.5592411948445193 -0.31238526684990364 9.367720335298591 4
quiesc_diff -2.202433258901155 0.41131798285495236 6.06331647333008 4
quiesc_diff -0.076378983681684 5.242577175497106 6.91443073046995 4
quiesc_diff -4.69159554511484 -1.6568571444582576 3.62843412161574 4
quiesc_diff 5.077730599237949 3.268472146663888 1.4844567709196417 4
quiesc_diff -2.2816908510562737 4.1377131081474605 1.6164654231242856 4
quiesc_diff 0.44112428098833334 -6.935202170280004 -1.9488655192206097 4
quiesc_diff -5.991207763779724 1.7824010847044964 -0.6039982992225498 4
quiesc_diff 0.20239826433685842 -0.8278650880199516 -8.54581634377013 4
quiesc_diff 6.605315660185413 0.43036171917289434 2.672445839649285 4
quiesc_diff 0.22914485938930665 0.21170794838547136 7.101549721597503 4
quiesc_diff 2.6415572930638525 -6.987653982695242 0.10529031741053169 4
quiesc_diff 2.9412615045461945 -5.548445987191835 5.943145414545414 4
quiesc_diff -3.9469433182629343 1.4853419316630065 3.6424784842339326 4
quiesc_diff -4.000004662246048 -2.8015648390035475 -3.663133211565107 4
quiesc_diff 6.562707189067705 1.1105524287145205 0.660637644603061 4
quiesc_diff 4.149085206369622 -0.071738604462114 -2.765382282948166 4
quiesc_diff 1.7374229948782818 5.8033590450538 2.8117653338829403 4
quiesc_diff 4.779418839355926 -0.7673841200320819 7.716587282447009 4
quiesc_diff 1.703316588378914 -3.5939413077585662 7.078285122546241 4
quiesc_diff 1.8848871907713076 -0.5512342870105629 -5.080522497835889 4
quiesc_diff -3.551195020186128 3.332815299845158 0.19219165408126532 4
quiesc_diff -2.327988027784225 3.06915743765765 -1.57602655210601 4
quiesc_diff 4.736452753221518 -6.62681944013341 0.9484571444931499 4
quiesc_diff -1.199819779117426 7.396281266792585 2.1157509469205893 4
quiesc_diff -0.9855679081959391 -2.6555117667019568 -5.153168202696062 4
quiesc_diff -1.8602425929847695 5.61941179362912 3.1331978434848424 4
quiesc_diff -1.465302906157308 3.7378067906512835 -3.344986375085859 4
quiesc_diff -4.380634289041374 3.818427050001181 3.021120549091062 4
quiesc_diff 3.7501674375575904 -4.803671677516013 -2.8124957118752896 4
quiesc_diff -4.90778512407296 -1.5017529873724897 6.838387073572938 4
quiesc_diff 4.920393631824851 3.6302819747912602 -2.1408556675007846 4
quiesc_diff -1.7136579246666337 1.0196099393542009 8.450688226331533 4
quiesc_diff -2.4034956892007067 -1.7862179259854207 6.080135769449904 4
quiesc_diff -2.9485911052585223 8.11814817054961 0.593003410357086 4
quiesc_diff 1.0799788327624276 -6.0865033561821225 -3.659418122476012 4
quiesc_diff 2.1142110949912287 -2.9903519932734155 -8.08487841316899 4
quiesc_diff -2.204726721088168 -4.792306424787327 4.398765676774855 4
quiesc_diff -3.704835310198387 5.620037047760746 6.565826378379654 4
quiesc_diff 3.7386493867482247 2.8277609303784477 7.22232228761087 4
quiesc_diff -5.023823217842492 -1.2603523289339216 -5.16438069885631 4
quiesc_diff 8.288739261860771 -2.380292134054131 0.8615555380041933 4
quiesc_diff 3.370745598187163 5.612854681696669 -1.8148414633137442 4
quiesc_diff 5.139788178377107 -2.901347839352198 -3.5682093197867357 4
quiesc_diff -1.929269063612243 -6.344626420530044 -4.442442087343118 4
quiesc_diff 0.9541637180342006 1.9039934485052763 8.131866225424078 4
quiesc_diff 5.127830156443214 0.9940693817452032 4.667628731338823 4
quiesc_diff 3.5038941399762065 0.7842606729964072 8.237385840204803 4
quiesc_diff -0.7808686220788118 -1.8355969468452453 9.341874371496887 4
quiesc_diff -0.26064191672497067 -6.275962440846863 3.8462489052224664 4
quiesc_diff 5.165964051127702 1.1475195254852502 6.740629833248257 4
quiesc_diff -2.1024062586981063 -4.646301699003102 -2.448285937898386 4
quiesc_diff 0.7053307963227352 2.8542912329038934 -3.5906776946314976 4
quiesc_diff 7.209956070705345 -3.83983400115434 -1.0932426808349254 4
quiesc_diff -3.87015220245455 1.6754713149163107 -4.603420894179122 4
quiesc_diff 3.6196858345076905 -3.0499720966598227 8.574330912913544 4
quiesc_diff -5.514697276740527 3.6620017863089394 0.3827045030847215 4
quiesc_diff -6.1557918989045035 2.9287551638138773 3.2604934695999335 4
quiesc_diff -1.6762716629184964 3.1704413717249427 10.515379106996589 4
quiesc_diff 7.147815067752084 0.3800911730344251 -1.3234961333572512 4
quiesc_diff 0.03627290922574372 4.19377382820856 8.737563020636959 4
quiesc_diff 6.201457678021161 2.7628562951821447 -0.4826421505915676 4
quiesc_diff -3.8296905354930866 -3.1575689344689724 6.372308102055513 4
quiesc_diff -0.8085975421067908 -4.207148436442984 -6.402610131975389 4
quiesc_diff -4.712603103657985 1.605583425363287 1.3834926214880516 4
quiesc_diff -3.8138998228911927 5.780299033121883 3.529857299697296 4
quiesc_diff 6.074348759752558 -1.1762745838597903 -2.682137771291449 4
quiesc_diff -5.753525888132443 3.1753666940426744 -2.0193265781705505 4
quiesc_diff -0.024364657882407936 8.255729589394107 0.7447462646748291 4
quiesc_diff -6.607971445312396 -2.4257171263573385 -5.528247820660741 4
quiesc_diff -3.972811515361702 -5.002597351178288 5.309619060441154 4
quiesc_diff 9.067555225971795 -2.0072357934527285 -0.9424052877298101 4
quiesc_diff -5.98018242733348 -4.411741462359507 -2.113977101795242 4
quiesc_diff 0.9522908918890594 1.9155392789430696 10.131832021712038 4
quiesc_diff 1.4660647967387772 -6.898430482767548 5.906586763321042 4
quiesc_diff -4.527118776528754 3.643899603779252 5.689488474145723 4
quiesc_diff -0.4736422334396787 3.3840057284119327 -5.890061547326818 4
quiesc_diff 5.580815196780612 -4.2375610584887715 1.5625786535703416 4
quiesc_diff -0.11202213548359996 7.091936831740481 5.591886807331102 4
quiesc_diff 3.4202412350242373 6.881740030261467 2.8839956694394857 4
quiesc_diff -3.0655307916102483 -2.5140451272597653 -5.4078655693947315 4
quiesc_diff -5.583318762698845 1.242880753969208 -3.21851820751764 4
quiesc_diff 8.197585540936682 -2.2914412085537563 3.6650620421700886 4
quiesc_diff -6.377006154633425 -0.9821589503758982 4.467584539731703 4
quiesc_diff -3.5030870010935873 0.7579486013269512 -6.497904212417592 4
quiesc_diff -3.3341825082626966 -0.016924269033145034 7.903425118856138 4
quiesc_diff 2.6110717896882534 -7.274814268309772 -3.1657871536637967 4
quiesc_diff -3.842052324723923 3.04895210443377 -2.8826255913073293 4
quiesc_diff 1.596519750438291 0.9623830021525975 -9.255481986546947 4
quiesc_diff 3.6886855525499054 -3.881959334006314 -4.586380244092018 4
quiesc_diff 4.0850305003002765 -0.3601556243012365 9.771201953429868 4
quiesc_diff -3.0996974821922465 5.9590287974179486 1.4995282116185191 4
quiesc_diff 4.59643184601861 -1.7895322303396768 -5.244211980179563 4
quiesc_diff -2.5134334794182855 -8.394857731665832 1.3330777843324757 4
quiesc_diff 4.537795732968915 -6.6489543167922 -1.4749251966598247 4
quiesc_diff 1.9904404680265158 -8.828936077795515 0.5362510191183016 4
quiesc_diff 5.161516550943509 4.836724905914491 -0.5640376083010288 4
quiesc_diff 1.6459040111134744 4.115570200439092 7.290620668925499 4
quiesc_diff -5.7403845607231645 1.033629570267363 7.513690114669131 4
quiesc_diff 7.023527004181842 1.1588278832832841 5.283411239733431 4
quiesc_diff -0.8451209473371997 -2.502445820124114 -7.909085814073013 4
quiesc_diff -3.7562606476135594 1.6701355802634352 6.094918728659804 4
quiesc_diff 1.820660406209183 7.316250263638655 -0.08682514283698795 4
quiesc_diff -2.655673839838734 3.366543849895489 -4.908693786677865 4
quiesc_diff -4.087652568661664 6.701033997480736 -0.6919620824031999 4
quiesc_diff 1.4589182946826267 -1.5056539030367972 -9.946444679760065 4
quiesc_diff 0.6052277092109208 -3.300177432295213 8.893550388105764 4
quiesc_diff -3.012514171152949 -4.62033981299113 -5.050138171367028 4
quiesc_diff 8.109308370496825 1.7788756065097158 1.738305921775487 4
quiesc_diff 3.823159478185433 -2.1037991560370357 -8.62665280382071 4
quiesc_diff 2.1142200043418073 -1.7608872033200367 10.630194359210073 4
quiesc_diff 2.4035502277699083 -0.608846993957349 -7.011239833452279 4
quiesc_diff -0.9782210541782363 -5.611422219475433 9.545886216146965 4
quiesc_diff 4.229473349893522 -7.156518895311063 4.948564193692538 4
quiesc_diff 6.7734901302198836 -2.4073984919262497 7.4098043971756 4
quiesc_diff -1.8339288975031516 -6.154630358022484 -6.4311129371716955 4
quiesc_diff -3.9922451100443146 -5.537268972021719 -1.9156484503890399 4
quiesc_diff -5.631207205341782 -3.6835522631503976 4.117983415142946 4
quiesc_diff 5.59202480800483 -1.8727229902405274 9.171887087202887 4
quiesc_diff 8.535295987002122 0.34604482138419207 3.1901973233243774 4
quiesc_diff -5.833626839658995 0.9435549787319599 3.259213317898337 4
quiesc_diff -7.249632851608887 -0.850523524810935 -3.1819986416733848 4
quiesc_diff 0.2658768597090321 -8.91111352252484 -1.6937916683363219 4
quiesc_diff 4.404643255812196 3.5881958654821067 8.948065859478689 4
quiesc_diff -7.008037240559921 -0.428222608416295 1.051016596137324 4
quiesc_diff 3.304852257191362 -7.956149010203368 2.3644313438599887 4
quiesc_diff 5.687079828372586 -7.224426185305874 2.6035022623416326 4
quiesc_diff 1.440546713870693 -5.465191524276529 -5.539300106260178 4
quiesc_diff 1.1715018376186557 -7.564076316787957 2.816960877710611 4
quiesc_diff -1.7271064047764706 5.926237469398412 5.398823116616478 4
quiesc_diff 5.6837515424830185 3.3229469685011153 4.910364743991297 4
quiesc_diff -0.7548606628341007 -6.188845377521027 5.803041152549362 4
quiesc_diff -6.902577734725171 -1.9395751945505366 2.466399159489047 4
quiesc_diff 7.842742844408308 -0.39627642713354705 1.3362410129788942 4
quiesc_diff 3.0944358322848213 1.603728460997068 10.015254350160422 4
quiesc_diff -6.8606079049133895 1.2937359653320346 5.546352930560175 4
quiesc_diff -5.507594413525754 -3.9640929663288293 -4.276078147928862 4
quiesc_diff 6.2818640095311995 1.751637382640137 -2.6296473034065313 4
quiesc_diff 5.60954692905306 3.5324496410643373 7.166142155628235 4
quiesc_diff -7.081206948313715 1.5460618611879857 1.8168093075454126 4
quiesc_diff -4.921267211276968 6.746331598996733 1.7486025392968518 4
quiesc_diff -1.9656930435119253 5.062583760956653 -1.660251023631013 4
quiesc_diff 3.336036660109003 -4.2792056922175 10.126274182951237 4
quiesc_diff -4.121493898272382 2.334583528437814 7.945624971362856 4
quiesc_diff 0.6729887194445444 -7.184131216744674 -6.214652650380676 4
quiesc_diff 8.576876340516215 0.7896572844414793 6.48791068276375 4
quiesc_diff -2.236185873949271 -2.5921869959665464 8.021235115602778 4
quiesc_diff 8.866264126997464 2.080279573179124 4.129819543141893 4
quiesc_diff 6.763860390430066 -2.983206014537185 5.36128908407393 4
quiesc_diff 8.391881745224223 -3.9868541193456872 2.204365425524092 4
quiesc_diff -3.9219066070052486 4.443082040835959 8.168217393012869 4
quiesc_diff 0.1587874126189721 -6.550870299251217 7.7058022721990005 4
quiesc_diff -4.025444468155092 4.44291679124934 -1.402412415863166 4
quiesc_diff -0.28327911089742347 -1.163370485017948 11.15860667494212 4
quiesc_diff -7.467324154424738 0.13303285490070638 -0.8128631842265681 4
quiesc_diff 2.2225416634670774 3.1817778081483925 9.002776391739127 4
quiesc_diff -5.633675939649755 -3.283555916238944 7.38451970082037 4
quiesc_diff 6.600408567084648 4.329692538488112 2.2296165431904518 4
quiesc_diff -3.979543852505329 -4.305912933657823 8.002906165008914 4
quiesc_diff -1.1179530384091003 -1.1963149138640832 -10.002153242695815 4
quiesc_diff 6.236690440550014 -4.9982561862810435 4.575809713304692 4
quiesc_diff 5.19734702424379 7.5562455267252036 2.2619527857388833 4
quiesc_diff 5.619580820143088 -4.816552863926084 -1.9836073642601957 4
quiesc_diff 5.987348303583569 -0.9570726383530872 -6.415690719117862 4
quiesc_diff 7.158270868245815 -2.2451219163924447 -3.979318653997235 4
quiesc_diff -1.9324382239235427 4.842143381563184 7.668415372390935 4
quiesc_diff 4.855106375526246 -0.43929734037579876 11.615306000161432 4
quiesc_diff -7.726796165956735 0.19893347777133108 3.582662169404734 4
quiesc_diff 1.454309973256662 7.617904829343425 3.603769509190765 4
quiesc_diff 5.30700856994163 3.677483110838631 -4.102564346785453 4
quiesc_diff -0.3832943799991172 -8.637017913223378 0.5472378379481347 4
quiesc_diff -4.361052932232274 -2.8162029300894593 -6.901292181367096 4
quiesc_diff -2.998017314238184 -4.639592140938065 -7.04999296334774 4
quiesc_diff -4.187207258323412 7.017531437476765 -2.66424964618347 4
quiesc_diff -7.109225077180556 3.755806902327326 1.5863164396459468 4
quiesc_diff 1.9381608863550672 -5.56070542960926 4.09268189069525 4
quiesc_diff -2.148875307845281 7.879488476249213 5.315627584041313 4
quiesc_diff 8.041242401117069 0.217412484246025 -3.1054398036819952 4
quiesc_diff 1.2110030194357506 -4.479398418775411 10.391039666386808 4
quiesc_diff 2.695150402194851 8.650905355088165 1.1189787524083736 4
quiesc_diff 2.5306710155239025 5.900668893819571 7.11566352332148 4
quiesc_diff -4.6675757128978415 -2.9293541362430453 -1.7391378456358533 4
quiesc_diff 2.4719431198483757 -8.283596614525047 -1.4085669173545141 4
quiesc_diff -0.24948323032632935 -5.416802094675684 -7.89396160412624 4
quiesc_diff -0.14861296168484012 8.959410368789001 4.876901702688072 4
quiesc_diff -2.5952396645073774 -5.9300672241632615 7.582722573290441 4
quiesc_diff -2.8477135155477793 7.690769493085468 3.2101562274307307 4
quiesc_diff 4.428075160491926 2.1798090976689677 -5.214557940229137 4
quiesc_diff -6.7424330250137405 -3.6914636254510698 1.1244630653400454 4
quiesc_diff -6.5632445161650255 -0.031392501440636655 -5.510559566898022 4
quiesc_diff 6.507892421452605 -4.389656375683732 7.399243176655095 4
quiesc_diff -7.365198326088419 1.5022048294052903 -2.3480836921899204 4
quiesc_diff -2.628090356361473 1.7674133038759074 -8.48465582918578 4
quiesc_diff -5.10352215183842 -6.311782962114086 6.3133752522910855 4
quiesc_diff -4.758140372210579 4.563294146779435 -3.814049698809625 4
quiesc_diff -5.718388097358998 5.303079238813892 3.1000041759430292 4
quiesc_diff -7.6849459920401895 2.8241735770693754 -0.3896133923821424 4
quiesc_diff 6.625245035897475 1.5839598061835536 8.036785259450435 4
quiesc_diff -6.354295530781277 2.861723080748356 8.043961213051446 4
quiesc_diff -6.751431113294607 3.9308000359947433 -3.579296330268706 4
quiesc_diff -2.1011994614887204 5.414771009009814 -4.230100255477985 4
quiesc_diff 5.824047701664224 -7.731646297932912 -0.39171979277695823 4
quiesc_diff 6.956074497591128 -5.681237786795588 1.4061837697681692 4
quiesc_diff -5.085230299520527 6.28849100536236 4.987752953900218 4
quiesc_diff 4.781298972434727 -6.398765497076514 6.908373800544832 4
quiesc_diff 6.647572199812629 -0.4174947033411975 7.0940277126851745 4
quiesc_diff -1.251698864170096 0.6329381272654347 10.357800896354242 4
quiesc_diff 6.549817928951505 1.1007835170362499 -5.5023593538475755 4
quiesc_diff -5.941245994940534 4.618417140629363 6.71445665927078 4
quiesc_diff -5.340894038211079 1.4847111449179438 -6.804957138726035 4
quiesc_diff 2.982502950840508 4.8727127589664985 5.072932571997005 4
quiesc_diff 6.490461451989935 -1.3498264700723257 10.880509580892106 4
quiesc_diff 3.6620339282156564 -0.10064240356904697 -8.480235024057285 4
quiesc_diff -3.851158411600609 0.9890774267046152 9.552878514239197 4
quiesc_diff 1.8563679326313578 7.323989029599242 5.859454214193953 4
quiesc_diff -6.905610926657774 -1.548968802694139 6.918778175753831 4
quiesc_diff -2.0670096666405633 -8.941824955803119 4.010887228107329 4
quiesc_diff -5.820394744400973 5.323755196744246 -1.4501325291281986 4
quiesc_diff -6.453281986571577 -7.521656297375138 -0.43094180724968384 4
quiesc_diff 7.684697628193077 2.689281880107882 6.388202608973891 4
quiesc_diff 5.02802056731709 -4.810860679999568 -6.247480751627847 4
quiesc_diff -6.726663294609387 3.902450469200276 4.911560791617557 4
quiesc_diff 5.858105620622117 0.5390155795600005 9.9895955518764 4
quiesc_diff -5.865851096631371 -5.931563500271198 -4.302758610419087 4
quiesc_diff 3.8450626541608726 5.243411355205326 -3.722335882420506 4
quiesc_diff 2.128521784609054 8.204494330643266 -1.8521137450550051 4
quiesc_diff 3.699051651879446 8.847371556831343 3.125982142630872 4
quiesc_diff 4.468397002676763 -2.5590826169621197 10.677334202813473 4
