435
 Lattice="1.0 0.0 0.0 0.0 1.0 0.0 0.0 0.0 1.0"Properties=species:S:1:pos:R:3:Color:r:1
active_stem 2.6003765043410576 3.877445241473387 -2.443240646978591 1
active_stem 2.6632844947584826 1.5685145259116584 -5.981315035676815 1
active_stem 1.2107980733529886 1.2106295635055506 -7.308794432622862 1
active_stem 4.509104407017098 5.326262039113114 3.850394247711037 1
active_stem -4.142144458371814 -5.6801404320959925 3.385728656831808 1
active_stem 4.786941563652533 -3.654938060891691 4.881954463275896 1
active_stem -2.1629533268317926 -6.23561294640262 -1.1266572983160554 1
active_stem 4.603399810961723 -4.415372536127553 6.72262060190396 1
active_stem -3.3157391856551013 -7.304122289437975 4.210190452338488 1
active_stem 4.351572703429952 1.9899008675764869 -3.2250649801494533 1
active_stem 1.5190812023978253 5.15617232676257 -1.0339376435065875 1
active_stem -3.249789845206549 -1.7656137014990758 -8.642606493789186 1
active_stem -1.3299918160892357 1.1702818590019979 -7.085236586326126 1
active_stem 5.392196116818675 5.208562679371287 5.641007520530183 1
active_stem 2.652686041966213 3.7890210018500454 -4.440600120413575 1
active_stem 6.755311460537774 -0.9066257611371953 5.131978685255805 1
active_stem -1.9339430566320135 -7.5613326372582685 -2.6065294540851367 1
active_stem 5.420898899560042 -0.03958047842896445 -4.308578895419624 1
active_stem 3.355858791544029 7.116563283557255 -3.1334160056428657 1
active_stem 4.229473349893522 -7.156518895311063 4.948564193692538 1
active_stem 3.060787645613874 -4.492093409347668 -6.415950508344497 1
active_stem 3.8445145491921187 2.538545604667125 -7.271173657678163 1
active_stem -3.9358093949278388 -6.235522914605984 0.5500262750011005 1
active_stem 1.6944984569257997 5.518327679102551 -3.1410155312294443 1
active_stem -0.5756566306079447 -7.783734754606695 -4.057596400534438 1
active_stem -4.228341876302541 -0.5887688015148926 -9.93003493988595 1
active_stem -3.3411413432649955 -7.840868601405682 -0.9395015342747461 1
active_stem -5.861187827680775 -5.36792454829066 2.412378187404401 1
active_stem 2.1452398692406875 -5.313112923468047 -7.993194695720583 1
active_stem 3.9967424643079266 7.581259622107182 -1.2967545150782733 1
active_stem -4.810370026051351 -7.965371834050066 1.0427395977223237 1
active_stem -3.316760207724862 -7.304680843421523 6.210190113721305 1
active_stem 8.2987743922492 -1.327551402214649 6.332205240167962 1
active_stem 5.100026333696163 6.329684288087217 -2.518931978233115 1
active_stem 0.6262914148000281 6.834823192933111 -1.654467791578356 1
active_stem 2.351919178794517 3.804585787435971 -7.682636068941055 1
active_stem 4.315268491298685 0.47542469936693776 -6.257183675212905 1
active_stem -0.022774345170599952 2.4624531673398034 -8.263381648722726 1
active_stem 5.899163318413031 6.9976513458748295 6.377313163518313 1
active_stem 2.071555720165782 4.890151151032016 -6.005783797700883 1
active_stem 5.592204709196098 -8.530345490305995 5.454097307600997 1
active_stem 6.549817928951505 1.1007835170362499 -5.5023593538475755 1
quiesc_stem 0 0 0 2
quiesc_stem 0.4646554739572409 0.9960653839615129 1.6709126372719718 2
quiesc_stem 0.6360685533544115 -1.9520764203227943 -2.5552800712148227 2
quiesc_stem 1.8965308617982415 -1.4226243518683481 2.2656103441339606 2
quiesc_stem 1.4323370185621311 0.5049622501906164 -1.3013161764686454 2
quiesc_stem -0.19374226449012427 -0.8682719520267231 1.9721745094823167 2
quiesc_stem -0.4102967890718394 -2.505137518639293 0.693378364441206 2
quiesc_stem -1.0815736631147341 -1.0685240282951398 -2.036589039149325 2
quiesc_stem -0.14507745658831123 -3.902529261288251 2.0994206907079156 2
quiesc_stem 1.3102109965162574 2.791313584850579 1.4216742865421508 2
quiesc_stem -1.805538590107008 -2.822085149286589 -1.403423832088573 2
quiesc_stem 1.6971917419647475 0.30943690566626314 3.4780274923300545 2
quiesc_stem 3.719135851389662 -1.951149861570196 2.897094182019666 2
quiesc_stem -2.0563676391136294 -3.4026323990274583 1.3897645334018853 2
quiesc_stem 2.637447464814115 1.1949612755663794 -4.016680103420918 2
quiesc_stem 3.2714557891722365 2.4102358024945723 1.512770867567101 2
quiesc_stem 2.0963905496995374 -3.1763473823944866 3.2060951326096774 2
quiesc_stem 3.7249072649036807 -1.9602832818965201 4.897064999661562 2
quiesc_stem -1.066044640340521 -0.6872806182851205 -3.9998547653758108 2
quiesc_stem -0.30012857862962355 -4.287374322064328 4.055910769586413 2
quiesc_stem 1.4792756403552207 2.4903249066745854 -1.538237868221602 2
quiesc_stem 3.196947048046396 1.3459041060637875 -1.7243625555857927 2
quiesc_stem -0.4028751904208656 -5.331299113958037 -0.836241310158328 2
quiesc_stem 3.6345281703001486 3.7909458410296524 2.913420086875978 2
quiesc_stem -1.435264094443929 -5.423868495000766 2.2441458628993316 2
quiesc_stem 2.321477330501893 4.394200543283961 0.7828520888756677 2
quiesc_stem 0.12986008380758673 3.9420267765142687 -1.8058931256913682 2
quiesc_stem 0.7292670893990829 0.6082198436131101 -3.8959235428936596 2
quiesc_stem 4.395909402402389 -5.806285430106893 3.4825598861040485 2
quiesc_stem -2.361236784170796 -0.7820817968482138 -7.144895423436215 2
quiesc_stem 5.442201555374872 -1.298918116368148 3.6753218674052763 2
quiesc_stem -0.34321271094484795 0.21065024200814586 -5.634245836074352 2
quiesc_stem 4.046163170174882 5.286535118150581 1.6509743094110496 2
quiesc_stem 6.10996396106244 2.548809738859104 3.038992169528863 2
active_diff -5.2241903333126745 0.16907199174161358 5.7856612627682775 3
active_diff 5.2524265961232715 -1.9673129332643708 6.188047291078489 3
active_diff -2.0917630396924425 6.733173458154664 -0.5678974088711666 3
active_diff 6.864623049838032 -2.6957967331114325 2.2298938962430093 3
active_diff -5.259664562501115 -1.2620845416049042 1.548879283026423 3
active_diff -0.3434500323578473 -2.2980515210243673 7.445878394658505 3
active_diff -3.2828729130937564 -4.031225065207491 -0.8072158466907923 3
active_diff 3.732350984123496 3.025448491165618 5.232126327803295 3
active_diff -2.5916008109714803 4.080656034726207 5.940514419082716 3
active_diff -5.196607166117743 -4.2734675621805955 -0.2790683469684512 3
active_diff -1.2831219782017704 -6.883080841868218 0.8848989746502023 3
active_diff 5.356073123393007 -3.6781613408196923 -0.36045351022386996 3
active_diff 2.5847806764200785 -6.092354408671619 2.2763030177289756 3
active_diff -5.184031169414763 -3.1345657790806425 2.247516245369222 3
active_diff -5.940292579320042 -1.24126800782731 -1.721537481506898 3
active_diff 5.282133545227547 1.0458252766724463 -1.0477597379289285 3
active_diff -1.0232390640507396 -4.706789610438138 7.762739216751374 3
active_diff 5.077730599237949 3.268472146663888 1.4844567709196417 3
active_diff -5.991207763779724 1.7824010847044964 -0.6039982992225498 3
active_diff 0.20239826433685842 -0.8278650880199516 -8.54581634377013 3
active_diff 6.605315660185413 0.43036171917289434 2.672445839649285 3
active_diff 2.6415572930638525 -6.987653982695242 0.10529031741053169 3
active_diff -4.000004662246048 -2.8015648390035475 -3.663133211565107 3
active_diff 1.7374229948782818 5.8033590450538 2.8117653338829403 3
active_diff 4.779418839355926 -0.7673841200320819 7.716587282447009 3
active_diff -3.551195020186128 3.332815299845158 0.19219165408126532 3
active_diff -1.199819779117426 7.396281266792585 2.1157509469205893 3
active_diff -1.465302906157308 3.7378067906512835 -3.344986375085859 3
active_diff -4.380634289041374 3.818427050001181 3.021120549091062 3
active_diff 3.7501674375575904 -4.803671677516013 -2.8124957118752896 3
active_diff -4.90778512407296 -1.5017529873724897 6.838387073572938 3
active_diff 4.920393631824851 3.6302819747912602 -2.1408556675007846 3
active_diff -1.7136579246666337 1.0196099393542009 8.450688226331533 3
active_diff -2.9485911052585223 8.11814817054961 0.593003410357086 3
active_diff 2.1142110949912287 -2.9903519932734155 -8.08487841316899 3
active_diff -3.704835310198387 5.620037047760746 6.565826378379654 3
active_diff 3.7386493867482247 2.8277609303784477 7.22232228761087 3
active_diff -5.023823217842492 -1.2603523289339216 -5.16438069885631 3
active_diff 8.288739261860771 -2.380292134054131 0.8615555380041933 3
active_diff 3.370745598187163 5.612854681696669 -1.8148414633137442 3
active_diff -1.929269063612243 -6.344626420530044 -4.442442087343118 3
active_diff 0.9541637180342006 1.9039934485052763 8.131866225424078 3
active_diff 3.5038941399762065 0.7842606729964072 8.237385840204803 3
active_diff -0.7808686220788118 -1.8355969468452453 9.341874371496887 3
active_diff 5.165964051127702 1.1475195254852502 6.740629833248257 3
active_diff 7.209956070705345 -3.83983400115434 -1.0932426808349254 3
active_diff -3.87015220245455 1.6754713149163107 -4.603420894179122 3
active_diff 3.6196858345076905 -3.0499720966598227 8.574330912913544 3
active_diff -5.514697276740527 3.6620017863089394 0.3827045030847215 3
active_diff -6.1557918989045035 2.9287551638138773 3.2604934695999335 3
active_diff -1.6762716629184964 3.1704413717249427 10.515379106996589 3
active_diff 7.147815067752084 0.3800911730344251 -1.3234961333572512 3
active_diff 0.03627290922574372 4.19377382820856 8.737563020636959 3
active_diff 6.201457678021161 2.7628562951821447 -0.4826421505915676 3
active_diff -3.8296905354930866 -3.1575689344689724 6.372308102055513 3
active_diff -0.8085975421067908 -4.207148436442984 -6.402610131975389 3
active_diff -3.8138998228911927 5.780299033121883 3.529857299697296 3
active_diff 6.074348759752558 -1.1762745838597903 -2.682137771291449 3
active_diff -5.753525888132443 3.1753666940426744 -2.0193265781705505 3
active_diff 1.672320361693955 -5.307361500898473 8.109415800817283 3
active_diff -0.024364657882407936 8.255729589394107 0.7447462646748291 3
active_diff -6.607971445312396 -2.4257171263573385 -5.528247820660741 3
active_diff -3.972811515361702 -5.002597351178288 5.309619060441154 3
active_diff 9.067555225971795 -2.0072357934527285 -0.9424052877298101 3
active_diff -5.98018242733348 -4.411741462359507 -2.113977101795242 3
active_diff 0.9522908918890594 1.9155392789430696 10.131832021712038 3
active_diff 1.4660647967387772 -6.898430482767548 5.906586763321042 3
active_diff -4.527118776528754 3.643899603779252 5.689488474145723 3
active_diff -0.4736422334396787 3.3840057284119327 -5.890061547326818 3
active_diff 5.580815196780612 -4.2375610584887715 1.5625786535703416 3
active_diff -0.11202213548359996 7.091936831740481 5.591886807331102 3
active_diff 3.4202412350242373 6.881740030261467 2.8839956694394857 3
active_diff -3.0655307916102483 -2.5140451272597653 -5.4078655693947315 3
active_diff -5.583318762698845 1.242880753969208 -3.21851820751764 3
active_diff -0.2268137006027105 6.624601239131184 8.352268997967807 3
active_diff 8.197585540936682 -2.2914412085537563 3.6650620421700886 3
active_diff -6.377006154633425 -0.9821589503758982 4.467584539731703 3
active_diff -3.5030870010935873 0.7579486013269512 -6.497904212417592 3
active_diff -3.3341825082626966 -0.016924269033145034 7.903425118856138 3
active_diff 2.6110717896882534 -7.274814268309772 -3.1657871536637967 3
active_diff -3.842052324723923 3.04895210443377 -2.8826255913073293 3
active_diff 1.596519750438291 0.9623830021525975 -9.255481986546947 3
active_diff 4.0850305003002765 -0.3601556243012365 9.771201953429868 3
active_diff -3.0996974821922465 5.9590287974179486 1.4995282116185191 3
active_diff 4.59643184601861 -1.7895322303396768 -5.244211980179563 3
active_diff -2.5134334794182855 -8.394857731665832 1.3330777843324757 3
active_diff 4.537795732968915 -6.6489543167922 -1.4749251966598247 3
active_diff 1.9904404680265158 -8.828936077795515 0.5362510191183016 3
active_diff -2.272358918991546 -2.1197586080117174 10.64368420574238 3
active_diff 5.161516550943509 4.836724905914491 -0.5640376083010288 3
active_diff 1.6459040111134744 4.115570200439092 7.290620668925499 3
active_diff 6.237531601683754 -3.9538170677078748 -4.867158087041014 3
active_diff -5.7403845607231645 1.033629570267363 7.513690114669131 3
active_diff 7.023527004181842 1.1588278832832841 5.283411239733431 3
active_diff -0.8451209473371997 -2.502445820124114 -7.909085814073013 3
active_diff -3.7562606476135594 1.6701355802634352 6.094918728659804 3
active_diff 1.820660406209183 7.316250263638655 -0.08682514283698795 3
active_diff -2.655673839838734 3.366543849895489 -4.908693786677865 3
active_diff -4.087652568661664 6.701033997480736 -0.6919620824031999 3
active_diff 1.4589182946826267 -1.5056539030367972 -9.946444679760065 3
active_diff 0.6052277092109208 -3.300177432295213 8.893550388105764 3
active_diff -5.05801007862506 6.1521558628669935 7.939058919759061 3
active_diff -3.012514171152949 -4.62033981299113 -5.050138171367028 3
active_diff 8.109308370496825 1.7788756065097158 1.738305921775487 3
active_diff 3.823159478185433 -2.1037991560370357 -8.62665280382071 3
active_diff 2.1142200043418073 -1.7608872033200367 10.630194359210073 3
active_diff 2.4035502277699083 -0.608846993957349 -7.011239833452279 3
active_diff -0.9782210541782363 -5.611422219475433 9.545886216146965 3
active_diff 6.7734901302198836 -2.4073984919262497 7.4098043971756 3
active_diff -1.8339288975031516 -6.154630358022484 -6.4311129371716955 3
active_diff -3.521394728719038 9.382326098008097 2.033055554092607 3
active_diff -3.9922451100443146 -5.537268972021719 -1.9156484503890399 3
active_diff -5.631207205341782 -3.6835522631503976 4.117983415142946 3
active_diff 5.59202480800483 -1.8727229902405274 9.171887087202887 3
active_diff 8.535295987002122 0.34604482138419207 3.1901973233243774 3
active_diff -5.833626839658995 0.9435549787319599 3.259213317898337 3
active_diff -7.249632851608887 -0.850523524810935 -3.1819986416733848 3
active_diff 0.2658768597090321 -8.91111352252484 -1.6937916683363219 3
active_diff -5.781866475579074 -1.160644319391082 8.60463356474488 3
active_diff 4.404643255812196 3.5881958654821067 8.948065859478689 3
active_diff -7.008037240559921 -0.428222608416295 1.051016596137324 3
active_diff 3.304852257191362 -7.956149010203368 2.3644313438599887 3
active_diff 5.687079828372586 -7.224426185305874 2.6035022623416326 3
active_diff 1.440546713870693 -5.465191524276529 -5.539300106260178 3
active_diff 1.1715018376186557 -7.564076316787957 2.816960877710611 3
active_diff -1.7271064047764706 5.926237469398412 5.398823116616478 3
active_diff 5.6837515424830185 3.3229469685011153 4.910364743991297 3
active_diff -0.7548606628341007 -6.188845377521027 5.803041152549362 3
active_diff -6.902577734725171 -1.9395751945505366 2.466399159489047 3
active_diff 7.842742844408308 -0.39627642713354705 1.3362410129788942 3
active_diff 1.3760681618499666 1.1694086714413208 11.938403897396356 3
active_diff -2.7117735638642997 3.976296748097747 -6.812651303036411 3
active_diff 3.0944358322848213 1.603728460997068 10.015254350160422 3
active_diff 5.258809414081358 2.615907771859293 10.472879302843817 3
active_diff 0.5575607389156061 8.257406621740866 7.504505280207263 3
active_diff -6.8606079049133895 1.2937359653320346 5.546352930560175 3
active_diff -5.507594413525754 -3.9640929663288293 -4.276078147928862 3
active_diff 6.2818640095311995 1.751637382640137 -2.6296473034065313 3
active_diff 5.60954692905306 3.5324496410643373 7.166142155628235 3
active_diff -7.081206948313715 1.5460618611879857 1.8168093075454126 3
active_diff -4.921267211276968 6.746331598996733 1.7486025392968518 3
active_diff -1.9656930435119253 5.062583760956653 -1.660251023631013 3
active_diff 3.336036660109003 -4.2792056922175 10.126274182951237 3
active_diff -4.121493898272382 2.334583528437814 7.945624971362856 3
active_diff 10.169842225033317 -1.8288473124910578 1.2582421280406295 3
active_diff 0.6729887194445444 -7.184131216744674 -6.214652650380676 3
active_diff 8.576876340516215 0.7896572844414793 6.48791068276375 3
active_diff -2.236185873949271 -2.5921869959665464 8.021235115602778 3
active_diff -7.801858497200884 -4.826473296114613 -2.827765447555087 3
active_diff 8.866264126997464 2.080279573179124 4.129819543141893 3
active_diff 6.763860390430066 -2.983206014537185 5.36128908407393 3
active_diff 8.391881745224223 -3.9868541193456872 2.204365425524092 3
active_diff -0.35892894568366907 -8.841853357472479 2.9752879184211 3
active_diff -3.9219066070052486 4.443082040835959 8.168217393012869 3
active_diff 8.082267704846714 2.1277689495594516 -0.7259890355570132 3
active_diff -6.9656274665307505 -2.890076263373219 -1.241829543786183 3
active_diff 0.1587874126189721 -6.550870299251217 7.7058022721990005 3
active_diff -4.025444468155092 4.44291679124934 -1.402412415863166 3
active_diff -0.28327911089742347 -1.163370485017948 11.15860667494212 3
active_diff 1.1154251897301324 -8.732588006489435 5.19040379495945 3
active_diff -7.467324154424738 0.13303285490070638 -0.8128631842265681 3
active_diff 2.2225416634670774 3.1817778081483925 9.002776391739127 3
active_diff -3.852795989451335 -1.0631633627511785 10.02253595128995 3
active_diff -5.633675939649755 -3.283555916238944 7.38451970082037 3
active_diff 2.9844642480539494 -9.879506122117931 2.8094582460228095 3
active_diff -7.569195072089363 -3.1896705186514813 4.134831287111479 3
active_diff 6.600408567084648 4.329692538488112 2.2296165431904518 3
active_diff -3.979543852505329 -4.305912933657823 8.002906165008914 3
active_diff -1.1179530384091003 -1.1963149138640832 -10.002153242695815 3
active_diff 6.236690440550014 -4.9982561862810435 4.575809713304692 3
active_diff 5.19734702424379 7.5562455267252036 2.2619527857388833 3
active_diff 5.619580820143088 -4.816552863926084 -1.9836073642601957 3
active_diff 5.987348303583569 -0.9570726383530872 -6.415690719117862 3
active_diff 7.158270868245815 -2.2451219163924447 -3.979318653997235 3
active_diff -1.9324382239235427 4.842143381563184 7.668415372390935 3
active_diff -1.1949002806527105 -8.036427334016524 6.429783562780489 3
active_diff 4.855106375526246 -0.43929734037579876 11.615306000161432 3
active_diff -7.726796165956735 0.19893347777133108 3.582662169404734 3
active_diff 1.454309973256662 7.617904829343425 3.603769509190765 3
active_diff 1.638858356696421 1.1346253383104719 -11.247601465909316 3
active_diff 0.07523251280211185 5.296088121448996 -5.68347637076357 3
active_diff 5.30700856994163 3.677483110838631 -4.102564346785453 3
active_diff -5.346806519502524 8.107881859308614 7.636185278484453 3
active_diff -0.3832943799991172 -8.637017913223378 0.5472378379481347 3
active_diff 4.568778188631761 -5.825177987618716 -4.324580794351188 3
active_diff -4.361052932232274 -2.8162029300894593 -6.901292181367096 3
active_diff -2.998017314238184 -4.639592140938065 -7.04999296334774 3
active_diff -4.187207258323412 7.017531437476765 -2.66424964618347 3
active_diff -7.109225077180556 3.755806902327326 1.5863164396459468 3
active_diff 1.9381608863550672 -5.56070542960926 4.09268189069525 3
active_diff -2.148875307845281 7.879488476249213 5.315627584041313 3
active_diff -1.0616137692256402 -5.740069712873226 11.540001427843492 3
active_diff -3.224993225462952 2.062675515775486 11.127193073903547 3
active_diff 10.039466666319809 -1.7858331995463361 -2.676293704996668 3
active_diff 8.041242401117069 0.217412484246025 -3.1054398036819952 3
active_diff 1.2110030194357506 -4.479398418775411 10.391039666386808 3
active_diff 2.695150402194851 8.650905355088165 1.1189787524083736 3
active_diff 2.5306710155239025 5.900668893819571 7.11566352332148 3
active_diff -4.6675757128978415 -2.9293541362430453 -1.7391378456358533 3
active_diff 2.4719431198483757 -8.283596614525047 -1.4085669173545141 3
active_diff 1.6009182899927865 -10.275790204574003 -0.7884699358921936 3
active_diff -3.6412267380531933 -9.658750596635238 2.3964014376276914 3
active_diff 7.311552704029644 -5.7938211508879585 -1.50750388197867 3
active_diff -0.24948323032632935 -5.416802094675684 -7.89396160412624 3
active_diff -0.14861296168484012 8.959410368789001 4.876901702688072 3
active_diff 2.3999677054536956 -3.7814303989187756 -9.89941364724371 3
active_diff -2.5952396645073774 -5.9300672241632615 7.582722573290441 3
active_diff -2.8477135155477793 7.690769493085468 3.2101562274307307 3
active_diff 4.843295139176309 -3.8118648478694155 -8.422117169859577 3
active_diff 7.535679675981292 -7.158172475888757 3.36395544920427 3
active_diff 4.318939252025113 6.846532496162966 5.135934971005446 3
active_diff -0.8602193321297565 -10.429326787489945 -2.347194950245874 3
active_diff 4.428075160491926 2.1798090976689677 -5.214557940229137 3
active_diff -6.7424330250137405 -3.6914636254510698 1.1244630653400454 3
active_diff -4.7906556048765125 3.2521793103276764 -5.419916689229815 3
active_diff -6.5632445161650255 -0.031392501440636655 -5.510559566898022 3
active_diff -0.12359571586018087 5.093573411839056 10.516552265127077 3
active_diff 7.40826699424154 4.333759729660345 4.975969763035242 3
active_diff -4.587630440083663 -7.209277271932402 -2.8375511316974986 3
active_diff -2.159158305582403 -8.17483776173757 -5.215408699132878 3
active_diff 6.507892421452605 -4.389656375683732 7.399243176655095 3
active_diff -7.365198326088419 1.5022048294052903 -2.3480836921899204 3
active_diff -2.628090356361473 1.7674133038759074 -8.48465582918578 3
active_diff -5.10352215183842 -6.311782962114086 6.3133752522910855 3
active_diff -4.758140372210579 4.563294146779435 -3.814049698809625 3
active_diff -5.718388097358998 5.303079238813892 3.1000041759430292 3
active_diff -7.6849459920401895 2.8241735770693754 -0.3896133923821424 3
active_diff 6.625245035897475 1.5839598061835536 8.036785259450435 3
active_diff -6.354295530781277 2.861723080748356 8.043961213051446 3
active_diff 2.3053344091296397 -9.170312668620646 -3.7257965005037206 3
active_diff -6.751431113294607 3.9308000359947433 -3.579296330268706 3
active_diff 9.038732645889763 -3.6296151734281983 4.890526030854076 3
active_diff -7.034298898280672 -4.202826793392255 -6.340729287634992 3
active_diff -2.1011994614887204 5.414771009009814 -4.230100255477985 3
active_diff 5.824047701664224 -7.731646297932912 -0.39171979277695823 3
active_diff 1.0202472695781653 9.368854851895222 -0.5474371863060803 3
active_diff -1.2961684880765145 -3.838320579446658 -9.3275338192526 3
active_diff 7.83228216998481 -3.3079456435097505 -5.88677601955679 3
active_diff 10.083311693340999 1.8358133764166114 2.054642722919761 3
active_diff -8.099968538166323 3.395905529617283 3.3046265759755675 3
active_diff -6.728220270537637 -2.858706858110266 9.074737924824731 3
active_diff 6.956074497591128 -5.681237786795588 1.4061837697681692 3
active_diff -5.085230299520527 6.28849100536236 4.987752953900218 3
active_diff 4.781298972434727 -6.398765497076514 6.908373800544832 3
active_diff -1.6932560216076904 -6.990872444607164 -8.24244126594365 3
active_diff -2.948121994711541 10.959308833874962 0.9447156149093447 3
active_diff 3.2519753054564005 -1.8102037582611086 12.274299207507282 3
active_diff -3.09001057158852 8.285498814204365 -1.3949589375286273 3
active_diff 6.647572199812629 -0.4174947033411975 7.0940277126851745 3
active_diff -1.251698864170096 0.6329381272654347 10.357800896354242 3
active_diff -6.739353748380133 -5.543311014821741 -0.36526920950548114 3
active_diff -5.941245994940534 4.618417140629363 6.71445665927078 3
active_diff 1.7115406508540254 -1.9589787622432764 -11.877941124796358 3
active_diff -5.340894038211079 1.4847111449179438 -6.804957138726035 3
active_diff 2.982502950840508 4.8727127589664985 5.072932571997005 3
active_diff 6.490461451989935 -1.3498264700723257 10.880509580892106 3
active_diff -8.58439316403945 -1.9609840347257697 -4.174617583805737 3
active_diff 6.132086380452519 6.1860184909544556 0.5483476790058706 3
active_diff 3.6620339282156564 -0.10064240356904697 -8.480235024057285 3
active_diff -3.851158411600609 0.9890774267046152 9.552878514239197 3
quiesc_diff 2.082815035750266 0.0698106642754619 0.9473023645165886 4
quiesc_diff 0.8909110290611255 -1.6910205683716517 -0.5888352703781107 4
quiesc_diff -1.9055574866005474 -0.09779574975487668 0.5994052523881372 4
quiesc_diff 0.49886589480472665 2.1883769129937156 3.276285760518505 4
quiesc_diff 1.5972923003415391 -1.5371145488124944 4.239780620007097 4
quiesc_diff -2.2004258406860986 -0.5203180912524438 2.5318978202119546 4
quiesc_diff 3.453421509830792 -1.3754110092352898 0.7662714068785892 4
quiesc_diff -1.1096566333450726 3.3519336780471347 3.033817348280949 4
quiesc_diff -1.6743084267949564 -0.961591590667078 4.410322203974809 4
quiesc_diff -0.42346997859060653 -2.196685115691704 3.449517950925695 4
quiesc_diff 0.8836973140207928 -2.404999502628542 -4.487517292263391 4
quiesc_diff -0.21467181113078362 1.9354656580969103 -0.4559481328323686 4
quiesc_diff -0.08043350405793037 2.766771609248602 5.101079387705312 4
quiesc_diff 1.4919509765233654 -3.1966010157225573 0.5824795882782777 4
quiesc_diff -3.6632520685220706 -1.023510050131443 0.3679688879981685 4
quiesc_diff -0.10689865772089413 4.970809762976044 2.422493650092054 4
quiesc_diff 3.489150326114292 -3.3084381314333386 0.25428547295685566 4
quiesc_diff 2.153491832605917 -0.4105493522769652 -2.9266697502884202 4
quiesc_diff 3.723500541579794 0.9362635277269692 0.20070307013064426 4
quiesc_diff -1.1161527068357557 5.803079808242733 0.9096377957235551 4
quiesc_diff 3.3461688930623668 0.08888639730162815 4.588086872912049 4
quiesc_diff -2.0203480448367146 -2.8842634643373937 -3.390882197764737 4
quiesc_diff -3.9613284657848173 -0.9747028760368308 -1.6090916374162054 4
quiesc_diff 4.868796811859555 0.9702312737556001 1.8399537054860202 4
quiesc_diff -0.7221186032114119 2.15250834131356 -2.378287912077754 4
quiesc_diff 1.5229288231176248 -1.7957364245879666 6.22159413258227 4
quiesc_diff 2.621813384522884 -3.8496195801059985 -1.4646820280051096 4
quiesc_diff -2.8323771278604477 1.298887347815509 1.992333976812251 4
quiesc_diff -3.556335698418999 -0.5269290554189634 4.9290146266253085 4
quiesc_diff 2.004297639623962 -5.126269284875468 0.4646607959143429 4
quiesc_diff 0.4638004057034322 -3.7643874144703937 -1.727117921755769 4
quiesc_diff -0.4197708486669487 -2.205124930154482 5.449496722305442 4
quiesc_diff -2.791477258511228 3.2898923603032397 4.114386762829743 4
quiesc_diff 5.157244688628188 -2.2943512449102057 1.2688004295732662 4
quiesc_diff 2.7539419634149445 -1.3874573393724547 -1.2498686308375642 4
quiesc_diff 1.5197410309124089 -3.237220950620256 -6.191294229454781 4
quiesc_diff -2.139145206940332 1.1925365157389167 -0.9107203786545641 4
quiesc_diff -0.37921044496904005 3.2681470313349403 7.014023460517569 4
quiesc_diff 2.155481098018624 2.123967536614317 4.394980312536613 4
quiesc_diff 1.632593908170655 -4.1958209621303935 -4.005736853205933 4
quiesc_diff 4.013663449855352 -5.177857515419945 -0.22546149138844507 4
quiesc_diff 2.434951125652359 -3.8226995725359316 5.068245927446082 4
quiesc_diff -2.3739351727135505 1.488324081010619 -3.2895295315640576 4
quiesc_diff -0.07704133668008437 -4.322585987361435 6.043117910552436 4
quiesc_diff -4.12016336505597 1.0781486542241163 -0.6607554324037039 4
quiesc_diff 4.201546350871705 2.749176519896779 -0.4955861564414391 4
quiesc_diff -1.836399969985003 2.421110994466259 0.6699710962502454 4
quiesc_diff 5.272885199205996 -0.4023206863119594 0.4425226008778349 4
quiesc_diff -1.6698456333290348 3.01788576635213 8.521216251707921 4
quiesc_diff -2.6636367767783558 -0.4990821810350665 -5.188248939801381 4
quiesc_diff 0.6767850590526767 -5.990986004979914 1.6853062572981046 4
quiesc_diff -2.0030775845905615 0.9696521321792004 4.0075710104952424 4
quiesc_diff 2.0305621563930205 -5.74326535376849 -1.7187049976852407 4
quiesc_diff 3.0024005365334956 -1.8408178745553674 -4.037383919899826 4
quiesc_diff 0.4311914386702045 -0.1934714163972595 5.153471986455717 4
quiesc_diff -4.452020531871814 -0.38902169761058825 -3.457387840278864 4
quiesc_diff -2.854699818726385 -2.3000530263016246 3.1678766898490105 4
quiesc_diff 2.205161436468329 -1.717996932719658 8.100028382878172 4
quiesc_diff 1.4986397434893535 2.4004003924755795 6.272531397136654 4
quiesc_diff 0.49508096595469264 -1.6051338326571831 -6.726423550890114 4
quiesc_diff -0.5304694186485486 4.625091104291103 4.463367046029131 4
quiesc_diff -0.16813340857465575 3.8288458156074103 0.5625906526175208 4
quiesc_diff 4.144533068808861 -3.9053112746496463 2.9141346938468056 4
quiesc_diff -1.1911269529329618 -4.497646019851519 -4.233134600732314 4
quiesc_diff 1.3680204992131335 3.9595942719394026 3.6039431135645366 4
quiesc_diff 3.2176850999157804 1.1331625111504497 6.2889629157039595 4
quiesc_diff -3.5442322400196415 -4.6882077264135225 1.755216318165633 4
quiesc_diff 0.9454964560294963 5.865779179439713 0.9762937095067341 4
quiesc_diff 4.522811171890597 -2.113244781169641 -1.8366686927293612 4
quiesc_diff 1.1004690166732023 5.749407292474181 4.738962635942529 4
quiesc_diff -0.9744535690997562 1.8874463707964488 -4.6614452137190066 4
quiesc_diff 6.484209395376649 -2.033379849803243 -0.2046508244490366 4
quiesc_diff 1.5592411948445193 -0.31238526684990364 9.367720335298591 4
quiesc_diff -2.202433258901155 0.41131798285495236 6.06331647333008 4
quiesc_diff -0.076378983681684 5.242577175497106 6.91443073046995 4
quiesc_diff -4.69159554511484 -1.6568571444582576 3.62843412161574 4
quiesc_diff -2.2816908510562737 4.1377131081474605 1.6164654231242856 4
quiesc_diff 0.44112428098833334 -6.935202170280004 -1.9488655192206097 4
quiesc_diff 0.22914485938930665 0.21170794838547136 7.101549721597503 4
quiesc_diff 2.9412615045461945 -5.548445987191835 5.943145414545414 4
quiesc_diff -3.9469433182629343 1.4853419316630065 3.6424784842339326 4
quiesc_diff 6.562707189067705 1.1105524287145205 0.660637644603061 4
quiesc_diff 4.149085206369622 -0.071738604462114 -2.765382282948166 4
quiesc_diff 1.703316588378914 -3.5939413077585662 7.078285122546241 4
quiesc_diff 1.8848871907713076 -0.5512342870105629 -5.080522497835889 4
quiesc_diff -2.327988027784225 3.06915743765765 -1.57602655210601 4
quiesc_diff 4.736452753221518 -6.62681944013341 0.9484571444931499 4
quiesc_diff -0.9855679081959391 -2.6555117667019568 -5.153168202696062 4
quiesc_diff -1.8602425929847695 5.61941179362912 3.1331978434848424 4
quiesc_diff -2.4034956892007067 -1.7862179259854207 6.080135769449904 4
quiesc_diff 1.0799788327624276 -6.0865033561821225 -3.659418122476012 4
quiesc_diff -2.204726721088168 -4.792306424787327 4.398765676774855 4
quiesc_diff 5.139788178377107 -2.901347839352198 -3.5682093197867357 4
quiesc_diff 5.127830156443214 0.9940693817452032 4.667628731338823 4
quiesc_diff -0.26064191672497067 -6.275962440846863 3.8462489052224664 4
quiesc_diff -2.1024062586981063 -4.646301699003102 -2.448285937898386 4
quiesc_diff 0.7053307963227352 2.8542912329038934 -3.5906776946314976 4
quiesc_diff -4.712603103657985 1.605583425363287 1.3834926214880516 4
quiesc_diff 3.6886855525499054 -3.881959334006314 -4.586380244092018 4
