468
 Lattice="1.0 0.0 0.0 0.0 1.0 0.0 0.0 0.0 1.0"Properties=species:S:1:pos:R:3:Color:r:1
active_stem 2.911796719971602 -4.827561320791903 -3.236232600135132 1
active_stem -0.6792436365029458 -5.4391930263718145 -0.9036744906890172 1
active_stem -3.469752566562036 6.568864358508765 -2.211422935761175 1
active_stem -4.024171821204723 6.4699060932900965 -5.679376523191232 1
active_stem -5.121813820983618 -6.066064381868693 -0.5759229181549108 1
active_stem -6.287427476974798 1.8368367461841961 -3.546396418861753 1
active_stem 6.7820595891992905 7.029989360864055 -1.2902086546010008 1
active_stem 2.972873094674781 7.119395996009243 -2.8316778946729513 1
active_stem 6.157188335766983 5.546477374284434 -3.5631452987129224 1
active_stem 4.46554582373837 -1.5427670035386107 4.729984503356144 1
active_stem 0.5460671119800805 -4.301960823174225 -4.44883267978749 1
active_stem -6.159975798684204 -0.3438558919806989 -2.1973353427060283 1
active_stem 1.2359434632218638 -2.279269330391742 -5.9121032325411695 1
active_stem 3.9126106973180623 3.8813689332687225 -6.087147232606534 1
active_stem -2.693339306829452 1.6299262003332242 -5.77926045127007 1
active_stem -2.9971584926325967 4.868236830594487 -6.764231798094413 1
active_stem 7.441422519378699 8.890548275393268 -1.6120176847277143 1
active_stem 0.27583453394921853 8.157312062678217 0.9408896849152906 1
active_stem 2.983274935274406 -4.510281751246689 -6.5584974220376395 1
active_stem 6.224137867571985 -0.19242588749554002 0.8950836368224959 1
active_stem 1.7019974543516978 -6.30393520865834 -3.833481191704575 1
active_stem -1.8894446693888105 4.0872194945699665 5.22885104838848 1
active_stem 4.085529412832406 -3.4540734038302525 1.5936090356346906 1
active_stem 0.48171510094892717 5.471539575963524 -5.803600119151444 1
active_stem -1.214017200358251 -1.7780769031885657 -5.5207527990882825 1
active_stem -5.468628249249777 7.839181539825826 -5.875922647532824 1
active_stem 6.861266710911121 -3.610233078465341 -1.120181447170535 1
active_stem 2.6529662948142727 -0.08614145874037027 -8.050846957478624 1
active_stem 2.280572557444713 2.673437337062173 -6.891585728058888 1
active_stem -6.427519197364134 4.369763978460368 -0.14345104748354987 1
active_stem 5.7875264918699445 4.1199803563767885 2.2383618285742504 1
active_stem -5.221504476165995 5.936269242260479 3.975387445109676 1
active_stem 3.6920596850570826 6.3122784754933265 3.608633124727335 1
active_stem -6.0293143818861665 -2.105887838699621 -0.5991654911742603 1
active_stem 6.991291738697745 3.596884076691827 -0.22207018765581565 1
active_stem 3.97061450883948 3.702498766645988 3.4666709618744003 1
active_stem -5.557495509611012 -4.278501376405904 0.20816889260172677 1
active_stem -8.295286513446978 5.391634610363763 -3.081312391060445 1
active_stem 3.606759676267722 7.210613461595917 1.4339197117103761 1
active_stem -7.780700249141633 2.408094780942091 2.624131393774576 1
active_stem 7.928370611734714 -0.43385404703175734 -2.9292463003692024 1
active_stem 4.746044234212185 7.805172222524945 -3.45262481435088 1
active_stem -5.350273208706708 0.2103001506083545 4.35199485332871 1
active_stem -6.101344229064959 3.671738635836747 3.768084378921816 1
active_stem 5.454802660560738 -0.21771338536078644 3.307687702724528 1
active_stem -6.040822460066267 0.6664380607960861 2.4200546481244527 1
active_stem -7.897397297765468 -2.697343655819868 -0.9997228975400738 1
active_stem 6.872504180774168 7.081817206373955 -4.6266559201366 1
active_stem 8.409809682404262 6.634457554664502 -2.3829045063162546 1
active_stem 8.622067025503913 2.4724396845293217 -0.49810781711338553 1
active_stem -7.100080155194511 -0.04385219775257859 -3.9369334521324046 1
active_stem -3.174769374540287 -2.1329683820827103 -5.692517026006304 1
active_stem 4.273667829665689 -4.291523095300501 -0.29055400712406443 1
active_stem -5.503174807574744 4.9796416378321995 -5.537614133524321 1
active_stem 7.131392415322862 2.881260226283123 -2.705252996486731 1
active_stem -4.011586783999565 6.337158681566303 -7.67492650791203 1
active_stem 4.867988528323699 5.349925154195608 -7.051821180632451 1
active_stem 8.727159564645854 10.411412614307382 -1.7960065785420523 1
active_stem 6.223428198345392 -4.1240624632247345 -3.1283136473972455 1
active_stem 1.2227990461981675 9.613924433805495 -1.7045669773259986 1
active_stem 6.36063406107793 7.270316471133519 1.9583144989849126 1
active_stem -4.442425744180525 -0.341916316417102 -5.154793114968834 1
active_stem 4.335422874067362 1.2510083652494104 -7.292964952663502 1
active_stem -6.0370082345407265 1.0730535765459157 -5.377768984124225 1
active_stem 1.5399782087645884 9.70513206397618 0.8621876328056534 1
active_stem -3.5628296114283957 4.147298713668001 6.322548137708801 1
active_stem -5.376734898604832 7.869485407033582 3.486942180817522 1
active_stem 5.860482123784427 1.5176799541578923 4.42712350616591 1
active_stem 2.015158537909539 5.597597722427686 -7.0813561871677315 1
active_stem -1.7168776613160115 2.4402203980638797 -7.503251486688123 1
active_stem -5.190022964180844 -3.960495963644447 2.264218679405916 1
active_stem -1.8811230658658387 9.439895359232159 -3.536420622006941 1
active_stem 1.9012618992950587 2.41504922278222 -8.838213326500082 1
active_stem -4.823499711902265 -4.7541847217997235 -2.93439378844794 1
active_stem 7.301809072053184 4.338039032700092 -5.65036699564425 1
active_stem -7.54379704384537 4.490884814691275 1.7055584213865498 1
active_stem 4.232009323351312 7.799893638360349 -0.5701866738086513 1
active_stem 0.3124735713130905 -7.722685413692629 -1.3120879510604144 1
active_stem -7.306964288852321 -1.4886008781465896 3.08714611083407 1
active_stem -1.8541984590431158 -7.011135729074633 -0.5183469619437246 1
active_stem -4.325287971550613 -2.226175960327444 4.306757211116153 1
active_stem -1.6989741417765156 0.13752962176869277 -7.1200496636218364 1
active_stem 5.956694027162542 -1.5033227782102123 6.062246185051263 1
active_stem 4.850431643269998 -4.17207335770053 -7.1904316831138955 1
active_stem -1.7865212228734773 6.211847314971581 -7.618086743235645 1
active_stem -4.695113953036772 9.358450662888488 -6.9216266999599485 1
active_stem -7.4888840122459 6.064903876006791 -0.14578717190198096 1
active_stem -3.0761141109723753 -6.694080377516729 1.0885960971175956 1
active_stem -7.41890297868241 1.661833488149588 -1.258245744956017 1
active_stem -3.993941590636366 2.852151824182408 -6.681811404824888 1
active_stem 7.129714231880504 -1.7301325644876704 1.7980729080431366 1
active_stem -5.520204650970112 7.221969209494503 -2.113083005428568 1
active_stem -5.610876766712003 6.690045311028221 1.279802448584003 1
active_stem -8.406498058877846 -4.812025085576675 -1.6050041386375287 1
active_stem 8.36801845846097 -2.8082013241643464 -2.1625078050586692 1
active_stem 5.128849115536695 -5.1244114394132465 1.9421127584753222 1
active_stem 1.920555353170161 -7.977510080217605 -2.76045761593867 1
active_stem 3.6641259815279463 -1.8030757485512612 -7.878531164712328 1
active_stem -3.9712034658908206 -4.944887946048316 3.576796743538417 1
active_stem 3.858359353477486 6.5687040650252175 -5.133329790530712 1
active_stem -4.910586362190975 8.885553617961197 0.05294614978612672 1
active_stem -5.372932969397705 4.600101150132718 5.508169044863212 1
active_stem 4.6899307740239 -5.580699711284797 -3.756830190011721 1
active_stem 2.8874549699641077 8.547270202757819 -4.805993512432717 1
active_stem -1.0279746864262442 4.154887694312924 -8.543659728323437 1
active_stem 7.508289049084892 -0.8271502799787773 -0.7172521321126072 1
active_stem -5.614080560419459 1.9963624117254737 5.766048638089406 1
active_stem 6.70005139296897 1.1372024648091712 -0.6986209766172289 1
active_stem -0.1690151941553274 9.226131504691509 4.26141478709605 1
active_stem 5.577421670680474 5.647218947214077 3.552901562653351 1
active_stem -3.4439395037025293 8.555328500436747 -1.9805682225319685 1
active_stem 0.36995413123447163 8.532326486909444 -4.737591918390911 1
active_stem 5.937509518935805 -3.42518227283627 0.8390661348350542 1
active_stem -1.584845322311716 10.149447371960111 5.3304858125451045 1
active_stem -7.409964077550513 4.584321185571646 -5.993548799819599 1
active_stem -1.9138204633573592 2.9371158136972815 6.864903414271523 1
active_stem -5.8972291378012756 2.470121780739348 -7.163007371883918 1
active_stem 8.867787172304737 2.8318192941607 1.8659960833563431 1
active_stem -2.951616504765934 -1.8964721565922493 -7.665908100284344 1
active_stem -7.343707772304403 4.347631200526927 5.182192602300093 1
active_stem 5.5869580751161125 6.103746851640506 5.500076780621794 1
active_stem 1.3938805531735963 -5.6150190604236645 -5.696666977490115 1
active_stem -6.647269624078877 -2.867889945202814 1.1436724554895263 1
active_stem -3.8082857164012625 3.9509637762826455 -8.345586524490349 1
active_stem -8.155145959944994 -0.20849823272723383 -2.166121055976748 1
active_stem -4.711921632295755 10.628540119971458 -8.466486005179883 1
active_stem -5.835089737039381 -7.919036919098166 -0.3356517300191241 1
active_stem 3.3354034385483766 3.887597461222968 -8.080344326415977 1
active_stem -0.5957349196552879 10.344033006368067 -1.3047223983856964 1
active_stem -3.0241963151202174 7.6056019489525255 -3.8626814846753 1
active_stem -6.4825290468821 10.004660219993776 -0.4729783783860733 1
active_stem -7.69540299331061 1.3853406144267888 -6.451176469684192 1
active_stem -3.633842544919737 5.718122387979842 -9.53882118226054 1
active_stem 0.43580996992552623 -9.428043311753823 -2.3496536464732976 1
active_stem 1.59194253223182 8.554012660890614 -6.329673945771438 1
active_stem -2.7601595278525943 7.81389474628854 -6.451365786630902 1
active_stem -7.453422714784541 8.084875081072182 -5.890943079364112 1
active_stem -4.108820478366334 -4.767746651376411 5.564177562505752 1
active_stem 3.5929038226810865 8.8990795031111 -2.1621343853491695 1
active_stem 5.887314999631556 -2.939236571544474 4.561327584987742 1
active_stem -4.7714035145270035 1.0983947255595103 7.341976755399237 1
active_stem -6.803951762947039 0.3504470972643163 5.718441886434916 1
active_stem 10.267728731976542 10.202197403238353 -3.0541304341808253 1
active_stem 3.683208647054405 -7.4405105895176336 -1.9828427288981794 1
active_stem 3.6731361939954477 -7.013916857044553 -4.711826208393486 1
active_stem -6.378181568579085 9.41358408316063 2.70408597078903 1
active_stem 5.828775414922022 9.405498711158955 -3.9690048295480387 1
active_stem 7.953589061318138 4.67099480769687 -3.4826797232130065 1
active_stem -8.290425249398691 7.21963168485531 1.2769339295846995 1
active_stem 2.276614067224005 2.0186532877931525 -10.762266603505473 1
active_stem -0.0010823551365438389 -6.2972923277500525 -6.970529345708177 1
active_stem 6.059871870845681 8.572908872786126 -0.20119416087741504 1
active_stem -6.399634395734777 -4.624350752822831 3.7120228800970754 1
active_stem 4.3974357505404225 1.0114482065054575 -9.277597244422887 1
active_stem -8.598758215195199 -2.03260007769916 0.7513364500690829 1
active_stem -7.419057322562718 6.541376089714217 -4.463454545725928 1
active_stem 3.5892375632128237 -6.000350927268388 -7.746985177217296 1
active_stem -1.1280212120151614 -0.28309938755749986 -8.990098857763583 1
active_stem 6.897573258727022 -1.2265484092699446 4.256721366827708 1
active_stem -6.831910511363901 7.917088057199708 -0.7728451446838505 1
active_stem -0.9880771942992054 7.797296033329644 -8.53941160162755 1
active_stem -9.322477396204864 1.3473373933532402 1.9186407889687862 1
active_stem 7.984752218379629 5.322671283676366 -0.03580480837467401 1
active_stem 9.489516517229307 0.3006701089204028 -1.9176645063059459 1
active_stem 5.315439168527353 3.38858273616088 -7.424769766920528 1
active_stem 7.553377581473597 -5.5940764705180674 -2.863184515315717 1
active_stem -3.7871558062996975 0.877036841672588 -7.274828262872818 1
active_stem -6.622795663029442 -1.4084498576512505 -5.318987264448626 1
active_stem -0.7937274775408935 -6.4678516354324795 -2.615035036029062 1
active_stem -3.3702180065234155 10.703595822862697 -3.967300414905113 1
active_stem 10.283453319337923 6.1382984846031 -1.8896645049236158 1
active_stem -4.759013674998206 -1.1287272059828972 -6.966063582381491 1
active_stem 2.2941874755348235 7.344429525551702 -8.01448077882857 1
active_stem 6.695811100550882 -5.471921569144414 0.7488538396925524 1
active_stem -4.5607148161578 -5.416213868489666 -4.803260158069256 1
active_stem 4.502832483929416 -6.278266118746438 -0.27223134287775064 1
active_stem -8.227295523958455 3.5015717657772667 -0.05950191963177835 1
active_stem 8.982776553877326 5.4078803997647285 -5.82295834643296 1
active_stem -0.31647216810121914 9.785015597667774 1.9407666637925098 1
active_stem 0.5143152252363676 4.067213203126429 -9.813956942356011 1
active_stem 7.517174274957288 -3.383243806684856 2.8550014467534006 1
active_stem 7.5473264446170605 7.5227788550935815 -6.457002263477232 1
active_stem 7.581677087766706 4.971102672363546 2.0004239323226587 1
active_stem 4.84847431313432 8.182436605462957 -5.7779534439876 1
active_stem -2.683214763028596 10.294537545672082 -1.350925652578054 1
active_stem -4.603916921717572 4.123850819701672 8.030057261732269 1
active_stem 5.014523909303862 7.811436000502305 3.54850749960528 1
active_stem 8.540435739639033 -4.531865239623939 -0.5448680260867819 1
active_stem -2.142806870789216 -8.773891011800803 0.3813190860376209 1
active_stem 1.2975095876810063 -7.676386008299653 -5.230896079373986 1
active_stem -7.4242851481459535 0.84122912620046 3.8537488533670254 1
active_stem 7.345496947409466 0.608814347669268 2.344417242180172 1
active_stem -8.719622288701999 5.038392904609306 3.227947952693224 1
active_stem 4.658398579891 8.8593746859555 1.8530164087080028 1
active_stem 8.233232991701174 0.7594610515432416 0.5288421022624656 1
active_stem 9.652170885236274 -3.70217279507485 -3.4082074293683213 1
active_stem -6.486946759603848 4.295468033878443 7.141010721117145 1
active_stem 9.474574207172829 -1.073144092894487 -0.4466791824478422 1
active_stem -0.9011934624523115 -2.330127157067744 -7.417429320320749 1
active_stem 1.136682742051257 -2.8119345652391567 -7.837308431167446 1
active_stem 0.22280212236970787 7.0555647856542 -6.996842845753054 1
active_stem -7.277905664807736 -5.2139664680922815 0.6144864533004786 1
active_stem -6.88450700657982 6.518964409038906 2.812315853768039 1
active_stem 3.888504007925996 9.754984381876373 -0.326005833256987 1
active_stem 5.688015346863491 3.7762495709423676 4.488969930092632 1
active_stem -8.273058933360598 -5.797946766013159 -3.3399832277986894 1
active_stem -9.04504105767117 1.2737352680743745 -0.16049590112218892 1
active_stem 9.70263662777873 4.0994901853057675 -0.06790321164900898 1
active_stem -5.623658743693126 -2.3994831553893703 5.818113540439527 1
active_stem 1.5978794715014841 -0.22536288917349026 -9.7441895656297 1
active_stem -7.983166037275271 -2.7689228572164115 4.466829706931552 1
active_stem -7.343418631453164 2.7995941183398094 -4.945675134494728 1
active_stem 1.65705654215146 11.452722600716431 1.827703028719813 1
active_stem 4.69951308410741 -2.3393108766234176 -9.503469759008599 1
active_stem 8.043884178638914 6.744344411540386 2.9017245022487614 1
active_stem 2.9520747094424533 -5.5132431880147985 -1.3578774525323394 1
active_stem 8.557952233781684 7.208714737114862 -0.3878436758910784 1
active_stem 7.110441645094778 0.6154843062656774 5.701346488225935 1
active_stem 6.534481035555747 -4.996655606706961 -6.494700586377885 1
active_stem 4.200001850634886 6.344591511865963 -8.653205780080395 1
quiesc_stem -0.6611768657145145 1.8803200832106293 0.16505010426747171 2
quiesc_stem 1.0967792812774033 2.759503295405495 0.5346810886938967 2
quiesc_stem 0.7787824609155399 -1.8083159199133072 0.35141344931351887 2
quiesc_stem 1.0992095934114277 0.9773641965900617 -1.3551743419118247 2
quiesc_stem -2.4783394199039304 2.711881178876535 0.0848853001030687 2
quiesc_stem 2.1544167560438092 3.4199749881860746 -1.029026081784418 2
quiesc_stem -0.25496131050901605 2.504948881712633 -1.6909746226128122 2
quiesc_stem 0.8241106369899664 0.46665714464859975 -3.269201215096494 2
quiesc_stem -0.34256266927411705 -0.6416509384242051 -1.8775571832525295 2
quiesc_stem -3.5020343349442378 3.2910112678800574 -1.5327231385901119 2
quiesc_stem 1.8647695122543906 0.19942405643175776 0.6948846752395863 2
quiesc_stem 3.856781424717581 4.452118286590095 -1.22042813613836 2
quiesc_stem 1.475828715914257 4.66106769204775 1.0249609796990842 2
quiesc_stem -1.1473784702532237 -2.3449201682463663 0.3071421503717229 2
quiesc_stem -2.7762831573074602 -3.4800898122483215 0.06618696817135464 2
quiesc_stem -1.9401735703857161 -0.6897747701122704 -0.6753411022283888 2
quiesc_stem 2.935324493639675 1.7434230848160812 0.00933450772489719 2
quiesc_stem -1.8909052798242878 1.3793670167479979 -1.3305481214377972 2
quiesc_stem -0.6859450462618217 1.683113886130167 -3.75906326668145 2
quiesc_stem -1.0471171652442322 4.114278300948202 -2.5755920100700243 2
quiesc_stem 0.5328772453859083 4.579746848957124 -1.1888348623285194 2
quiesc_stem 2.5814277229014833 -2.6521583231426735 0.5473727766029287 2
quiesc_stem 2.581573965617814 -0.07757039150751366 -2.185661477783637 2
quiesc_stem 1.3157790152924642 -3.7553690176524355 -2.685659125075516 2
quiesc_stem -4.3541734629545665 3.1371350155535604 0.6329781912481505 2
quiesc_stem 4.458522231275461 4.081047041259842 -3.0913140579978746 2
quiesc_stem 2.2025335719247785 4.351570341911281 -2.798154361177149 2
quiesc_stem 2.1472833595100327 1.3070179441368421 -4.511379814599125 2
quiesc_stem -2.1494040476852145 -0.4832283920275495 -2.7203065707068803 2
quiesc_stem -1.17923568483123 3.1696765430976312 1.6035128181683402 2
quiesc_stem 3.8936254488719264 -1.5866937922445294 -0.521702740540737 2
quiesc_stem 1.9365159041926912 5.948303410899382 -1.5848796227633482 2
quiesc_stem 3.3384769156318077 -1.6106035979818039 -3.223402829039946 2
quiesc_stem 1.2822727246244847 6.533205447928891 1.7014491918950974 2
quiesc_stem -2.976091516134077 -1.221207463808942 0.950836410144352 2
quiesc_stem 0.6238056198170788 -4.052665051402604 -0.28755533806380384 2
quiesc_stem 4.77222391420627 1.1264030485316374 0.5043969215129469 2
quiesc_stem 5.0300289922749855 6.071403960577402 -1.1829574644055527 2
quiesc_stem -3.710247573492807 3.9350438980613998 2.3501563602498337 2
quiesc_stem -3.8325993948493826 0.9003614278271086 -1.3499802973187085 2
quiesc_stem 0.9868504431897054 2.721553288533472 -3.2437096609633667 2
quiesc_stem -3.2571503000327837 -5.36571263206675 -0.3955417101963432 2
quiesc_stem -5.254038287043344 3.1857084162017046 -2.491573210946327 2
quiesc_stem -2.875268522719941 2.10236117089841 1.9479292199321272 2
quiesc_stem -0.7504419686685337 1.1640047928488733 -5.689442995199323 2
quiesc_stem -0.2974770937701382 5.954940463673326 -2.79920454539035 2
quiesc_stem 3.5023762952839923 2.768062196029166 1.6306200920759064 2
quiesc_stem -2.001117591851198 3.228841873848832 3.4258765564352984 2
quiesc_stem 6.062538193147515 4.386755675682907 -1.9364655723085806 2
quiesc_stem 0.20325614980626594 4.4686159052566135 -4.095793126759064 2
quiesc_stem 2.778945306801011 -3.487685161425235 -1.3486887602175428 2
quiesc_stem -2.974211975947868 4.631156941862654 0.35038662547923827 2
quiesc_stem -4.076890539712998 -2.3545677205142805 -0.9544111201331665 2
quiesc_stem -0.4278718547968853 -1.043095466655127 -3.8349954667288935 2
quiesc_stem -1.688577440859067 5.9124238323975575 -1.3628786212373316 2
quiesc_stem -5.482632405520869 0.2635444941588517 -0.4162483996694162 2
quiesc_stem 1.8145952885652274 7.346523302043236 -0.04644861864715244 2
quiesc_stem -2.4012391672283977 2.6677621165750023 -4.0561052516925855 2
quiesc_stem -0.939024892349498 3.1518148323124784 -5.803669646658776 2
quiesc_stem -3.6757032103526264 -1.0598903007667453 2.8175233818192145 2
quiesc_stem -3.867612362903907 1.1681610249270435 3.4116654632888377 2
quiesc_stem 0.10412584538288733 6.389570595636293 -0.45350483917454365 2
quiesc_stem 3.569106156788071 -0.8454082093013444 3.083750426556012 2
quiesc_stem -3.816636416556344 4.540191153083982 4.253437268001035 2
quiesc_stem 1.5979476963773824 -0.857838857654556 -4.552511990162922 2
quiesc_stem 1.6409495900711693 3.201651019369206 -5.07173057848464 2
quiesc_stem 3.090803789356347 4.824368334322017 -4.52657505047604 2
quiesc_stem -1.025280225781159 -1.3536654256327678 2.039916242382245 2
quiesc_stem -5.6074094245584645 2.2525421930444094 -0.6503359413429493 2
quiesc_stem -4.659353514386993 4.819369267434393 -0.9628686465553328 2
quiesc_stem 5.834996720949043 -1.910996175404012 -0.8765344587266397 2
quiesc_stem 5.3341967695090915 2.5978785339084154 -0.7280585161552757 2
quiesc_stem 2.9186799791888944 0.4377717001924415 -6.139064741892051 2
quiesc_stem -4.039535826968743 -1.0510815951728758 -3.0442581050759494 2
quiesc_stem 4.383295907241626 0.66619762189022 -1.737769540685291 2
quiesc_stem -2.50494584927325 -0.22816231706046802 -4.671852451470236 2
quiesc_stem -4.16184384724661 7.089351377975509 -0.40861875289299343 2
quiesc_stem -3.2213713224599405 -4.225904933061859 1.867757486027119 2
quiesc_stem 3.16893911198065 5.839735366313692 0.04503296277699831 2
quiesc_stem -1.5894652969006255 7.909701427051848 -1.330336451488937 2
quiesc_stem 0.20039802745012614 3.0242542935833203 -7.4424019978358755 2
quiesc_stem -4.448322601924152 1.064958320803483 1.2776336205776984 2
quiesc_stem 4.499402520971237 -3.453570138901632 -2.3679351187824587 2
quiesc_stem 4.157819218393819 0.14533056409209766 -3.7187546326769874 2
quiesc_stem 6.117479522072383 -0.2627980968595416 -2.097733628612328 2
quiesc_stem 6.071901284730467 5.914153751856727 0.5169762102038016 2
quiesc_stem 1.0927279949617672 7.669645833046281 -2.154969291107857 2
quiesc_stem -3.0903557105781463 -3.7806458773009854 -2.7143165544452286 2
quiesc_stem 0.9982957251439436 -5.930435875516369 -1.8755500759825705 2
quiesc_stem 4.418933683561923 1.7019946802255803 3.0530906913297224 2
quiesc_stem -5.5543437422609925 4.5631011109369695 1.8975489611836334 2
quiesc_stem -5.543830995901418 -1.3301477864016404 2.156418648574268 2
quiesc_stem -4.420016713264285 0.9267019292682093 -3.2615888011735317 2
quiesc_stem 5.714406794403893 3.716446342739185 -4.604529275583912 2
quiesc_stem -6.742246416266158 1.9696586744981586 0.9720456158706197 2
quiesc_stem -1.736483789265955 5.1778265117603155 -4.122730937562719 2
quiesc_stem -4.4021242678483254 -2.6225068422716675 1.0036629466413485 2
quiesc_stem -6.546883887148322 4.455148052440732 -3.338374996628504 2
quiesc_stem 4.774505954610587 -1.5378940224438848 1.2731978464213949 2
quiesc_stem -3.7334591992454382 2.203349967605905 5.1176510381504325 2
quiesc_stem -5.278375799994246 2.572161042378039 2.314243919752916 2
quiesc_stem -4.3519180859483315 2.7186709989318962 -4.494579927995337 2
quiesc_stem -3.695099279116419 6.140566857106418 1.446745692525336 2
quiesc_stem -5.061562097207855 6.0820067711670465 -3.691098419510748 2
quiesc_stem -1.3772075309500362 6.659442511083319 -5.4172326180408135 2
quiesc_stem -7.373679977710513 -0.3053718243800041 -0.09958879975833113 2
quiesc_stem -2.3302649143932537 -2.12541554998202 -3.8474758947851377 2
quiesc_stem 6.374592970833357 2.1349625236502767 1.1487735128882357 2
active_diff 2.1218583900803836 -2.88665795126987 3.5643670754261096 3
active_diff -0.2606962084213621 -4.618851176017791 3.427358359518097 3
active_diff 1.6414620925042627 -5.222290708042599 3.5602287076376893 3
active_diff -6.409432438269426 -4.9191598243143755 -1.5891594316502144 3
active_diff -2.219154156724936 -0.10051292664254563 5.132365084150064 3
active_diff 2.154651392899489 -5.434181335838177 0.5554885358822008 3
active_diff 5.7350793428261095 1.953672857154519 -5.629502068731013 3
active_diff -0.3657695094477893 -5.348521264741979 1.5454201448882763 3
active_diff 2.8267982407843597 -3.5593935199387094 5.310931320318713 3
active_diff 1.693140060852766 5.981341642725031 3.741870432081732 3
active_diff -3.237369582760436 -6.623082604397776 -1.9507360632932371 3
active_diff -7.842889543357997 2.943085313366953 -2.949109329055681 3
active_diff 1.7473184840786966 3.386308535294281 6.16895202782316 3
active_diff -1.3869832573224103 -4.867575878061815 -3.7190185781960454 3
active_diff -3.196270005933844 6.580269877265333 4.179244372862506 3
active_diff 1.5514807599878595 5.808912678991028 5.935634590896817 3
active_diff -1.966317791860064 -3.311012626543561 5.106270511028416 3
active_diff 0.6943690139650248 7.929669779804655 3.00692098277823 3
active_diff -1.0156716532915113 7.638186202213273 -3.60597611055673 3
active_diff -5.519106334545971 -2.3518941552463133 -2.699645573871914 3
active_diff -4.91857090696483 -2.651207630770035 -4.583728545396747 3
active_diff 7.3245460560152695 3.1675777314927593 3.093054814124341 3
active_diff 0.13189408839418681 6.736304200900531 4.738134728960311 3
active_diff -0.44994726323484 -2.2214929971395305 6.549941454520543 3
active_diff -4.738804313216798 -7.0145547531207235 -3.212656546902909 3
active_diff -0.454367620707142 4.4967371700953915 6.777683410696666 3
active_diff 1.0054767328993226 -0.4698486702159341 -6.73239705840077 3
active_diff 3.327976914812073 1.1415631596431335 6.299699280950479 3
active_diff 4.042162173094057 -3.4271673462273378 3.706785385014757 3
active_diff 0.49115095311661827 2.219310561197901 7.198592189535775 3
active_diff 1.202935399901241 -0.06111309030348455 7.021895149256108 3
active_diff -0.212544854401167 -4.426685539806364 -6.295167327007276 3
active_diff -3.0493055645523017 6.404378823647798 6.1660669090309295 3
active_diff -2.4368885342702216 -5.6404037437155194 -5.235737404975182 3
active_diff -9.007489769307629 1.5505698852374483 -3.7885181067911606 3
active_diff 0.16365857472878476 -6.74047625162947 2.880398503575849 3
active_diff 3.157101384566659 -6.412157071924406 4.096004381272921 3
active_diff 6.2486579426117554 0.5334798549254562 -4.263940989483111 3
active_diff 3.00352238782838 -1.9612172472853286 6.500301396190521 3
active_diff 6.869419710141518 -1.4525567105492065 -4.858408553087251 3
active_diff -1.686797452102214 9.277911995520588 0.12517936494668658 3
active_diff -1.9209777034653133 -5.705696642954329 3.1778943576779124 3
active_diff -1.4577608031906772 7.4896940696642424 3.539167115305021 3
active_diff -2.3476933822462147 -4.495827121409574 6.671763172082121 3
active_diff 2.257514619470064 6.746257298154216 7.555171948968709 3
active_diff 3.126961297506993 -6.622448340622242 1.8371417552608498 3
active_diff 5.256921529394514 -2.8918508558927773 -5.611886226803324 3
active_diff -2.0350416430288023 0.8134597016436497 6.9017595051439 3
active_diff 6.85915904990245 1.7782226822777285 -7.274391745358255 3
active_diff -2.563215187823395 10.148908650414 1.7244439634410087 3
active_diff 3.6451879920841668 3.371922415125106 5.433983806336083 3
active_diff -6.831588714685526 -3.6518799453375657 -3.46608340395602 3
active_diff 5.828500139005549 0.03711654243117346 -6.193491826913968 3
active_diff 1.5990981306956498 -5.955478108124627 5.420508668047098 3
active_diff 0.8276269253465116 -3.6778283304030106 4.86782952094387 3
active_diff 2.461083027570237 -7.2107427956081835 -0.3104958940776442 3
active_diff -0.46248279827733685 7.829733385947483 6.303742832502902 3
active_diff 2.4649879954193366 -4.240400303359447 7.1562830773785535 3
active_diff -4.217095429219296 11.084419124150418 2.3485435553730163 3
active_diff -2.7216504722025086 -7.53843204999901 3.1758830975040366 3
active_diff 2.1276472429394038 9.317050549803879 2.8623937625585456 3
active_diff -0.9753300375324855 1.8556451028102825 -9.266310999535088 3
active_diff -6.658015026619848 6.524697999803646 5.236414421716827 3
active_diff 4.557769139733277 -2.7222676784468067 7.502857766387232 3
active_diff 8.275781563829392 -0.8442734021065477 -6.14376366089274 3
active_diff -1.3175110620932693 5.6656451659248965 8.151960492248257 3
active_diff -1.6169725432258875 -4.0559858990662 8.480792401958995 3
active_diff -5.510442058782952 -8.806695567605086 -3.6517539058985102 3
active_diff 1.861533338942354 8.70154430087976 7.69677548862853 3
active_diff -0.2529258691415086 3.4075962520886307 8.624890475099699 3
active_diff 8.758450208408242 1.8016585973724921 -3.1378535753278225 3
active_diff -10.475036578788028 1.4390789777256028 -2.4343112763822727 3
active_diff -3.012634152522306 -2.5805591150633815 6.646289907327306 3
active_diff -3.6567758446093337 -0.3536570403718204 6.499538057920624 3
active_diff 0.36861055610931437 -3.802862505984022 7.460564083762467 3
active_diff 7.480820599661927 0.4817739176063174 -8.664628242553109 3
active_diff -3.0404559246701726 8.233685625253985 5.2936672443000425 3
active_diff -4.024792184210465 -8.43059312594436 -1.6147727301390618 3
active_diff -0.6827947501831944 -4.922013668298907 5.358659818202483 3
active_diff 2.2503585807694115 7.55181214998033 4.847822468520557 3
active_diff 5.234186424985695 -5.014427111322082 3.9510897464444255 3
active_diff -6.432594469791825 -6.859689585155586 -2.072696159919442 3
active_diff -0.35093735795528236 -6.187117633795378 -4.807787814205286 3
active_diff 6.789724631624475 -2.2723050795662787 7.709888813848817 3
active_diff 0.5859710308675322 -0.10149755123834273 8.923926711207129 3
active_diff -4.8223066615659524 7.256668175772811 6.526719054792905 3
active_diff -5.982932636254237 -3.9747857949875103 -5.639794335217989 3
active_diff -1.7469695222977217 0.08307019139714755 8.74120116406635 3
active_diff 6.313495593703488 -1.9403815155877182 -7.018427140210777 3
active_diff 4.5387551038109395 3.7794982764648917 7.176229407304387 3
active_diff 1.9297920459942257 -7.990659800409596 4.141180963898267 3
active_diff -2.8996846823366855 -7.3561288351268495 -4.318073449032469 3
active_diff -1.2599323726176292 11.210558099509528 0.4126950004397667 3
active_diff 0.27596558214388267 0.8849598015692002 -8.01001495343148 3
active_diff 0.3179615467539201 -7.07422488427701 0.8008002013539991 3
active_diff -9.552640645509449 3.835728943492074 -2.4200171647884874 3
active_diff 3.5424068237178195 5.651447639204886 5.828778753405942 3
active_diff -2.33879933120177 9.279079104788922 3.6870600097654984 3
active_diff 7.71071719453877 1.5310014040351907 -5.195248405386333 3
active_diff -0.21118524940939404 -7.797118920908617 4.5365984845455705 3
active_diff 5.153223227325453 0.6551439502050804 6.956869161077349 3
active_diff 3.8325074871534572 -8.34072492583369 2.578579649483581 3
active_diff -4.431431339174072 -8.132305876896911 1.396204003180325 3
active_diff 2.1590388146760113 3.2008505198254618 8.11730817952418 3
quiesc_diff 0.0 0.0 0.0 4
quiesc_diff 0.3561244331103278 -2.4743725925520303 -1.486446365896891 4
quiesc_diff 1.2381620953098533 2.476818377204272 2.509548207494003 4
quiesc_diff -0.49751139310050796 4.983433081312333 0.9801349832473609 4
quiesc_diff -0.5020978645952632 0.6089585815455696 1.837679836187709 4
quiesc_diff -3.8328633129354603 4.722690010137169 -2.889501737437535 4
quiesc_diff 0.1762930001502635 5.018763984054231 2.8628828067615464 4
quiesc_diff 1.247196253229779 -1.6207289239300158 2.2867169495707156 4
quiesc_diff 3.145879098820105 2.5871436663993608 -3.3039656824879198 4
quiesc_diff 0.004658949516944233 2.745983543452873 4.060683308830234 4
quiesc_diff -0.028219809002731633 -0.386728416497507 3.506226206641886 4
quiesc_diff 2.307866986458667 0.62860483579033 2.597374750636291 4
quiesc_diff -0.9710288969759561 -3.4839354731780254 1.941628296882719 4
quiesc_diff -3.6388170849948684 4.6777583938112555 -4.879558824879091 4
quiesc_diff -1.6043833863898556 5.497500279878347 3.637481519308262 4
quiesc_diff 4.635118066287085 4.338171556235093 0.6183780567573758 4
quiesc_diff 5.007102469913168 2.0209249077063105 -3.7679095155120033 4
quiesc_diff -0.5573798718095255 -1.9986700328295437 4.565298372958786 4
quiesc_diff -1.8554129004141118 0.6387978787139985 3.30997329544477 4
quiesc_diff 0.4087768872867602 4.478971133200492 4.97361414200075 4
quiesc_diff 2.0825535841521026 3.069934022802616 4.222795663209968 4
quiesc_diff -2.0459159582643616 -2.356373178791931 -1.775917447418556 4
quiesc_diff 1.8542364021344762 -3.960492153317851 1.8738174123945193 4
quiesc_diff 3.3848385499766813 -3.663020443555732 -4.791891936979628 4
quiesc_diff -1.4270041363759987 6.660287973468423 1.5495214169199518 4
quiesc_diff 5.272241953245666 -1.7875335211675427 -3.702201932614464 4
quiesc_diff -0.6605997141952021 -3.115313216402705 -3.0850292148552274 4
quiesc_diff 2.996666651616608 4.986582360579454 2.2823758570960813 4
quiesc_diff 3.9457099055402436 -1.4506586933163153 -5.160566796690209 4
quiesc_diff -1.5991730632940433 1.905128187020959 4.909615075371229 4
quiesc_diff 1.8259106096770668 6.88922008598023 -4.453866573110261 4
quiesc_diff 1.0624880180052751 -0.7384396928374237 5.145328282230475 4
quiesc_diff -2.6675866217464193 8.168287880325648 1.9818307713303658 4
quiesc_diff 2.344129012124118 0.9799386389972449 4.5659401227331395 4
quiesc_diff -2.443493049339508 -2.762702250736752 3.086910776819989 4
quiesc_diff -0.25193459581787225 0.6785224547057995 5.734470753174351 4
