1300
 Lattice="1.0 0.0 0.0 0.0 1.0 0.0 0.0 0.0 1.0"Properties=species:S:1:pos:R:3:Color:r:1
active_stem -7.453422714784541 8.084875081072182 -5.890943079364112 1
active_stem 10.267728731976542 10.202197403238353 -3.0541304341808253 1
active_stem -6.378181568579085 9.41358408316063 2.70408597078903 1
active_stem 9.652170885236274 -3.70217279507485 -3.4082074293683213 1
active_stem -6.265184457214732 -6.447719992014099 -4.627822534262812 1
active_stem -5.164214383563722 -2.5282000476803264 -8.336205236054324 1
active_stem -1.7721410551831749 12.111242877814764 5.671482442523511 1
active_stem -3.597617339552308 -10.040826381139077 0.9089565277502083 1
active_stem -7.760078172692236 -6.330175247281221 2.2024372188791563 1
active_stem 2.319792821924077 -9.854341805811961 -3.3244719041845245 1
active_stem -5.972491443944561 4.026823809230272 9.485251247546584 1
active_stem -4.592267986415205 11.30992142422499 -5.429819854700403 1
active_stem -9.300443165851997 -1.6425868538001422 3.135419149459526 1
active_stem 4.509159048336847 10.70424669012683 2.61075967027247 1
active_stem 11.367666732994724 -0.3814317550015154 -2.003039059040131 1
active_stem -8.04924040577092 -3.8960795007929985 6.117633171511471 1
active_stem -6.864638644952024 -5.503386720114289 5.447265461529964 1
active_stem 11.075151831128142 2.6481310056895473 0.030882153251135927 1
active_stem -7.188928921478116 -1.519374573189022 6.69864642118518 1
active_stem -7.9812509935375155 9.999007535152465 -5.651163479762176 1
active_stem 11.823441412116145 10.2474232604604 -4.310200766085606 1
active_stem 6.1069821596604585 -6.546937849088785 -4.785591207701733 1
active_stem -10.006759499104987 -0.4711156218823753 -0.33540448073807905 1
active_stem -4.930824841635216 4.581281607404408 -10.551456339475259 1
active_stem 0.8012814738383158 3.839244254006771 -11.780090338237532 1
active_stem 7.425181211801374 10.59781095547103 -3.7961463794985653 1
active_stem 9.700876801620746 7.908880104777637 1.0965726707433636 1
active_stem -1.522115346228247 -7.215354495031724 -7.88901750405139 1
active_stem -8.194157051823051 4.910324825544963 -7.804284287356566 1
active_stem 7.9175452033447815 -7.000261900353094 1.1630296647612415 1
active_stem 3.4080110819493683 0.7542045297251692 -11.821091486708957 1
active_stem 3.9322176702945137 7.352210373071618 -10.359955868201691 1
active_stem 7.954768859134007 -1.5786731146362676 6.107182725223853 1
active_stem 5.4987650355055875 9.581436493578755 4.343874575994548 1
active_stem -8.21788449463008 10.9914760567037 -0.594370200144781 1
active_stem 2.08229752672802 13.35715411465685 2.2662354833305964 1
active_stem 10.18829715460298 2.183330989992406 3.2208821693457246 1
active_stem -1.2219879638149371 -9.895181761593017 -3.3662596072898205 1
active_stem 10.825392701498625 6.123885823534064 -6.126441403057441 1
active_stem 2.771396468719501 -6.819532356864 -9.377959649599882 1
active_stem 9.606337575211299 -6.223829717673737 -0.5781769129092528 1
active_stem 6.372267383029126 6.36490070767988 7.320815079878706 1
active_stem 7.975206819117405 9.43728460709802 -6.067661653394797 1
active_stem 5.7025700363484315 9.782068895304354 -6.621574824041551 1
active_stem -5.178418022128283 7.438823932954327 -8.868592514637179 1
active_stem 8.920820303105014 12.314684054532812 -2.379147507650678 1
active_stem 9.15766977070749 5.946377448018173 4.8496109834865555 1
active_stem -4.2511721374802764 12.541379758229867 -2.544160659130014 1
active_stem -10.058774632190975 -3.7160497469742633 2.4321666703844698 1
active_stem -7.9242100803091455 -6.592365885830025 -0.6825508043307855 1
active_stem -11.62147121622196 -1.0634842763714534 0.6852842317418589 1
active_stem -9.137472580427945 3.696507228337527 -6.470519186559141 1
active_stem 7.141889085795908 10.637202302800208 2.6312523221196997 1
active_stem 11.444580929550405 11.568932382509127 -2.1898073455714306 1
active_stem -10.827835149299164 0.037450790533224976 -4.0814686865317755 1
active_stem 1.2049266326116792 -5.2098257622517385 -10.879421677739996 1
active_stem -8.02223199057512 10.024393755280265 -2.3340460090041724 1
active_stem -6.633421853562218 9.809946373721916 -7.119399564275709 1
active_stem 4.755919514449797 8.26296603303921 -8.549308005456034 1
active_stem -8.161019714855152 -7.688261734664843 -3.9835331736522113 1
active_stem 11.855913919197734 -3.2491858435066643 -2.762429160955233 1
active_stem 4.118010057543209 -2.6582303868558226 -11.390304297618119 1
active_stem -11.144475972358299 5.446589940340774 2.0012405878569712 1
active_stem 10.359641361161001 3.534858902095837 -6.155483950789542 1
active_stem 0.3314802738775474 -7.018488658671083 -8.806088647405968 1
active_stem 1.6747639879403198 11.723138184341906 -4.78345938939144 1
active_stem 11.931134860652103 0.259727272611886 1.2537886773129596 1
active_stem -3.329547659662392 5.660610699504539 8.149857327496912 1
active_stem 10.464517932269 -4.43414485206094 -1.0818581953252857 1
active_stem 8.021927838333065 4.949733975358719 7.489946895989595 1
active_stem 3.4293166370333084 -7.690402095073768 -6.68955794682763 1
active_stem -7.979898328603831 0.2636636690574899 7.333873194571746 1
active_stem 6.642170593987911 -7.01898653521853 -8.759159932940374 1
active_stem -10.479067739998225 -1.662811824246101 4.7511032348515565 1
active_stem 12.789727216474448 0.7665495817767103 -2.815370784220364 1
active_stem -5.295838576135804 -7.324014847705031 5.632479238639436 1
active_stem -6.406145271707272 11.513627908017398 0.8374345471418627 1
active_stem 6.15380244917959 -9.894266950470447 -4.236184472457768 1
active_stem 8.144155774460303 6.467475735303044 -8.989673686318094 1
active_stem 10.623253203747902 -2.315736442999863 4.450702274748727 1
active_stem 6.902969825463707 0.6789196632573172 -11.360428681498531 1
active_stem -10.997988850638341 -4.300106341429635 -1.4502190656815923 1
active_stem 2.3594698207214804 2.9279176174347024 -12.641213347517711 1
active_stem -9.19501434570569 4.447887114163814 -9.472947237258218 1
active_stem -7.857876035456342 3.9181521080978285 8.547490586868118 1
active_stem 2.142930330697702 4.931314285860618 -10.589161532822793 1
active_stem 2.110122455717619 13.355839594667442 -1.7741343292541243 1
active_stem -10.274525136929967 7.384950663699689 -1.8890532950252998 1
active_stem -9.703553923378864 -6.3338238756134455 -1.5628790035500784 1
active_stem -5.498090921141461 -9.782835272666453 0.3067558472396892 1
active_stem -11.50172739485634 7.066714352222725 -4.1765482814894135 1
active_stem 12.464941250615476 11.935481698917705 -5.169815020014896 1
active_stem -9.67418772950369 5.753765766540996 7.579958125388689 1
active_stem -2.378439828294384 -4.1633965033466085 -9.557556656016091 1
active_stem 9.316143504027746 -6.491175398925731 -2.566756083933635 1
active_stem 5.678561804215562 -9.609741875699962 -0.014807629616264362 1
active_stem 8.622456946449246 11.281095443824286 -6.493606334121881 1
active_stem -6.79392251631448 1.2584202066827626 -8.477435110620197 1
active_stem -4.37464387841688 1.8705005330595135 9.143763205891783 1
active_stem 4.914110044465589 13.05801195581553 0.035370504068041375 1
active_stem 12.363300390871618 5.383029280083481 -5.084341829603025 1
active_stem -3.4840552915023446 12.548420586398253 -6.54246734970055 1
active_stem 11.495540845570286 5.371141648265207 1.4796652966635582 1
active_stem 6.366121741113586 12.333046129408466 -1.742029875529909 1
active_stem 4.378839133012436 2.4503044257078033 -12.246224451928995 1
active_stem -2.887136624294633 -11.909700147060938 0.9592357510535117 1
active_stem -9.712559620758858 6.756039655006975 2.9754304375459943 1
active_stem -1.070668710752107 5.86535392373047 -11.531133945737356 1
active_stem -5.1844068530220735 5.003724091958592 11.042360272360153 1
active_stem -1.492589968499636 -10.269500424728843 1.5390627813078592 1
active_stem 6.392138539739193 11.636325994555579 -6.327932373078033 1
active_stem -9.569599006802497 0.6885446590492253 -6.407994302293092 1
active_stem -9.634441157780211 11.12324354855083 -5.59588539161359 1
active_stem -9.179904013894141 -1.6973910131465748 6.7644364545020865 1
active_stem 4.6070116513831065 -10.35378745222513 -1.9358639838924958 1
active_stem -12.635127034817742 1.0981186479006202 2.8906002526954486 1
active_stem -0.11109446685355495 -0.47519904069160235 -10.752648774233542 1
active_stem 3.5229263035862717 12.251341844787099 -3.782753292448782 1
active_stem -8.540451249095838 -6.289783457164567 6.204386513772867 1
active_stem 6.084995341389004 9.099150486507787 6.194208123182021 1
active_stem 8.857839084619489 -1.4340082578538158 7.885815977767422 1
active_stem 7.623863311285156 11.279499336814514 -0.3715197167117741 1
active_stem 7.297378158164474 -7.747414915998194 2.9159450851630826 1
active_stem -5.630912597681791 11.096152294862316 -1.9327634821273398 1
active_stem -9.50103844759572 -4.066160893141619 4.351778309126475 1
active_stem 3.8764982891057738 14.080940308449534 1.7593063265856084 1
active_stem -9.024728966316655 0.47734246524833923 -8.699601995222578 1
active_stem 11.616859631802365 4.567111208141457 -0.41007403137043713 1
active_stem 1.574144355748777 8.222489683643609 -9.660855057180973 1
active_stem 8.543338932967464 2.1566187611616896 8.10183544983421 1
active_stem -5.352795844886098 -6.061226205123266 8.946787521562538 1
active_stem -6.6433225792857655 -8.7145096526163 2.863510062506893 1
active_stem 1.49260616749481 -11.05277187791379 -0.23975461623866703 1
active_stem -2.7682144391344115 12.443603067462524 -10.169341851664878 1
active_stem 10.747027179771088 7.920485078684248 -3.4773249927680183 1
active_stem -7.159755386836489 9.45063231098113 5.227014599009235 1
active_stem -12.095509872990108 4.887013040117925 4.721227369295364 1
active_stem -10.258283441655378 -1.8569154072276626 -5.520785928305535 1
active_stem 5.8671376992348145 -6.8542626690211605 -6.817111618305226 1
active_stem 11.233376084455328 3.8842700790206672 3.3417798359666335 1
active_stem 10.276997241294456 13.568298513092328 -3.146763884243597 1
active_stem 9.439670117566267 -5.886500593142982 2.1659618796633087 1
active_stem -6.0204000027877145 11.256310098413703 5.3806781156555665 1
active_stem 11.674482851991517 2.5281094509136413 -2.8907417542062133 1
active_stem 12.672156226739814 -2.716328171252413 0.6431120884104584 1
active_stem 13.397671003754546 5.025856361688194 -3.394872921796262 1
active_stem -4.075443250161627 5.247890114579766 -12.231919201644356 1
active_stem -3.3942232363428313 1.7070605886634418 -10.91919452598187 1
active_stem 8.911568431577473 0.9962888387070481 6.482966733029402 1
active_stem 7.303179722814091 8.605304738977328 -8.120892310612131 1
active_stem 3.3136385007143128 11.610004046200276 -7.000872497550304 1
active_stem 5.538521306859849 11.301154266031054 -4.53666896443379 1
active_stem 10.570734831992207 6.39999871692732 3.0174817912723078 1
active_stem 5.354969908542668 4.621024924569264 -10.773459375477529 1
active_stem 2.151798326484759 10.924958698836813 -8.967054786537123 1
active_stem 7.557583904341466 12.567963024155954 -4.113904704746925 1
active_stem -1.2616648509127588 3.846451916648195 -12.155510793849269 1
active_stem 5.716643950518657 12.286261267941605 2.412744300706059 1
active_stem 0.37617820488566533 6.760284740778001 -10.430906335036127 1
active_stem -7.070505598918986 2.9782392468611922 -10.110918069745289 1
active_stem 9.304235860135577 -8.407922671929338 1.4721900997047879 1
active_stem 1.3853583639312341 1.1858129416982308 -12.347208315135463 1
active_stem 9.071102184414546 -4.1600716206981305 3.845883175107068 1
active_stem -1.0519798889741179 9.597321372826409 -11.367149654565603 1
active_stem 8.90379105806828 -3.2782356510692154 6.852477263100802 1
active_stem 10.710380741387937 -4.417205109331034 -4.947337277663429 1
active_stem -10.227991761429116 2.183819681853583 5.714785875718606 1
active_stem 2.669242114594561 -9.12512205883605 -5.370587634177986 1
active_stem -2.997646754989966 6.9091613531241975 -11.014179138955626 1
active_stem -4.171555995445516 9.175417300407734 -9.874430204431382 1
active_stem -9.830648966758847 8.486120594817455 1.4309363367871746 1
active_stem 8.919971160222694 3.1312017171214275 -8.617997959064525 1
active_stem -8.854469255398138 2.246340721997218 7.357998170263636 1
active_stem 11.185029373414247 8.645535841676383 2.2166751075467586 1
active_stem -9.010511168569794 8.530967344652566 -4.717709411477626 1
active_stem -0.8386790956450783 -8.715866153688285 -9.020997916260256 1
active_stem -5.726372017907326 -7.926153615005373 -5.862292127916903 1
active_stem -8.69140013966413 -8.06678888947382 2.5442155850554773 1
active_stem -0.07193468168101413 11.621637055785493 -6.31517689102119 1
active_stem 8.226896148561721 -8.92029096960112 -1.1851952886713903 1
active_stem -0.059479460085263836 13.165656569968087 4.027427677302953 1
active_stem -3.0011609618432207 -0.6639546255421883 -12.467722485799278 1
active_stem -2.8405278202801227 12.546697038911795 -4.535108669508624 1
active_stem 8.686660304633298 -7.206539799660576 -4.966351811539406 1
active_stem 2.5506999026298827 -8.683270650422996 -8.686748684092205 1
active_stem 5.900193276575546 7.088517502155166 -10.120084896821995 1
active_stem -4.938553231640702 12.710884921269091 -0.18025720976063941 1
active_stem 1.1353136256447904 13.208863539163335 0.039135260152468376 1
active_stem -12.0951337710642 3.2628964404635217 0.896383569362603 1
active_stem 12.12112928870248 6.839822625294962 -1.5279865934518533 1
active_stem -2.5972423913586087 13.932525081864034 5.625234001955785 1
active_stem 7.767849529310878 7.18782086224198 6.1481459482839895 1
active_stem -6.457291496003235 -1.4116358647329 -9.376030224523076 1
active_stem -6.991327043119998 1.8933950233128265 9.419274522104063 1
active_stem -12.281994520150564 -2.8200466745843307 -0.4616870560566985 1
active_stem -1.6491760966818614 -2.7929899955969626 -11.165528792853987 1
active_stem 8.547395350082262 -6.1734862393312415 -6.931942060361672 1
active_stem -6.225907591077096 6.246455288979668 -10.085565242273038 1
active_stem 11.487519499018237 -6.321445420908433 0.09385414591468322 1
active_stem -10.867026824689928 -7.8151734450388135 -4.797004526927802 1
active_stem -9.506044542857019 -5.40936024643147 1.4071612390266568 1
active_stem 13.044284262341407 2.968737596354837 -0.10957738671009278 1
active_stem -9.631543675879998 2.8054111233776133 -8.387092602031847 1
active_stem 10.019106812685731 9.882776956199894 1.163176646742531 1
active_stem -11.240950442929869 -2.0783257876916323 2.924319435819419 1
active_stem -3.1780723762994465 -11.888789591618847 2.9378512106303587 1
active_stem 0.2937407464034999 4.7194859733030095 -13.502755983569017 1
active_stem 10.39663941086531 15.508489374410944 -3.617237234090436 1
active_stem -0.4502927581925893 -11.86423394733326 0.9304237115235916 1
active_stem 12.654535325126394 2.7187695367426334 2.5531640241768576 1
active_stem 0.11157130148350872 12.57454092092238 -8.063976415823848 1
active_stem -4.267096040259382 15.011905125460952 5.409531631228234 1
active_stem 1.929372456987203 13.704025962752251 -4.677355021742762 1
active_stem -11.44979506731714 -4.964787685125502 1.2516326680345233 1
active_stem -4.518596305491688 9.100114774066093 2.0379931532598445 1
active_stem -4.137999732913506 10.31588221628262 -11.517054249337388 1
active_stem 3.843340893272494 -10.743787488023411 -5.408194631674247 1
active_stem 7.407441938827301 6.493692368666281 -11.292426370416708 1
active_stem 6.567366247673476 -8.319063138251945 -5.590338653185598 1
active_stem 9.450732668893993 8.337515011114249 -6.850815726608218 1
active_stem -10.839931608695954 -2.258649407832649 -3.6498783403856367 1
active_stem -9.983201755809649 5.801244427866789 -7.729576126247967 1
active_stem 11.73803312998674 7.778051530191159 -6.782812687627892 1
active_stem -6.45261528581266 12.82814211948474 -2.5028651745672814 1
active_stem -1.929084653489038 -11.26644406370276 -4.638915872848049 1
active_stem 11.03481795739803 -5.080378338386982 -2.973654148140073 1
active_stem -4.898100497474443 7.27160630679396 -11.521041278236186 1
active_stem -2.8097384604410687 -8.255027621883912 -9.012007488444068 1
active_stem 9.085449008780396 -5.269640081205803 5.509809856207305 1
active_stem -10.69877284203337 4.154344332351604 8.206118187224394 1
active_stem -7.625951775752622 -1.262379409375286 8.633320685917647 1
active_stem -1.6349261996112037 3.6908186163371846 -14.114197660452025 1
active_stem -4.988391498024317 -11.213346655853059 1.740186607518214 1
active_stem 14.229102906759497 -1.6258208441837712 1.2649728486979117 1
active_stem -8.270377299735229 8.71773390236853 -7.603273339108255 1
active_stem 5.899262244062551 14.035593169794256 -2.6819106048178565 1
active_stem 8.684623524529313 -6.860146170867156 -8.805352470966092 1
active_stem -5.325765794565053 5.676613723569476 -13.73288209327472 1
active_stem 11.712053867242886 13.479111342601586 -1.660964677075168 1
active_stem -10.501053899655254 -0.8463539374694785 -8.960930379893453 1
active_stem 6.48950369333399 13.709665228033396 1.2394544881148033 1
active_stem 5.835460636255958 -10.897193871284946 -5.9370066505969294 1
active_stem -2.0377933408231836 13.785249793041581 -3.185440402589482 1
active_stem 4.535513073630487 12.119557385085729 4.0236294810072675 1
active_stem 13.645636142411623 13.542016237786603 -5.011681064433608 1
active_stem 5.173812610620696 13.251170251009615 -4.790490211014194 1
active_stem -7.814264143618213 -6.6691947077656 -5.873334908932324 1
active_stem -13.107893199716596 5.285329969277864 2.3461869794099885 1
active_stem 4.726462642313307 9.755529845052715 -9.880242098396646 1
active_stem 3.434143004292043 5.1481363633014245 -12.101033887978348 1
active_stem 5.4117078001857655 1.9891682355632954 -13.895629111347235 1
active_stem 11.048859396448533 6.219818411085504 5.440061522656656 1
active_stem -4.050998054400853 13.698650525286876 -11.052134055421 1
active_stem -7.240918267916591 -8.852120010031342 -6.783560759677197 1
active_stem 10.337666711687994 2.24695707325325 7.11705873153033 1
active_stem 12.577597418608145 -2.282062027940151 4.027140326962233 1
active_stem -11.665116274731435 6.865144100407007 3.3944993257032614 1
active_stem 4.243444588275138 -0.3418597231701985 -13.270468597758097 1
active_stem -7.170545540366285 -5.361413161934204 9.400712349220328 1
active_stem 11.471468654938182 8.127598860866263 0.19259999709610642 1
active_stem -14.388523199112795 0.654620246480171 3.744363134866431 1
active_stem 10.809939859381428 -9.703047480194599 1.7077897552030983 1
active_stem -2.670009017520969 -4.82927236466877 -11.42077879661077 1
active_stem -2.459687770138908 12.727567009246204 7.445580545720981 1
active_stem -3.217928808649365 2.7534662492150392 -12.614468978195967 1
active_stem -3.5933673888982933 6.924287176860535 9.67744395713303 1
active_stem -11.625382380165483 2.8318878866212254 6.990445336796224 1
active_stem 6.299876403412918 -11.509350209122932 -0.08867472929014854 1
active_stem 7.12265195120874 10.037831819063785 7.623244902277754 1
active_stem 14.883864901477592 3.6306114438233466 0.3121643377523266 1
active_stem -10.25875799902789 -3.2367589167441335 7.447386332703031 1
active_stem -7.4379414976345934 -7.915006808991413 4.51559237814309 1
active_stem 14.020667404833114 4.611553160559948 -5.895488658504715 1
active_stem -6.723199752360368 8.605725735987257 -9.37057815986985 1
active_stem -7.546289423708021 12.307580628038814 6.13333457690813 1
active_stem 7.047772945769471 14.428592318605082 -4.641305325866814 1
active_stem -8.8996090519535 -6.1135223508056455 3.831710338297382 1
active_stem 8.264333633293445 14.090632471368485 -3.023377647506447 1
active_stem 0.607509863594339 -7.204792210924475 -10.778168425715798 1
active_stem -10.951600273593423 3.9083891391716876 -7.2854098348987595 1
active_stem -11.11890353364562 -4.485948626422236 5.450091025217786 1
active_stem 7.070846862943155 12.935351888180174 -7.688772826513516 1
active_stem 9.963285669228128 5.411324451782743 7.355544498328478 1
active_stem -0.2205708701858009 -0.3598716837256547 -12.746317382064012 1
active_stem -7.396993279029062 11.746561795017085 -6.4287861593866715 1
active_stem 0.4130028530536193 14.646716973737423 5.285688597842705 1
active_stem -8.637159326718757 1.2117819836744497 10.328471837574707 1
active_stem -7.282307131200209 12.772134584715548 -4.555220901415785 1
active_stem -12.386448176610713 -0.8719729263279131 -3.219103372813047 1
active_stem 3.6678159705341935 3.7762805431640993 -13.893615319137888 1
active_stem 0.7412793804817543 6.99564999825543 -12.383162549560987 1
active_stem -7.772278509311402 10.929229057099123 -8.323646960929613 1
active_stem -13.238073596748624 5.532193581220291 6.2306279809733685 1
active_stem 7.866767479027071 10.076096841377625 -9.353426055612134 1
active_stem 10.186482688212186 -4.772636184854541 7.201001618893772 1
active_stem 13.347868911371085 6.469924943616259 0.007684466138582202 1
active_stem -13.55582730044069 -1.5663745805601903 0.6120184047899813 1
active_stem 2.0632493599706963 -11.405377687452184 -4.560786243660337 1
active_stem 6.05941102214312 5.215834342559955 -12.548273301988962 1
active_stem -4.153685051506989 1.1291887409821024 10.988115131023639 1
active_stem 12.813185966484841 -1.615378699080248 -3.4060940134242417 1
active_stem -13.962915870270585 -2.691526234986496 -1.53778459406906 1
active_stem 8.429458027555905 -9.228444232292752 3.640477578288653 1
active_stem 12.233766247359865 -5.184048816467831 -5.991965120016554 1
active_stem 0.5444403309629492 15.00912811938324 -2.9795345506538524 1
active_stem -7.1058955169868385 13.368344699032637 1.1027178284796022 1
active_stem -7.042143124458029 0.799516834232048 -10.40818476410876 1
active_stem 9.381972823254658 4.459294971085178 -10.040222544751215 1
active_stem 8.03791515900141 -9.596904799233984 -3.057755010318301 1
active_stem -3.536593594126706 -3.046451220083073 -11.77660374572069 1
active_stem 8.300244163399872 0.4996654977435675 -12.780109057037695 1
active_stem 9.127695038730188 0.3584408169813369 8.753820129655097 1
active_stem -11.768252080153092 -0.5518801650157371 -1.2791316529043506 1
active_stem 7.802226947215525 6.606380134981206 8.698096217113246 1
active_stem 14.476039803112986 1.5488480749454205 -2.077563947893666 1
active_stem 5.1599833476889705 14.948750613918262 -0.568495081569939 1
active_stem -11.189872958053753 8.872442776690828 -3.375242055808816 1
active_stem -9.189639580445453 3.820265278204682 10.036390861826622 1
active_stem -8.002288946290237 6.934905273275877 -10.694257200470018 1
active_stem -5.641382896434906 12.912766390944153 -6.004490123843847 1
active_stem -11.593343054274154 8.995878311715249 2.226584892307594 1
active_stem 8.550178761548848 9.027866186030888 6.101303886111978 1
active_stem -1.6168787870059014 13.067174314084468 -7.036983750912986 1
active_stem 0.7336379373316531 10.854857556224289 -10.375567101159017 1
active_stem -8.897221331687765 -9.30574718575787 -4.901001426441066 1
active_stem 10.81850372056871 -4.543367557240882 2.708927387867754 1
active_stem -12.471950701703552 -5.283476779617352 -2.3778068205074723 1
active_stem 10.598453538744145 11.025364442096581 -6.3202883546901845 1
active_stem -9.649779504869864 10.162009467962388 -3.752806521963285 1
active_stem -9.901917083368126 -9.54742011257046 3.1293479719534223 1
active_stem 10.415705025280673 9.743841773081538 -0.9440141598714813 1
active_stem 13.225663374333461 -0.03403517627781716 2.7497497566490017 1
active_stem -6.331171868165607 -1.4843753011433876 -11.370723888689277 1
active_stem -11.74024861773735 8.101860317598629 -0.7324655439417986 1
active_stem -4.770479720850235 13.530124174738804 -4.203288174626293 1
active_stem -6.738343875654728 -8.32462255910397 6.59058292235472 1
active_stem -3.0744852595419814 3.0533794662747664 12.336788529618467 1
active_stem 13.244740260302695 -0.8193029934955124 -1.4693127700311044 1
active_stem -6.103231076166808 3.3737610883161304 11.748747314794624 1
active_stem -11.405578021671126 -6.779443592809506 -0.6118074833800565 1
active_stem 13.420269438957629 4.8718112671645795 -1.2193149976391522 1
active_stem 7.078788862918567 12.073191500760636 4.021918847643988 1
active_stem 5.166605961474565 10.856743873979799 -8.220892241145965 1
active_stem 1.0141904708155334 1.8136340874865884 -14.209485148482493 1
active_stem 1.5363416615681622 8.919709627245064 -11.53500961499019 1
active_stem 3.6703311618704193 14.21011382243928 -3.4066095070172078 1
active_stem -8.283396307434243 11.99781353372889 -2.5274563955590112 1
active_stem 11.576161184473229 0.7823046467448327 3.553986687655888 1
active_stem 1.2640083414216012 -5.227248782673669 -12.878472900206162 1
active_stem -1.879031268883757 6.886026398447074 -13.049283369860929 1
active_stem 13.2097583290147 6.2607510175006675 1.9993321030135336 1
active_stem -6.7245484323459275 -6.114294103840487 7.3465197627863255 1
active_stem 2.942101518695828 14.75530823843033 -0.6125413050454023 1
active_stem -6.840063472812601 12.733955384433656 -8.522712908129346 1
active_stem -11.763915724054122 -4.205978453908074 3.355456288522743 1
active_stem -9.13180727414574 9.75140950148491 5.083681297112299 1
active_stem -8.544343100793537 -4.660259748712671 7.898335805325093 1
active_stem -4.6993362387039195 0.3786443949271342 -12.296877492968065 1
active_stem 2.5894094933014373 -8.055943228612295 -10.939423352988728 1
active_stem 5.116241837290435 -8.223011224345472 -9.230186447540632 1
active_stem -9.44193186468339 -7.689846317514828 0.01891714739958117 1
active_stem -5.608087277501024 3.1534460862545477 -11.777262734265161 1
active_stem 13.411847979474095 2.9584506024044677 -3.783136794051795 1
active_stem 5.574931102290352 11.144607663441205 5.589143472250051 1
active_stem 5.1275603365459155 14.159568196227115 3.3177226408991225 1
active_stem 15.17278167136131 5.418850866539527 -2.5614837948541576 1
active_stem -12.10968308350278 -7.3277808608759365 -6.286384898537512 1
active_stem -9.351969933290484 5.801116975187658 11.05907900481105 1
active_stem 9.208803529580118 11.013987077039685 -4.599569595093967 1
active_stem 12.377677522227762 -1.5319379403728588 -6.630336070306663 1
active_stem -2.594438430372491 8.871888315115283 -12.41336594522786 1
active_stem 12.315873901771543 3.2889866328900355 -6.491193757455975 1
active_stem -11.095719047667583 3.961966129798937 -9.861794807513997 1
active_stem -6.929736388081191 -10.380057679685324 1.569180757301872 1
active_stem 11.062535826449357 -7.213335605185373 -3.2214304248710848 1
active_stem -9.76608659067493 12.226935118798423 -0.31740237585762265 1
active_stem 10.082000755803373 6.26017003441386 -9.438874281444955 1
active_stem -7.4524911755290795 4.648786641266079 10.67804755458134 1
active_stem -9.420902903663782 -7.565682176310123 7.468066592927121 1
active_stem 9.812504125541114 -0.8456065440844797 6.214108321255651 1
active_stem 12.417913254071435 -4.171448097168329 -0.7423922445595892 1
active_stem 3.750063250537579 -9.578529080846177 -7.265837475809474 1
active_stem -5.215174393767562 -3.721298270043012 -9.940549248152422 1
active_stem 11.902309685581383 9.272892437049574 -2.3725606388339666 1
active_stem 2.7486521048192887 -10.322680835397373 -9.8150878046808 1
active_stem -9.67811677519797 2.2174867000310323 -10.298159272468153 1
active_stem -13.32471236381602 2.92951543233442 2.438133739677261 1
active_stem 11.957346806722818 7.530751967410256 3.9111843805356212 1
active_stem 12.307695463654282 -7.971345218890453 0.8717629089789793 1
active_stem -7.2171144529287234 4.6989181258066015 -11.119763964556345 1
active_stem 1.223425150254227 -12.914196765006 -0.9199303065357228 1
active_stem 10.15086833031283 9.172984369458597 -4.918102613645841 1
active_stem -11.392743064308284 -0.1331584934844312 -6.43881109475401 1
active_stem -0.25993248641863653 -9.671126125177084 -10.6800731855534 1
active_stem -9.572336242862786 0.027923788167453945 8.520704352651336 1
active_stem 9.945591145911422 -7.679370231177526 -6.446731668167512 1
active_stem 5.989155576301798 -0.8158696162251465 -12.38444411086074 1
active_stem 5.862490577510824 -11.878891054670387 -2.2486445265381296 1
active_stem 2.726397183705546 13.484185272915777 -7.378486539959994 1
active_stem 4.589936874274261 8.707813193140625 -11.675154120533714 1
active_stem 13.60924917622151 9.732922931431528 -5.049240711616413 1
active_stem -10.152206251589142 1.9692947993751135 8.85436852731954 1
active_stem 1.1957089640921017 15.183873380727249 0.34847088503185153 1
active_stem -5.999840495098563 14.19675326907852 -0.9962624777584657 1
active_stem -12.133401088737054 -2.511438790702246 5.487997693409911 1
active_stem 6.217724363826381 -8.66761362325082 -7.5844754872780555 1
quiesc_stem -0.6611768657145145 1.8803200832106293 0.16505010426747171 2
quiesc_stem 1.0967792812774033 2.759503295405495 0.5346810886938967 2
quiesc_stem 0.7787824609155399 -1.8083159199133072 0.35141344931351887 2
quiesc_stem 1.0992095934114277 0.9773641965900617 -1.3551743419118247 2
quiesc_stem -2.4783394199039304 2.711881178876535 0.0848853001030687 2
quiesc_stem 2.1544167560438092 3.4199749881860746 -1.029026081784418 2
quiesc_stem -0.25496131050901605 2.504948881712633 -1.6909746226128122 2
quiesc_stem 0.8241106369899664 0.46665714464859975 -3.269201215096494 2
quiesc_stem -0.34256266927411705 -0.6416509384242051 -1.8775571832525295 2
quiesc_stem -3.5020343349442378 3.2910112678800574 -1.5327231385901119 2
quiesc_stem 1.8647695122543906 0.19942405643175776 0.6948846752395863 2
quiesc_stem 3.856781424717581 4.452118286590095 -1.22042813613836 2
quiesc_stem 1.475828715914257 4.66106769204775 1.0249609796990842 2
quiesc_stem -1.1473784702532237 -2.3449201682463663 0.3071421503717229 2
quiesc_stem -2.7762831573074602 -3.4800898122483215 0.06618696817135464 2
quiesc_stem -1.9401735703857161 -0.6897747701122704 -0.6753411022283888 2
quiesc_stem 2.935324493639675 1.7434230848160812 0.00933450772489719 2
quiesc_stem -1.8909052798242878 1.3793670167479979 -1.3305481214377972 2
quiesc_stem -0.6859450462618217 1.683113886130167 -3.75906326668145 2
quiesc_stem -1.0471171652442322 4.114278300948202 -2.5755920100700243 2
quiesc_stem 0.5328772453859083 4.579746848957124 -1.1888348623285194 2
quiesc_stem 2.5814277229014833 -2.6521583231426735 0.5473727766029287 2
quiesc_stem 2.581573965617814 -0.07757039150751366 -2.185661477783637 2
quiesc_stem 1.3157790152924642 -3.7553690176524355 -2.685659125075516 2
quiesc_stem -4.3541734629545665 3.1371350155535604 0.6329781912481505 2
quiesc_stem 4.458522231275461 4.081047041259842 -3.0913140579978746 2
quiesc_stem 2.2025335719247785 4.351570341911281 -2.798154361177149 2
quiesc_stem 2.1472833595100327 1.3070179441368421 -4.511379814599125 2
quiesc_stem -2.1494040476852145 -0.4832283920275495 -2.7203065707068803 2
quiesc_stem -1.17923568483123 3.1696765430976312 1.6035128181683402 2
quiesc_stem 3.8936254488719264 -1.5866937922445294 -0.521702740540737 2
quiesc_stem 1.9365159041926912 5.948303410899382 -1.5848796227633482 2
quiesc_stem 3.3384769156318077 -1.6106035979818039 -3.223402829039946 2
quiesc_stem 1.2822727246244847 6.533205447928891 1.7014491918950974 2
quiesc_stem -2.976091516134077 -1.221207463808942 0.950836410144352 2
quiesc_stem 2.911796719971602 -4.827561320791903 -3.236232600135132 2
quiesc_stem 0.6238056198170788 -4.052665051402604 -0.28755533806380384 2
quiesc_stem 4.77222391420627 1.1264030485316374 0.5043969215129469 2
quiesc_stem 5.0300289922749855 6.071403960577402 -1.1829574644055527 2
quiesc_stem -3.710247573492807 3.9350438980613998 2.3501563602498337 2
quiesc_stem -3.8325993948493826 0.9003614278271086 -1.3499802973187085 2
quiesc_stem 0.9868504431897054 2.721553288533472 -3.2437096609633667 2
quiesc_stem -3.2571503000327837 -5.36571263206675 -0.3955417101963432 2
quiesc_stem -5.254038287043344 3.1857084162017046 -2.491573210946327 2
quiesc_stem -2.875268522719941 2.10236117089841 1.9479292199321272 2
quiesc_stem -0.7504419686685337 1.1640047928488733 -5.689442995199323 2
quiesc_stem -0.2974770937701382 5.954940463673326 -2.79920454539035 2
quiesc_stem 3.5023762952839923 2.768062196029166 1.6306200920759064 2
quiesc_stem -0.6792436365029458 -5.4391930263718145 -0.9036744906890172 2
quiesc_stem -2.001117591851198 3.228841873848832 3.4258765564352984 2
quiesc_stem 6.062538193147515 4.386755675682907 -1.9364655723085806 2
quiesc_stem 0.20325614980626594 4.4686159052566135 -4.095793126759064 2
quiesc_stem 2.778945306801011 -3.487685161425235 -1.3486887602175428 2
quiesc_stem -2.974211975947868 4.631156941862654 0.35038662547923827 2
quiesc_stem -4.076890539712998 -2.3545677205142805 -0.9544111201331665 2
quiesc_stem -0.4278718547968853 -1.043095466655127 -3.8349954667288935 2
quiesc_stem -1.688577440859067 5.9124238323975575 -1.3628786212373316 2
quiesc_stem -5.482632405520869 0.2635444941588517 -0.4162483996694162 2
quiesc_stem 1.8145952885652274 7.346523302043236 -0.04644861864715244 2
quiesc_stem -2.4012391672283977 2.6677621165750023 -4.0561052516925855 2
quiesc_stem -0.939024892349498 3.1518148323124784 -5.803669646658776 2
quiesc_stem -3.6757032103526264 -1.0598903007667453 2.8175233818192145 2
quiesc_stem -3.867612362903907 1.1681610249270435 3.4116654632888377 2
quiesc_stem 0.10412584538288733 6.389570595636293 -0.45350483917454365 2
quiesc_stem -3.469752566562036 6.568864358508765 -2.211422935761175 2
quiesc_stem 3.569106156788071 -0.8454082093013444 3.083750426556012 2
quiesc_stem -3.816636416556344 4.540191153083982 4.253437268001035 2
quiesc_stem 1.5979476963773824 -0.857838857654556 -4.552511990162922 2
quiesc_stem 1.6409495900711693 3.201651019369206 -5.07173057848464 2
quiesc_stem 3.090803789356347 4.824368334322017 -4.52657505047604 2
quiesc_stem -1.025280225781159 -1.3536654256327678 2.039916242382245 2
quiesc_stem -5.6074094245584645 2.2525421930444094 -0.6503359413429493 2
quiesc_stem -4.659353514386993 4.819369267434393 -0.9628686465553328 2
quiesc_stem -4.024171821204723 6.4699060932900965 -5.679376523191232 2
quiesc_stem -5.121813820983618 -6.066064381868693 -0.5759229181549108 2
quiesc_stem 5.834996720949043 -1.910996175404012 -0.8765344587266397 2
quiesc_stem -6.287427476974798 1.8368367461841961 -3.546396418861753 2
quiesc_stem 5.3341967695090915 2.5978785339084154 -0.7280585161552757 2
quiesc_stem 2.9186799791888944 0.4377717001924415 -6.139064741892051 2
quiesc_stem 6.7820595891992905 7.029989360864055 -1.2902086546010008 2
quiesc_stem 2.972873094674781 7.119395996009243 -2.8316778946729513 2
quiesc_stem -4.039535826968743 -1.0510815951728758 -3.0442581050759494 2
quiesc_stem 4.383295907241626 0.66619762189022 -1.737769540685291 2
quiesc_stem -2.50494584927325 -0.22816231706046802 -4.671852451470236 2
quiesc_stem -4.16184384724661 7.089351377975509 -0.40861875289299343 2
quiesc_stem 6.157188335766983 5.546477374284434 -3.5631452987129224 2
quiesc_stem -3.2213713224599405 -4.225904933061859 1.867757486027119 2
quiesc_stem 3.16893911198065 5.839735366313692 0.04503296277699831 2
quiesc_stem 4.46554582373837 -1.5427670035386107 4.729984503356144 2
quiesc_stem -1.5894652969006255 7.909701427051848 -1.330336451488937 2
quiesc_stem 0.20039802745012614 3.0242542935833203 -7.4424019978358755 2
quiesc_stem 0.5460671119800805 -4.301960823174225 -4.44883267978749 2
quiesc_stem -6.159975798684204 -0.3438558919806989 -2.1973353427060283 2
quiesc_stem 1.2359434632218638 -2.279269330391742 -5.9121032325411695 2
quiesc_stem 3.9126106973180623 3.8813689332687225 -6.087147232606534 2
quiesc_stem -4.448322601924152 1.064958320803483 1.2776336205776984 2
quiesc_stem 4.499402520971237 -3.453570138901632 -2.3679351187824587 2
quiesc_stem 4.157819218393819 0.14533056409209766 -3.7187546326769874 2
quiesc_stem 6.117479522072383 -0.2627980968595416 -2.097733628612328 2
quiesc_stem 6.071901284730467 5.914153751856727 0.5169762102038016 2
quiesc_stem 1.0927279949617672 7.669645833046281 -2.154969291107857 2
quiesc_stem -2.693339306829452 1.6299262003332242 -5.77926045127007 2
quiesc_stem -2.9971584926325967 4.868236830594487 -6.764231798094413 2
quiesc_stem 7.441422519378699 8.890548275393268 -1.6120176847277143 2
quiesc_stem 0.27583453394921853 8.157312062678217 0.9408896849152906 2
quiesc_stem 2.983274935274406 -4.510281751246689 -6.5584974220376395 2
quiesc_stem -3.0903557105781463 -3.7806458773009854 -2.7143165544452286 2
quiesc_stem 0.9982957251439436 -5.930435875516369 -1.8755500759825705 2
quiesc_stem 6.224137867571985 -0.19242588749554002 0.8950836368224959 2
quiesc_stem 1.7019974543516978 -6.30393520865834 -3.833481191704575 2
quiesc_stem -1.8894446693888105 4.0872194945699665 5.22885104838848 2
quiesc_stem 4.085529412832406 -3.4540734038302525 1.5936090356346906 2
quiesc_stem 4.418933683561923 1.7019946802255803 3.0530906913297224 2
quiesc_stem -5.5543437422609925 4.5631011109369695 1.8975489611836334 2
quiesc_stem 0.48171510094892717 5.471539575963524 -5.803600119151444 2
quiesc_stem -5.543830995901418 -1.3301477864016404 2.156418648574268 2
quiesc_stem -1.214017200358251 -1.7780769031885657 -5.5207527990882825 2
quiesc_stem -5.468628249249777 7.839181539825826 -5.875922647532824 2
quiesc_stem 6.861266710911121 -3.610233078465341 -1.120181447170535 2
quiesc_stem -4.420016713264285 0.9267019292682093 -3.2615888011735317 2
quiesc_stem 5.714406794403893 3.716446342739185 -4.604529275583912 2
quiesc_stem 2.6529662948142727 -0.08614145874037027 -8.050846957478624 2
quiesc_stem 2.280572557444713 2.673437337062173 -6.891585728058888 2
quiesc_stem -6.742246416266158 1.9696586744981586 0.9720456158706197 2
quiesc_stem -6.427519197364134 4.369763978460368 -0.14345104748354987 2
quiesc_stem -1.736483789265955 5.1778265117603155 -4.122730937562719 2
quiesc_stem -4.4021242678483254 -2.6225068422716675 1.0036629466413485 2
quiesc_stem 5.7875264918699445 4.1199803563767885 2.2383618285742504 2
quiesc_stem -6.546883887148322 4.455148052440732 -3.338374996628504 2
quiesc_stem -5.221504476165995 5.936269242260479 3.975387445109676 2
quiesc_stem 4.774505954610587 -1.5378940224438848 1.2731978464213949 2
quiesc_stem 3.6920596850570826 6.3122784754933265 3.608633124727335 2
quiesc_stem -3.7334591992454382 2.203349967605905 5.1176510381504325 2
quiesc_stem -6.0293143818861665 -2.105887838699621 -0.5991654911742603 2
quiesc_stem 6.991291738697745 3.596884076691827 -0.22207018765581565 2
quiesc_stem -5.278375799994246 2.572161042378039 2.314243919752916 2
quiesc_stem -4.3519180859483315 2.7186709989318962 -4.494579927995337 2
quiesc_stem -3.695099279116419 6.140566857106418 1.446745692525336 2
quiesc_stem -5.061562097207855 6.0820067711670465 -3.691098419510748 2
quiesc_stem 3.97061450883948 3.702498766645988 3.4666709618744003 2
quiesc_stem -5.557495509611012 -4.278501376405904 0.20816889260172677 2
quiesc_stem -8.295286513446978 5.391634610363763 -3.081312391060445 2
quiesc_stem 3.606759676267722 7.210613461595917 1.4339197117103761 2
quiesc_stem -7.780700249141633 2.408094780942091 2.624131393774576 2
quiesc_stem 7.928370611734714 -0.43385404703175734 -2.9292463003692024 2
quiesc_stem 4.746044234212185 7.805172222524945 -3.45262481435088 2
quiesc_stem -5.350273208706708 0.2103001506083545 4.35199485332871 2
quiesc_stem -6.101344229064959 3.671738635836747 3.768084378921816 2
quiesc_stem 5.454802660560738 -0.21771338536078644 3.307687702724528 2
quiesc_stem -6.040822460066267 0.6664380607960861 2.4200546481244527 2
quiesc_stem -7.897397297765468 -2.697343655819868 -0.9997228975400738 2
quiesc_stem 6.872504180774168 7.081817206373955 -4.6266559201366 2
quiesc_stem 8.409809682404262 6.634457554664502 -2.3829045063162546 2
quiesc_stem 8.622067025503913 2.4724396845293217 -0.49810781711338553 2
quiesc_stem -7.100080155194511 -0.04385219775257859 -3.9369334521324046 2
quiesc_stem 4.273667829665689 -4.291523095300501 -0.29055400712406443 2
quiesc_stem 7.131392415322862 2.881260226283123 -2.705252996486731 2
quiesc_stem -4.011586783999565 6.337158681566303 -7.67492650791203 2
quiesc_stem 4.867988528323699 5.349925154195608 -7.051821180632451 2
quiesc_stem 8.727159564645854 10.411412614307382 -1.7960065785420523 2
quiesc_stem 6.223428198345392 -4.1240624632247345 -3.1283136473972455 2
quiesc_stem 1.2227990461981675 9.613924433805495 -1.7045669773259986 2
quiesc_stem 6.36063406107793 7.270316471133519 1.9583144989849126 2
quiesc_stem -4.442425744180525 -0.341916316417102 -5.154793114968834 2
quiesc_stem 4.335422874067362 1.2510083652494104 -7.292964952663502 2
quiesc_stem -6.0370082345407265 1.0730535765459157 -5.377768984124225 2
quiesc_stem 1.5399782087645884 9.70513206397618 0.8621876328056534 2
quiesc_stem -3.5628296114283957 4.147298713668001 6.322548137708801 2
quiesc_stem -5.376734898604832 7.869485407033582 3.486942180817522 2
quiesc_stem -1.3772075309500362 6.659442511083319 -5.4172326180408135 2
quiesc_stem 5.860482123784427 1.5176799541578923 4.42712350616591 2
quiesc_stem 2.015158537909539 5.597597722427686 -7.0813561871677315 2
quiesc_stem -1.7168776613160115 2.4402203980638797 -7.503251486688123 2
quiesc_stem -5.190022964180844 -3.960495963644447 2.264218679405916 2
quiesc_stem -1.8811230658658387 9.439895359232159 -3.536420622006941 2
quiesc_stem 1.9012618992950587 2.41504922278222 -8.838213326500082 2
quiesc_stem -4.823499711902265 -4.7541847217997235 -2.93439378844794 2
quiesc_stem 7.301809072053184 4.338039032700092 -5.65036699564425 2
quiesc_stem 4.232009323351312 7.799893638360349 -0.5701866738086513 2
quiesc_stem 0.3124735713130905 -7.722685413692629 -1.3120879510604144 2
quiesc_stem -7.306964288852321 -1.4886008781465896 3.08714611083407 2
quiesc_stem -1.8541984590431158 -7.011135729074633 -0.5183469619437246 2
quiesc_stem -4.325287971550613 -2.226175960327444 4.306757211116153 2
quiesc_stem -1.6989741417765156 0.13752962176869277 -7.1200496636218364 2
quiesc_stem 5.956694027162542 -1.5033227782102123 6.062246185051263 2
quiesc_stem 4.850431643269998 -4.17207335770053 -7.1904316831138955 2
quiesc_stem -1.7865212228734773 6.211847314971581 -7.618086743235645 2
quiesc_stem -4.695113953036772 9.358450662888488 -6.9216266999599485 2
quiesc_stem -7.4888840122459 6.064903876006791 -0.14578717190198096 2
quiesc_stem -3.0761141109723753 -6.694080377516729 1.0885960971175956 2
quiesc_stem -7.41890297868241 1.661833488149588 -1.258245744956017 2
quiesc_stem -3.993941590636366 2.852151824182408 -6.681811404824888 2
quiesc_stem 7.129714231880504 -1.7301325644876704 1.7980729080431366 2
quiesc_stem -5.520204650970112 7.221969209494503 -2.113083005428568 2
quiesc_stem -5.610876766712003 6.690045311028221 1.279802448584003 2
quiesc_stem -8.406498058877846 -4.812025085576675 -1.6050041386375287 2
quiesc_stem 8.36801845846097 -2.8082013241643464 -2.1625078050586692 2
quiesc_stem 5.128849115536695 -5.1244114394132465 1.9421127584753222 2
quiesc_stem 1.920555353170161 -7.977510080217605 -2.76045761593867 2
quiesc_stem 3.6641259815279463 -1.8030757485512612 -7.878531164712328 2
quiesc_stem 3.858359353477486 6.5687040650252175 -5.133329790530712 2
quiesc_stem -4.910586362190975 8.885553617961197 0.05294614978612672 2
quiesc_stem -7.373679977710513 -0.3053718243800041 -0.09958879975833113 2
quiesc_stem -5.372932969397705 4.600101150132718 5.508169044863212 2
quiesc_stem 4.6899307740239 -5.580699711284797 -3.756830190011721 2
quiesc_stem 2.8874549699641077 8.547270202757819 -4.805993512432717 2
quiesc_stem -1.0279746864262442 4.154887694312924 -8.543659728323437 2
quiesc_stem -2.3302649143932537 -2.12541554998202 -3.8474758947851377 2
quiesc_stem 7.508289049084892 -0.8271502799787773 -0.7172521321126072 2
quiesc_stem -5.614080560419459 1.9963624117254737 5.766048638089406 2
quiesc_stem 6.70005139296897 1.1372024648091712 -0.6986209766172289 2
quiesc_stem -0.1690151941553274 9.226131504691509 4.26141478709605 2
quiesc_stem 6.374592970833357 2.1349625236502767 1.1487735128882357 2
quiesc_stem 5.577421670680474 5.647218947214077 3.552901562653351 2
quiesc_stem -3.4439395037025293 8.555328500436747 -1.9805682225319685 2
quiesc_stem 0.36995413123447163 8.532326486909444 -4.737591918390911 2
quiesc_stem 5.937509518935805 -3.42518227283627 0.8390661348350542 2
quiesc_stem -7.409964077550513 4.584321185571646 -5.993548799819599 2
quiesc_stem 8.867787172304737 2.8318192941607 1.8659960833563431 2
quiesc_stem -2.951616504765934 -1.8964721565922493 -7.665908100284344 2
quiesc_stem -7.343707772304403 4.347631200526927 5.182192602300093 2
quiesc_stem 5.5869580751161125 6.103746851640506 5.500076780621794 2
quiesc_stem 1.3938805531735963 -5.6150190604236645 -5.696666977490115 2
quiesc_stem -6.647269624078877 -2.867889945202814 1.1436724554895263 2
quiesc_stem -3.8082857164012625 3.9509637762826455 -8.345586524490349 2
quiesc_stem -8.155145959944994 -0.20849823272723383 -2.166121055976748 2
quiesc_stem -4.711921632295755 10.628540119971458 -8.466486005179883 2
quiesc_stem -5.835089737039381 -7.919036919098166 -0.3356517300191241 2
quiesc_stem 3.3354034385483766 3.887597461222968 -8.080344326415977 2
quiesc_stem -0.5957349196552879 10.344033006368067 -1.3047223983856964 2
quiesc_stem -3.0241963151202174 7.6056019489525255 -3.8626814846753 2
quiesc_stem -6.4825290468821 10.004660219993776 -0.4729783783860733 2
quiesc_stem -7.69540299331061 1.3853406144267888 -6.451176469684192 2
quiesc_stem -3.633842544919737 5.718122387979842 -9.53882118226054 2
quiesc_stem 0.43580996992552623 -9.428043311753823 -2.3496536464732976 2
quiesc_stem 1.59194253223182 8.554012660890614 -6.329673945771438 2
quiesc_stem -2.7601595278525943 7.81389474628854 -6.451365786630902 2
quiesc_stem -4.108820478366334 -4.767746651376411 5.564177562505752 2
quiesc_stem 3.5929038226810865 8.8990795031111 -2.1621343853491695 2
quiesc_stem 5.887314999631556 -2.939236571544474 4.561327584987742 2
quiesc_stem -4.7714035145270035 1.0983947255595103 7.341976755399237 2
quiesc_stem -6.803951762947039 0.3504470972643163 5.718441886434916 2
quiesc_stem 3.683208647054405 -7.4405105895176336 -1.9828427288981794 2
quiesc_stem 3.6731361939954477 -7.013916857044553 -4.711826208393486 2
quiesc_stem 5.828775414922022 9.405498711158955 -3.9690048295480387 2
quiesc_stem 7.953589061318138 4.67099480769687 -3.4826797232130065 2
quiesc_stem -8.290425249398691 7.21963168485531 1.2769339295846995 2
quiesc_stem -0.0010823551365438389 -6.2972923277500525 -6.970529345708177 2
quiesc_stem 6.059871870845681 8.572908872786126 -0.20119416087741504 2
quiesc_stem -6.399634395734777 -4.624350752822831 3.7120228800970754 2
quiesc_stem 4.3974357505404225 1.0114482065054575 -9.277597244422887 2
quiesc_stem -8.598758215195199 -2.03260007769916 0.7513364500690829 2
quiesc_stem -7.419057322562718 6.541376089714217 -4.463454545725928 2
quiesc_stem 3.5892375632128237 -6.000350927268388 -7.746985177217296 2
quiesc_stem -1.1280212120151614 -0.28309938755749986 -8.990098857763583 2
quiesc_stem 6.897573258727022 -1.2265484092699446 4.256721366827708 2
quiesc_stem -6.831910511363901 7.917088057199708 -0.7728451446838505 2
quiesc_stem -0.9880771942992054 7.797296033329644 -8.53941160162755 2
quiesc_stem 7.984752218379629 5.322671283676366 -0.03580480837467401 2
quiesc_stem 9.489516517229307 0.3006701089204028 -1.9176645063059459 2
quiesc_stem 5.315439168527353 3.38858273616088 -7.424769766920528 2
quiesc_stem 7.553377581473597 -5.5940764705180674 -2.863184515315717 2
quiesc_stem -3.7871558062996975 0.877036841672588 -7.274828262872818 2
quiesc_stem -6.622795663029442 -1.4084498576512505 -5.318987264448626 2
quiesc_stem -0.7937274775408935 -6.4678516354324795 -2.615035036029062 2
quiesc_stem -3.3702180065234155 10.703595822862697 -3.967300414905113 2
quiesc_stem 10.283453319337923 6.1382984846031 -1.8896645049236158 2
quiesc_stem -4.759013674998206 -1.1287272059828972 -6.966063582381491 2
quiesc_stem 2.2941874755348235 7.344429525551702 -8.01448077882857 2
quiesc_stem 6.695811100550882 -5.471921569144414 0.7488538396925524 2
quiesc_stem 4.502832483929416 -6.278266118746438 -0.27223134287775064 2
quiesc_stem -8.227295523958455 3.5015717657772667 -0.05950191963177835 2
quiesc_stem 8.982776553877326 5.4078803997647285 -5.82295834643296 2
quiesc_stem -0.31647216810121914 9.785015597667774 1.9407666637925098 2
quiesc_stem 0.5143152252363676 4.067213203126429 -9.813956942356011 2
quiesc_stem 7.517174274957288 -3.383243806684856 2.8550014467534006 2
quiesc_stem 7.5473264446170605 7.5227788550935815 -6.457002263477232 2
quiesc_stem 7.581677087766706 4.971102672363546 2.0004239323226587 2
quiesc_stem 4.84847431313432 8.182436605462957 -5.7779534439876 2
quiesc_stem -2.683214763028596 10.294537545672082 -1.350925652578054 2
quiesc_stem -4.603916921717572 4.123850819701672 8.030057261732269 2
quiesc_stem 5.014523909303862 7.811436000502305 3.54850749960528 2
quiesc_stem 8.540435739639033 -4.531865239623939 -0.5448680260867819 2
quiesc_stem -2.142806870789216 -8.773891011800803 0.3813190860376209 2
quiesc_stem 1.2975095876810063 -7.676386008299653 -5.230896079373986 2
quiesc_stem -7.4242851481459535 0.84122912620046 3.8537488533670254 2
quiesc_stem 7.345496947409466 0.608814347669268 2.344417242180172 2
quiesc_stem -8.719622288701999 5.038392904609306 3.227947952693224 2
quiesc_stem 4.658398579891 8.8593746859555 1.8530164087080028 2
quiesc_stem 8.233232991701174 0.7594610515432416 0.5288421022624656 2
quiesc_stem -6.486946759603848 4.295468033878443 7.141010721117145 2
quiesc_stem 9.474574207172829 -1.073144092894487 -0.4466791824478422 2
quiesc_stem -0.9011934624523115 -2.330127157067744 -7.417429320320749 2
quiesc_stem 1.136682742051257 -2.8119345652391567 -7.837308431167446 2
quiesc_stem 0.22280212236970787 7.0555647856542 -6.996842845753054 2
quiesc_stem -7.277905664807736 -5.2139664680922815 0.6144864533004786 2
quiesc_stem -6.88450700657982 6.518964409038906 2.812315853768039 2
quiesc_stem 3.888504007925996 9.754984381876373 -0.326005833256987 2
quiesc_stem 5.688015346863491 3.7762495709423676 4.488969930092632 2
quiesc_stem -8.273058933360598 -5.797946766013159 -3.3399832277986894 2
quiesc_stem -9.04504105767117 1.2737352680743745 -0.16049590112218892 2
quiesc_stem 9.70263662777873 4.0994901853057675 -0.06790321164900898 2
quiesc_stem -5.623658743693126 -2.3994831553893703 5.818113540439527 2
quiesc_stem 1.5978794715014841 -0.22536288917349026 -9.7441895656297 2
quiesc_stem -7.343418631453164 2.7995941183398094 -4.945675134494728 2
quiesc_stem 1.65705654215146 11.452722600716431 1.827703028719813 2
quiesc_stem 4.69951308410741 -2.3393108766234176 -9.503469759008599 2
quiesc_stem 8.043884178638914 6.744344411540386 2.9017245022487614 2
quiesc_stem 2.9520747094424533 -5.5132431880147985 -1.3578774525323394 2
quiesc_stem 8.557952233781684 7.208714737114862 -0.3878436758910784 2
quiesc_stem 7.110441645094778 0.6154843062656774 5.701346488225935 2
quiesc_stem 6.534481035555747 -4.996655606706961 -6.494700586377885 2
quiesc_stem 4.200001850634886 6.344591511865963 -8.653205780080395 2
quiesc_stem 6.447022285806315 5.749358726452537 -8.212469798468357 2
quiesc_stem 9.547046553832056 5.687595322472966 1.1583756031719394 2
quiesc_stem 3.5891414312590326 -3.8291527974477915 -8.763573926134065 2
quiesc_stem -9.33723805790892 5.203099943333087 1.1798979419814182 2
quiesc_stem 2.8282045512758898 9.271055679706256 -8.068678794886278 2
quiesc_stem -8.539180553473502 -0.8419722956476453 -5.40005589848278 2
quiesc_stem -8.869724286512083 4.294510524726836 6.473878242139749 2
quiesc_stem -5.197950682038992 9.26974621108316 -2.6232595333379205 2
quiesc_stem -1.2582658287399353 9.109749524291633 -6.706465200374342 2
quiesc_stem -2.28284755577564 -3.7800842300440056 -7.596961384530848 2
quiesc_stem 5.261711188212671 -7.813808809826736 0.7603439599719951 2
quiesc_stem 7.332301786291054 3.7131724088960567 -7.550001670215694 2
quiesc_stem 7.992807343123021 8.643582377151874 -4.073654676217402 2
quiesc_stem 5.327572859991425 11.101319842474556 0.015258970892173707 2
quiesc_stem 0.5480598413356771 -9.29547112330378 -0.09930428485287868 2
quiesc_stem 7.187682953152226 8.097427643466432 4.100092237526902 2
quiesc_stem -3.6936829812774588 -6.579875501525495 4.694740424613059 2
quiesc_stem -7.822278589624352 -0.39233667065438227 -7.35879205635427 2
quiesc_stem -2.659004697470295 3.6024878761440386 8.59752584161825 2
quiesc_stem -8.092982805133305 -3.347802191409225 2.439665369847704 2
quiesc_stem -8.921720994210972 -0.1847641017723326 4.693405797049095 2
quiesc_stem 1.2779213733317762 5.793518700747893 -8.93016562391869 2
quiesc_stem 3.416099529060406 10.370948852540991 -5.434269815075831 2
quiesc_stem 5.89286527765077 -5.399018953479681 -1.6232508236524592 2
quiesc_stem 9.288013273925994 -1.1870968575258645 -4.187815765908687 2
quiesc_stem 9.159533107214207 6.949461978017007 -4.210111938317231 2
quiesc_stem 7.362890585807479 9.480358206977105 1.014814858141627 2
quiesc_stem -5.98769992018793 5.278794539797885 -7.454836853109265 2
quiesc_stem 4.479780666231246 -8.80403594563409 -4.331302432423061 2
quiesc_stem -9.626183736517245 -3.7830784018445947 -2.810672239649609 2
quiesc_stem -3.864899286237322 8.916704855544236 -5.117363788161581 2
quiesc_stem -4.360045793947155 10.796490148757306 -0.1597194515383536 2
quiesc_stem -5.804606935375808 9.431012935775033 -4.712655210810115 2
quiesc_stem 7.013284724421822 2.2712391138394152 6.818949525964203 2
quiesc_stem 0.9197054630348962 -3.676114897219506 -9.627870693198282 2
quiesc_stem -7.6181395034395365 8.03581795195272 3.8897845024540167 2
quiesc_stem -5.129955203562911 -0.4230282268426999 8.589659762494083 2
quiesc_stem 7.683106876254648 -7.0157073873440785 -1.4624219207265963 2
quiesc_stem -8.171526010956528 9.03492024476273 0.44591623099632827 2
quiesc_stem -0.746017914572587 -2.515641257380597 -9.402751729383152 2
quiesc_stem -2.994480315331298 2.0303368074536388 -8.986399119461595 2
quiesc_stem -1.3862329436917626 5.930002003981745 -9.557244424865168 2
quiesc_stem 7.634891517898672 -3.5372178401329752 5.328396496636931 2
quiesc_stem 7.368185094529454 5.21771457667373 4.333088947511258 2
quiesc_stem 0.1316065546567673 11.201356625548604 4.351483017212079 2
quiesc_stem 4.043177144444829 10.346143566213506 -3.4672242416370045 2
quiesc_stem 5.606772305383802 -5.311354205773175 -8.649879507480401 2
quiesc_stem -7.7153842745092955 2.961694560319412 -7.835813511301634 2
quiesc_stem 10.275194183075836 -2.2076960367426723 -2.11696491078996 2
quiesc_stem 6.100125862886874 10.354043031571361 -1.8551357176316434 2
quiesc_stem 8.920292864195753 -5.33430322916596 -4.30291677235708 2
quiesc_stem -7.983958759075173 1.9593377251899924 5.580404078347482 2
quiesc_stem 5.488598323215919 -6.9051360556340535 2.7785339136115548 2
quiesc_stem -2.1570211899894964 -0.24120874636973583 -10.704567935790275 2
quiesc_stem 3.795272122259979 3.629183667745956 -10.009526304634253 2
quiesc_stem -8.930982917143009 -3.9401662326953693 0.1780261461124708 2
quiesc_stem 10.149350421271883 1.1232576825088167 0.971725842530079 2
quiesc_stem -10.210204424224223 5.507903342717957 4.476036429432364 2
quiesc_stem -9.249548595614552 2.2434026886778096 3.9714847437943033 2
quiesc_stem 1.3584625887126789 10.003929369709457 -3.811721525285728 2
quiesc_stem -8.325916516835338 6.966292987422926 -1.72276981482522 2
quiesc_stem 6.93818958977568 4.174640997247064 5.998389896108003 2
quiesc_stem -9.555984405658798 6.742814914650954 -3.846134337580713 2
quiesc_stem 11.49077716526855 4.843380703939385 -2.820017702568596 2
quiesc_stem -1.949512723408859 3.7801255261191233 -10.278687383343641 2
quiesc_stem -7.089555594477902 8.127117239062425 -2.960340145074211 2
quiesc_stem 2.37651587878472 -2.049865608725882 -9.388880458163538 2
quiesc_stem 8.066655226515927 -2.669143727203714 0.3012764593346795 2
quiesc_stem 1.7315843184482653 11.459314547554744 -2.2839398061831444 2
quiesc_stem -0.222238832310867 12.276409792955619 -1.6602791834369404 2
quiesc_stem 1.9065592265313116 -4.998848687200179 -8.171564572418824 2
quiesc_stem 10.089630169512153 2.981161942185005 -1.7580522932369775 2
quiesc_stem -10.166186564023837 3.5130170469029554 0.4309779885134337 2
quiesc_stem 9.235096139369295 4.915188662655765 3.124291835288125 2
quiesc_stem -10.845975662113151 0.2501540466261163 2.6079460460494994 2
quiesc_stem -2.3403519300395277 12.089239715774251 -2.1642455148618134 2
quiesc_stem -0.27820406795959823 11.720812018370092 2.4419929301709264 2
quiesc_stem -1.0115532315802356 10.734165822680946 -4.788903065294896 2
quiesc_stem 5.372258851441981 -8.509471313571243 -2.049418831886186 2
quiesc_stem -7.940717556549773 -1.8408972080943156 -3.684034282010123 2
quiesc_stem -10.34652951626503 -2.438935504994485 -0.13194549794151522 2
quiesc_stem 8.669441666755484 -2.1339226806166884 4.063966921149652 2
quiesc_stem -7.229891929045857 -7.984739348088798 1.0962037221822003 2
quiesc_stem -3.1395253396675815 9.411104634149602 -8.177561262453771 2
quiesc_stem 0.852947689806079 11.245052199246363 -0.21328205203397987 2
quiesc_stem -6.686470661321832 2.0846951696861833 7.451924314216697 2
quiesc_stem -6.487852507005127 5.731350302625616 8.533218065559458 2
quiesc_stem 8.365944575349989 -4.2046564524678285 -6.6306367555487205 2
quiesc_stem -5.354479323251007 2.9203724146031025 -9.085293747226807 2
quiesc_stem -10.087434016864545 -0.6829782860707219 -2.3689301880818516 2
quiesc_stem -4.3570652554040805 -3.381289573266213 -6.714216910382684 2
quiesc_stem -2.110059428608678 8.716932524122926 -9.916155801068879 2
quiesc_stem -5.07290439343159 0.8841958877809923 -9.970626854855704 2
quiesc_stem 9.310612580722342 -2.039077027148825 1.735007973390822 2
quiesc_stem -7.051337299545368 6.891297644048624 -7.973015648521981 2
quiesc_stem 9.224809940656376 5.169175280637153 -7.793856544155652 2
quiesc_stem 7.163275803826937 -5.664620502390952 2.6838845558096573 2
quiesc_stem -2.327637674414209 10.7931136659812 -6.555703726008563 2
quiesc_stem 3.6430922620310677 11.420854322488175 -1.4051955366654427 2
quiesc_stem -6.360868295643364 -4.147435410634183 7.159851874246812 2
quiesc_stem -5.1032947556751544 -2.504651515264313 7.746366878581393 2
quiesc_stem -0.760744275696451 9.86625551860848 -8.74957517753145 2
quiesc_stem 6.9136210404977465 -7.64516180011683 -3.321611061214112 2
quiesc_stem 10.976103150015957 -1.0030831914037126 2.754854851295247 2
active_diff -5.510442058782952 -8.806695567605086 -3.6517539058985102 3
active_diff -10.17733643938889 -6.284381883513881 -3.710264278484152 3
active_diff 4.217281544406909 -4.097851379977536 8.914182561575032 3
active_diff -1.3067331768779658 6.299113106628138 10.04895870133847 3
active_diff 6.559385164827761 -6.324506060929085 4.677410230609377 3
active_diff 6.162836026035643 4.120626416962046 8.292469860713377 3
active_diff 4.573256510686259 0.3552487838331296 8.847292789996935 3
active_diff -3.9522448283255565 -10.394302151861545 -1.9870411046828682 3
active_diff -6.454812991766782 -9.95382902902173 -4.990502710803121 3
active_diff 3.3756845836201426 -5.757833928288696 8.087962699444793 3
active_diff 2.406259368827702 -0.4082062459198035 9.693654028698846 3
active_diff -2.4643227110111487 -5.817087699868146 8.905666666143627 3
active_diff 2.696262306504688 2.586677517061693 9.943282561191005 3
active_diff -0.2384256364514105 9.466354195726964 7.431249246334444 3
active_diff -6.949819191429492 7.643730902314531 6.8681667596951765 3
active_diff -1.071778594008383 -1.350983937574318 9.96087569669203 3
active_diff -4.42410771525523 8.203171397250248 8.242985132908377 3
active_diff -7.46122299526492 -3.576002024453205 -6.926506858983304 3
active_diff -7.26347069978856 -8.66244023247724 -1.8282891346362644 3
active_diff -11.012954528168896 1.4297689124346258 -0.5080305070191562 3
active_diff -8.307141300630317 -4.184413458906966 -4.706709303668367 3
active_diff -1.107103206528188 13.161459872490417 -0.00037341783066441314 3
active_diff 2.8955129652901967 -9.320595397163473 5.280766157958393 3
active_diff 9.16513670504085 0.4738844455425417 -9.74306090776301 3
active_diff -0.11393180274605419 1.6590097953304497 9.585684965481864 3
active_diff 5.435952415204127 -8.82141011525997 3.6730686221894753 3
active_diff -5.4701254334595415 12.007796699654913 3.604445486866528 3
active_diff 5.248703375285106 -0.1821643807758233 -10.637976758582532 3
active_diff 7.067019562984288 -4.214250714659512 7.320075177113907 3
active_diff -4.734937573290795 -5.954051529690957 7.047639095249512 3
active_diff -3.050794932485844 11.732893451074984 -8.321359139096511 3
active_diff 1.9298799385569951 -0.9074409213419712 -11.594742252777001 3
active_diff 9.359926110694282 -2.467777824502153 -6.57834851102564 3
active_diff -0.5025538644497375 3.828207950374976 10.564161385319071 3
active_diff -4.745505444148782 -10.610604163793287 -4.052734893216273 3
active_diff -8.514367434157897 6.804422894934485 5.926131553642467 3
active_diff 9.892496225147745 -0.38471773597311243 -7.2277573387354375 3
active_diff 1.2956773854025443 -10.377449331070956 5.8496122528819825 3
active_diff -6.0692025718507265 11.281530391689415 -4.001617733236258 3
active_diff 3.5381360003273654 -4.457071230237688 -10.661761716574766 3
active_diff 11.555335680686891 0.989137204785384 -5.465425743808395 3
active_diff -8.283877019618062 5.979099146873873 9.377561870100667 3
active_diff 0.2583656094408495 -9.483166288385439 -5.2329237605171635 3
active_diff -7.373802694161687 -10.055469191490669 -0.3974512086755333 3
active_diff -3.087578136890629 -5.905008600319696 -8.672896752892546 3
active_diff -6.235818170059756 -4.424966942942457 -8.259789117748657 3
active_diff -6.114033484438 -5.722896424867342 -6.602562112673505 3
active_diff 8.527719503754149 3.568835976412877 4.639458860788655 3
active_diff -10.7869533051825 4.374578039905328 -5.027435349720538 3
active_diff -0.5250474570607513 14.745830961234695 -1.0732104779955187 3
active_diff -2.4972535338247095 -0.0770187105684268 10.588211030178176 3
active_diff -3.1591688094742008 -9.171946805024948 -5.1152391080763255 3
active_diff -1.1291101319383803 -5.899989769417335 7.4089077440685305 3
active_diff -1.570672362211992 13.739739780162083 2.4571217606000735 3
active_diff 1.3184015323386848 -2.8116309279711107 -11.582309337494106 3
active_diff -11.447036084599057 3.1683784549290697 -1.3961803035706328 3
active_diff -2.5427922482148273 -5.0464310372600645 10.749556803898265 3
active_diff 4.148564655314516 8.731320819555581 8.151613311618215 3
active_diff 9.816271842462474 0.698891767067674 4.701852981811617 3
active_diff -1.889624342510827 8.376065093522186 9.437974848800934 3
active_diff 0.8968906643679538 1.341450026929135 11.281973187887022 3
active_diff 8.654687377265061 -1.4467766450881152 -9.967788428798377 3
active_diff 2.2465247422593886 6.717875669830143 9.55494036200372 3
active_diff -12.088422565986358 1.988797109353261 -3.480636097875038 3
active_diff -3.9023328123337815 11.571457539265584 4.76704362648931 3
active_diff 1.7781163546338519 -9.96119477801785 -7.0970472375895195 3
active_diff 6.650378245664543 -8.090621134688398 5.611518257274369 3
active_diff -4.389775309341123 -10.75921276754524 4.131361331544365 3
active_diff -5.404235182662372 -3.9325451919082326 9.172818763815467 3
active_diff 6.825468380294363 3.3415483254884375 10.011177424691434 3
active_diff 6.518714431056059 -0.21451913555218216 8.131228514003656 3
active_diff -2.183321217549829 10.693462196095147 7.159658979290196 3
active_diff -10.300044502755132 -4.329860305729879 -4.62196237623186 3
active_diff 5.44369162591492 -2.3772168503775113 9.262426257389054 3
active_diff -5.998411654272884 -11.71395010323118 -5.823372222345926 3
active_diff 4.330582034243275 7.028733937272705 9.188913804321983 3
active_diff 1.3800083000492729 -0.8590819082556775 11.350011442104636 3
active_diff -2.4959098982096632 5.0510393254724875 11.062946157984081 3
active_diff 1.6196102669529093 -9.92201842021438 3.7244782573357558 3
active_diff -5.1846275708458744 10.114545085492646 7.64135579778454 3
active_diff 8.161961887321837 -3.055216716602402 8.936271414291921 3
active_diff 7.432496469190705 3.552217671183724 -10.415828697620988 3
active_diff 4.0861910343883485 2.272283669815998 8.506640398567487 3
active_diff 1.9107747205090164 12.221287713707934 5.013953796501478 3
active_diff -1.8511956394339628 -9.47532718193887 3.4056856481547344 3
active_diff 3.5117303554001005 10.886074767018433 5.955682819104465 3
active_diff 4.243878008457976 -9.974430409133884 1.5007203413934527 3
active_diff -6.1450157050898495 -0.4838200658919578 10.31185502742338 3
active_diff -3.1450655453213496 -12.222759973233424 -2.05917709121399 3
active_diff 4.001861377962182 -8.48589875606856 7.250105838780021 3
active_diff -11.279673833833959 4.6507818654616955 -3.0141931495055205 3
active_diff 7.581424628754263 -4.836474153882961 -9.395674975847607 3
active_diff -2.6524964684551025 2.748040396349101 10.4058060044324 3
active_diff -8.222720143592992 10.16151217396854 2.5084306200671542 3
active_diff -0.09872891410381268 13.173134330643766 -3.4437113810863114 3
active_diff -0.9820596236627359 -5.725547720876213 -9.608444787660957 3
active_diff -2.826366310649245 -8.517272507825396 4.916832824320014 3
active_diff -11.758246850418649 5.493107978064388 0.022554315638585898 3
active_diff -1.6829332031811326 -9.976033821825919 -1.2516315983184096 3
active_diff -2.2260955138088567 -8.002643512900875 6.950929559587416 3
active_diff 9.4561503623297 8.266270990041242 -1.8906077526634084 3
active_diff 0.918969688835559 9.290957576250205 9.359353533808497 3
active_diff -11.375435167744362 1.9304180333574517 -6.819785804905919 3
active_diff 1.5148737628434221 -11.550814294156618 -2.635932577334996 3
active_diff 0.5670559476831969 -9.974565417713865 1.858323236582979 3
active_diff 8.926995260785688 8.723507870521821 3.3366682100002363 3
active_diff -9.895831128346064 7.573833432553947 -6.637741284703403 3
active_diff 6.6693587569444155 -10.000517441436221 2.6297974639988864 3
active_diff 0.7914562981302485 5.3640335449521865 10.123890439538075 3
active_diff -10.784244097058728 2.618193706094992 2.4167997441620512 3
active_diff -7.437047889851176 8.40016578978585 8.654339891407375 3
active_diff 2.699808385630572 -2.7647926097773388 9.241273240007205 3
active_diff 3.792253789428184 2.290017695771021 11.589731959074506 3
active_diff -0.10583752373757566 11.458171638461263 7.554064828352308 3
active_diff -5.707104184644583 7.4304768193209 9.568452276512112 3
active_diff -3.4416679825126226 -8.983376764417976 -7.239107617795234 3
active_diff -9.90698909209982 9.572568296671907 -0.39020724449452304 3
active_diff 6.23698825967677 -5.951696167761908 7.860751913272801 3
active_diff 2.1312516146929017 -7.885043501152458 8.309001772114417 3
active_diff -6.014940995764494 11.405668966817535 -9.769640368187277 3
active_diff 5.385139924682888 1.807900799916907 9.95663829174331 3
active_diff 0.037965517879901434 -5.281159246900224 10.425971300973346 3
active_diff -10.793661061394443 0.25262570816815694 5.245248654240672 3
active_diff -0.6114637796347415 -9.828164482041148 6.703345311983704 3
active_diff 1.7874259653870348 12.143352357115761 7.908003860283099 3
active_diff -1.9774960938976212 -3.1327055490166913 10.21790960140856 3
active_diff -0.9213389322167498 1.7937660471777936 -13.090983222478089 3
active_diff -4.427052865877823 13.00460045347561 1.8300635294291836 3
active_diff -4.1632424448900505 -1.9217470714802687 10.18867229280421 3
active_diff 10.939843760226761 -1.589076479316787 -5.241318698126818 3
active_diff 10.161604207612701 1.5158832182584403 -8.005068848552186 3
active_diff -0.596987173138053 -11.77816688927885 -3.1137897663835465 3
active_diff 2.6567746203872287 -5.914254202401007 9.94772106079475 3
active_diff 3.9844165224238606 -3.6840508295523 10.857000871660823 3
active_diff 9.682466449571237 -3.1850656118562175 -8.417224787426488 3
active_diff 6.260244861137174 3.2861181669863346 -12.014270820840284 3
active_diff 1.7890079235057823 -2.906580005446977 11.016192633281866 3
active_diff 12.230378957731817 1.2023438190476063 -0.727504091943882 3
active_diff -2.0549174494203584 -13.857843554902573 -1.6875875192943406 3
active_diff 8.434323887204084 13.107575832208136 -0.3356033991036282 3
active_diff 4.728128794627299 3.773218459889254 9.66211028909997 3
active_diff 6.152867101294848 -3.599394155802172 10.67782470984849 3
active_diff 3.185835220959668 -10.741579701357022 6.657906889727869 3
active_diff -8.394790063563232 9.024961231483054 6.933450421281185 3
active_diff 2.4508221260355016 3.83967664130678 11.482682545747423 3
active_diff -0.5631450635417216 -6.759959855871622 9.123589927961094 3
active_diff -6.2257792148584326 -13.124135092560177 -7.223258749270359 3
active_diff -8.543144576107569 9.773028228180744 9.598690909777691 3
active_diff 2.828896789111896 9.858841339903346 9.145179715592771 3
active_diff -1.1409829767603776 1.4607243047104836 11.290339989281518 3
active_diff -5.922885709285897 -10.257153853038071 -2.337957499533122 3
active_diff 0.36873960087101904 -5.777758421357522 12.33489187709738 3
active_diff 8.330805690928141 -11.107880600979845 2.514294570348388 3
active_diff -4.2137637788655855 12.162292866685743 6.652229126369198 3
active_diff -1.5159206407331294 -8.903583600577425 -6.705131750706158 3
active_diff -11.138511965393986 9.100460671070458 -6.991511848562702 3
active_diff 3.1566683704426026 -11.03440796884024 3.091989618224646 3
active_diff -5.978807359312671 9.282666742569694 10.27241951516098 3
active_diff -12.601482090266085 1.054120122139961 4.946267330507111 3
active_diff 2.7968247184948667 14.983715769512665 3.1847930891335747 3
active_diff -1.0695052962188327 10.290888619008301 9.05280701093766 3
active_diff -3.7125481997103136 -10.841830429845878 -6.066690593973962 3
active_diff -3.6957196961928633 13.614181017944956 -8.533088069330217 3
active_diff 10.054245846656073 -3.2693860597253623 9.547330257377126 3
active_diff 5.677849215117112 -3.8551168361583414 -11.756862110214094 3
active_diff 9.679284520057132 -2.399887944524883 -11.396696944368314 3
active_diff -2.9055808938476204 11.160461622011132 8.96527590881549 3
active_diff -7.222932182770454 12.800133946617 3.056841445020002 3
active_diff -1.7310932241384687 6.614877868604567 12.047560024470437 3
active_diff -1.0663129177308273 15.443568685922788 3.3750480161658074 3
active_diff -13.06864418628372 4.211995004917451 -0.8658486515442698 3
active_diff 4.806772074355379 -9.44346759402739 8.810612388398443 3
active_diff -12.763744785277526 1.422697468017303 -1.4748207998372787 3
active_diff 4.7761055221595425 6.783220863592712 11.123140304080252 3
active_diff 11.132178696251579 -3.3893226919108184 -6.6777257233945795 3
active_diff 8.034202682713772 -3.4749203018590915 -10.788931284604757 3
active_diff 10.521885298002855 1.4386699520940707 -10.851402994775736 3
active_diff 10.10832045712063 -5.039791653480196 -7.801887745817609 3
active_diff -3.661297728860446 -6.970035363224009 10.01830429457749 3
active_diff 11.035088095586174 3.0817646040853104 -8.891094459339858 3
active_diff -8.523865034805404 11.985054823100953 1.7442291012962206 3
active_diff -0.1103935115736534 -3.118405425096619 -12.94775217057242 3
active_diff 4.850961524617845 -4.718658675998956 12.33303825711 3
active_diff 4.524921895049185 11.95752134568276 7.3067731688043 3
active_diff -1.9119572030135215 -3.221624542948212 12.214856788066207 3
active_diff -10.868749252821903 10.905411591220926 -1.5297449338332958 3
active_diff 11.551845338855435 0.6282612961525464 5.693213650386187 3
active_diff -2.4142245433558465 -6.829712832697686 -10.46268307329132 3
active_diff 1.8064204416205123 -12.121428820346035 5.014341595242817 3
active_diff 2.234730384979909 13.78358026562949 6.219895216997372 3
active_diff -3.1384833300263133 -10.081445978738067 6.123458001874411 3
active_diff -0.1019152110456657 0.3952613829398922 12.733563306765292 3
active_diff 13.496433273632906 1.4399447296815702 -5.295388365105477 3
active_diff -1.7054418858607798 -8.600758478341408 8.787006433746168 3
active_diff 1.7788962816253 7.679305063213965 11.245199852242603 3
active_diff 8.456496323563648 -6.903681021573043 4.421430511954075 3
active_diff 1.4353678486421266 9.802639083824412 11.222553731145052 3
active_diff -0.4280758157924238 -10.271412647133438 4.563691649721402 3
active_diff 0.020875091030276516 -11.613952207355693 2.865347280870772 3
active_diff -0.483225578826334 -11.565969625167142 -1.070508001515936 3
active_diff -0.1505360492309158 7.8828801657539085 10.442519502802256 3
active_diff -11.538850059886403 2.923407809511305 4.243658849824197 3
active_diff -4.31541842742603 -3.3638612890654125 11.566042632900873 3
active_diff -2.7047765287153327 14.267579408653463 0.4728490745446862 3
active_diff -6.045021393952629 11.610687139256855 8.651940491968038 3
active_diff 4.700995358154151 -7.042581348464604 8.858011670131344 3
active_diff -11.261132091865283 12.266518746348847 -5.812214832664363 3
active_diff 4.698411787548913 -6.068630238369047 -10.899748398761155 3
active_diff -3.8296257893085697 -12.329088265875146 -4.508779681303671 3
active_diff 0.6195942738825093 -11.302488369749797 -5.980975240193365 3
active_diff 10.116871588304601 4.135026790600721 5.713713771923931 3
active_diff -12.696187542543447 6.043312838120224 -2.781069999164797 3
active_diff 8.06061616450915 3.9050041731310325 11.479825598661858 3
active_diff -9.226084459355427 -10.109509195217598 0.3549661890020853 3
active_diff 4.687942072085495 -10.201862702573203 4.911951659755067 3
active_diff 5.1246776623273185 -5.387527893563516 10.144372293074886 3
active_diff -7.481949515508674 -11.37528542758454 -4.029018301891426 3
active_diff 8.389292753761193 -5.6405038817132525 7.78633209386886 3
active_diff 0.4816163737973722 -10.499612657523782 -8.521545039174114 3
active_diff -12.677248291378248 4.986064061659175 -5.257369493254877 3
active_diff -0.35443043831205023 4.516087608756233 12.436294133340567 3
active_diff -1.6531254492585252 -10.836782827661306 8.080890229187874 3
active_diff -0.5489812392689908 13.40286281842135 7.4064170651777275 3
active_diff 9.809794848556454 10.494338636346752 3.6279125861513575 3
active_diff 2.40077710028558 -9.847115610629357 8.58762167418335 3
active_diff 4.699090288559998 -11.899559403894415 1.2063394086266976 3
active_diff -8.578221187756885 -2.314168884604696 -8.003582606156982 3
active_diff 1.7494868409204543 -0.9023869059732988 -13.58658380954143 3
active_diff -3.905173773402511 8.928169459722428 10.033260355717648 3
active_diff 6.285755940880012 5.31710386407131 9.890384881324158 3
active_diff 3.1936237788289255 0.18524544274935617 11.433732296788861 3
active_diff 7.189048144433341 -1.1100975564292728 9.789116328293007 3
active_diff -0.64517058932385 -1.4073320393616267 11.914034804845805 3
active_diff 7.363245190581381 -8.90349902971368 0.8976244551782881 3
active_diff 3.3693829081179336 -12.257910366638525 -2.3893337647387805 3
active_diff 11.307010428589841 -0.6889432010798142 -8.608552919059036 3
active_diff -5.477182262156465 -10.025959452069587 5.641290367728786 3
active_diff 2.275486267809042 -1.0104178515758502 13.131925200263607 3
active_diff 10.404933289470737 -7.921256611527244 -1.2717090500083883 3
active_diff -1.9789370107863322 1.786421957995135 -14.7884614605006 3
active_diff -6.201460032607134 -4.31141111634276 10.967503457552203 3
active_diff 6.974859520873057 -6.304273547156418 9.685919081901446 3
active_diff -13.905296697835746 1.1668884157597526 -3.3275528250724853 3
active_diff -3.575386481641468 14.664086542360673 2.5517076874175464 3
active_diff 4.727491386960183 -0.8593378675582803 10.42874492939369 3
active_diff -0.19294188958509717 -13.731499302146293 -2.968050637526318 3
active_diff -9.371827928420732 -4.02032234619469 -6.391795797392982 3
active_diff -4.4275713449266085 -11.732782525320532 -0.5790158945104786 3
active_diff -10.232883186492574 7.816060314390117 6.078753113504548 3
active_diff -11.840825916983652 -5.935735796315109 -4.764422076829586 3
active_diff -6.722626329474375 -6.031559175964439 -9.346931800528058 3
active_diff 6.8046956443917646 -9.886021608638833 6.479114522013109 3
active_diff -13.545845606515694 6.319057092616796 0.37226669370145943 3
active_diff -2.9739300336199266 -5.87079545822686 12.520021011794055 3
active_diff 0.798945413488961 11.37603167116196 9.468172172814368 3
active_diff 10.668809170526444 -1.2395633346799864 8.711999080839664 3
active_diff -8.917594105580019 -9.42190053830939 -2.6572015559922266 3
active_diff 2.469551714790805 -7.08068935811965 11.561529169314365 3
active_diff -5.412157199825924 -7.066963651996293 -7.906729651779214 3
active_diff -2.5748283867145405 0.15726213858203586 12.57292628076715 3
active_diff 7.315498522202189 1.4279193584880716 9.597013780408249 3
active_diff 1.3346071001932567 5.852672078701224 11.985669048705637 3
active_diff -7.661637991070609 -0.7357093507817742 11.591076911939194 3
active_diff -2.2678486387903756 8.81477295945497 11.352258472006373 3
active_diff 3.1622403327624444 1.317683900925061 13.219962015177185 3
active_diff -11.456637216833196 -3.4607069367785654 -6.0028554622389265 3
active_diff -4.267037765522553 -5.579955436335218 -10.255052062908325 3
active_diff -0.03395742890825154 16.61951645906601 -1.5713402195948287 3
active_diff -12.410395219452688 1.036225457022986 -8.27899015241734 3
active_diff -4.231790090951563 -7.582291554332977 8.094385021044996 3
quiesc_diff 0.0 0.0 0.0 4
quiesc_diff 0.3561244331103278 -2.4743725925520303 -1.486446365896891 4
quiesc_diff 1.2381620953098533 2.476818377204272 2.509548207494003 4
quiesc_diff -0.49751139310050796 4.983433081312333 0.9801349832473609 4
quiesc_diff -0.5020978645952632 0.6089585815455696 1.837679836187709 4
quiesc_diff -3.8328633129354603 4.722690010137169 -2.889501737437535 4
quiesc_diff 0.1762930001502635 5.018763984054231 2.8628828067615464 4
quiesc_diff 1.247196253229779 -1.6207289239300158 2.2867169495707156 4
quiesc_diff 3.145879098820105 2.5871436663993608 -3.3039656824879198 4
quiesc_diff 0.004658949516944233 2.745983543452873 4.060683308830234 4
quiesc_diff -0.028219809002731633 -0.386728416497507 3.506226206641886 4
quiesc_diff 2.307866986458667 0.62860483579033 2.597374750636291 4
quiesc_diff -0.9710288969759561 -3.4839354731780254 1.941628296882719 4
quiesc_diff -3.6388170849948684 4.6777583938112555 -4.879558824879091 4
quiesc_diff -1.6043833863898556 5.497500279878347 3.637481519308262 4
quiesc_diff 4.635118066287085 4.338171556235093 0.6183780567573758 4
quiesc_diff 5.007102469913168 2.0209249077063105 -3.7679095155120033 4
quiesc_diff -0.5573798718095255 -1.9986700328295437 4.565298372958786 4
quiesc_diff -1.8554129004141118 0.6387978787139985 3.30997329544477 4
quiesc_diff 0.4087768872867602 4.478971133200492 4.97361414200075 4
quiesc_diff 2.0825535841521026 3.069934022802616 4.222795663209968 4
quiesc_diff 2.1218583900803836 -2.88665795126987 3.5643670754261096 4
quiesc_diff -2.0459159582643616 -2.356373178791931 -1.775917447418556 4
quiesc_diff -0.2606962084213621 -4.618851176017791 3.427358359518097 4
quiesc_diff 1.8542364021344762 -3.960492153317851 1.8738174123945193 4
quiesc_diff 3.3848385499766813 -3.663020443555732 -4.791891936979628 4
quiesc_diff -1.4270041363759987 6.660287973468423 1.5495214169199518 4
quiesc_diff 5.272241953245666 -1.7875335211675427 -3.702201932614464 4
quiesc_diff -0.6605997141952021 -3.115313216402705 -3.0850292148552274 4
quiesc_diff 2.996666651616608 4.986582360579454 2.2823758570960813 4
quiesc_diff 3.9457099055402436 -1.4506586933163153 -5.160566796690209 4
quiesc_diff 1.6414620925042627 -5.222290708042599 3.5602287076376893 4
quiesc_diff -6.409432438269426 -4.9191598243143755 -1.5891594316502144 4
quiesc_diff -2.219154156724936 -0.10051292664254563 5.132365084150064 4
quiesc_diff -1.5991730632940433 1.905128187020959 4.909615075371229 4
quiesc_diff 2.154651392899489 -5.434181335838177 0.5554885358822008 4
quiesc_diff 1.8259106096770668 6.88922008598023 -4.453866573110261 4
quiesc_diff 5.7350793428261095 1.953672857154519 -5.629502068731013 4
quiesc_diff -0.3657695094477893 -5.348521264741979 1.5454201448882763 4
quiesc_diff 2.8267982407843597 -3.5593935199387094 5.310931320318713 4
quiesc_diff 1.0624880180052751 -0.7384396928374237 5.145328282230475 4
quiesc_diff 1.693140060852766 5.981341642725031 3.741870432081732 4
quiesc_diff -3.237369582760436 -6.623082604397776 -1.9507360632932371 4
quiesc_diff -7.842889543357997 2.943085313366953 -2.949109329055681 4
quiesc_diff 1.7473184840786966 3.386308535294281 6.16895202782316 4
quiesc_diff -1.3869832573224103 -4.867575878061815 -3.7190185781960454 4
quiesc_diff -2.6675866217464193 8.168287880325648 1.9818307713303658 4
quiesc_diff -3.196270005933844 6.580269877265333 4.179244372862506 4
quiesc_diff 1.5514807599878595 5.808912678991028 5.935634590896817 4
quiesc_diff -1.966317791860064 -3.311012626543561 5.106270511028416 4
quiesc_diff 0.6943690139650248 7.929669779804655 3.00692098277823 4
quiesc_diff 2.344129012124118 0.9799386389972449 4.5659401227331395 4
quiesc_diff -1.0156716532915113 7.638186202213273 -3.60597611055673 4
quiesc_diff -5.519106334545971 -2.3518941552463133 -2.699645573871914 4
quiesc_diff -4.91857090696483 -2.651207630770035 -4.583728545396747 4
quiesc_diff 7.3245460560152695 3.1675777314927593 3.093054814124341 4
quiesc_diff 0.13189408839418681 6.736304200900531 4.738134728960311 4
quiesc_diff -0.44994726323484 -2.2214929971395305 6.549941454520543 4
quiesc_diff -3.174769374540287 -2.1329683820827103 -5.692517026006304 4
quiesc_diff -5.503174807574744 4.9796416378321995 -5.537614133524321 4
quiesc_diff -4.738804313216798 -7.0145547531207235 -3.212656546902909 4
quiesc_diff -0.454367620707142 4.4967371700953915 6.777683410696666 4
quiesc_diff 1.0054767328993226 -0.4698486702159341 -6.73239705840077 4
quiesc_diff 3.327976914812073 1.1415631596431335 6.299699280950479 4
quiesc_diff 4.042162173094057 -3.4271673462273378 3.706785385014757 4
quiesc_diff 0.49115095311661827 2.219310561197901 7.198592189535775 4
quiesc_diff 1.202935399901241 -0.06111309030348455 7.021895149256108 4
quiesc_diff -0.212544854401167 -4.426685539806364 -6.295167327007276 4
quiesc_diff -3.0493055645523017 6.404378823647798 6.1660669090309295 4
quiesc_diff -2.4368885342702216 -5.6404037437155194 -5.235737404975182 4
quiesc_diff -7.54379704384537 4.490884814691275 1.7055584213865498 4
quiesc_diff -9.007489769307629 1.5505698852374483 -3.7885181067911606 4
quiesc_diff 0.16365857472878476 -6.74047625162947 2.880398503575849 4
quiesc_diff 3.157101384566659 -6.412157071924406 4.096004381272921 4
quiesc_diff 6.2486579426117554 0.5334798549254562 -4.263940989483111 4
quiesc_diff 3.00352238782838 -1.9612172472853286 6.500301396190521 4
quiesc_diff -2.443493049339508 -2.762702250736752 3.086910776819989 4
quiesc_diff 6.869419710141518 -1.4525567105492065 -4.858408553087251 4
quiesc_diff -1.686797452102214 9.277911995520588 0.12517936494668658 4
quiesc_diff -1.9209777034653133 -5.705696642954329 3.1778943576779124 4
quiesc_diff -1.4577608031906772 7.4896940696642424 3.539167115305021 4
quiesc_diff -2.3476933822462147 -4.495827121409574 6.671763172082121 4
quiesc_diff 2.257514619470064 6.746257298154216 7.555171948968709 4
quiesc_diff 3.126961297506993 -6.622448340622242 1.8371417552608498 4
quiesc_diff 5.256921529394514 -2.8918508558927773 -5.611886226803324 4
quiesc_diff -3.9712034658908206 -4.944887946048316 3.576796743538417 4
quiesc_diff -2.0350416430288023 0.8134597016436497 6.9017595051439 4
quiesc_diff 6.85915904990245 1.7782226822777285 -7.274391745358255 4
quiesc_diff -2.563215187823395 10.148908650414 1.7244439634410087 4
quiesc_diff 3.6451879920841668 3.371922415125106 5.433983806336083 4
quiesc_diff -0.25193459581787225 0.6785224547057995 5.734470753174351 4
quiesc_diff -6.831588714685526 -3.6518799453375657 -3.46608340395602 4
quiesc_diff -1.584845322311716 10.149447371960111 5.3304858125451045 4
quiesc_diff 5.828500139005549 0.03711654243117346 -6.193491826913968 4
quiesc_diff -1.9138204633573592 2.9371158136972815 6.864903414271523 4
quiesc_diff -5.8972291378012756 2.470121780739348 -7.163007371883918 4
quiesc_diff 1.5990981306956498 -5.955478108124627 5.420508668047098 4
quiesc_diff 0.8276269253465116 -3.6778283304030106 4.86782952094387 4
quiesc_diff 2.461083027570237 -7.2107427956081835 -0.3104958940776442 4
quiesc_diff -0.46248279827733685 7.829733385947483 6.303742832502902 4
quiesc_diff 2.4649879954193366 -4.240400303359447 7.1562830773785535 4
quiesc_diff -4.217095429219296 11.084419124150418 2.3485435553730163 4
quiesc_diff -2.7216504722025086 -7.53843204999901 3.1758830975040366 4
quiesc_diff 2.1276472429394038 9.317050549803879 2.8623937625585456 4
quiesc_diff -0.9753300375324855 1.8556451028102825 -9.266310999535088 4
quiesc_diff -6.658015026619848 6.524697999803646 5.236414421716827 4
quiesc_diff 4.557769139733277 -2.7222676784468067 7.502857766387232 4
quiesc_diff 8.275781563829392 -0.8442734021065477 -6.14376366089274 4
quiesc_diff -1.3175110620932693 5.6656451659248965 8.151960492248257 4
quiesc_diff -1.6169725432258875 -4.0559858990662 8.480792401958995 4
quiesc_diff 1.861533338942354 8.70154430087976 7.69677548862853 4
quiesc_diff 2.276614067224005 2.0186532877931525 -10.762266603505473 4
quiesc_diff -0.2529258691415086 3.4075962520886307 8.624890475099699 4
quiesc_diff 8.758450208408242 1.8016585973724921 -3.1378535753278225 4
quiesc_diff -10.475036578788028 1.4390789777256028 -2.4343112763822727 4
quiesc_diff -9.322477396204864 1.3473373933532402 1.9186407889687862 4
quiesc_diff -3.012634152522306 -2.5805591150633815 6.646289907327306 4
quiesc_diff -3.6567758446093337 -0.3536570403718204 6.499538057920624 4
quiesc_diff 0.36861055610931437 -3.802862505984022 7.460564083762467 4
quiesc_diff 7.480820599661927 0.4817739176063174 -8.664628242553109 4
quiesc_diff -3.0404559246701726 8.233685625253985 5.2936672443000425 4
quiesc_diff -4.5607148161578 -5.416213868489666 -4.803260158069256 4
quiesc_diff -4.024792184210465 -8.43059312594436 -1.6147727301390618 4
quiesc_diff -0.6827947501831944 -4.922013668298907 5.358659818202483 4
quiesc_diff 2.2503585807694115 7.55181214998033 4.847822468520557 4
quiesc_diff 5.234186424985695 -5.014427111322082 3.9510897464444255 4
quiesc_diff -6.432594469791825 -6.859689585155586 -2.072696159919442 4
quiesc_diff -0.35093735795528236 -6.187117633795378 -4.807787814205286 4
quiesc_diff 6.789724631624475 -2.2723050795662787 7.709888813848817 4
quiesc_diff 0.5859710308675322 -0.10149755123834273 8.923926711207129 4
quiesc_diff -4.8223066615659524 7.256668175772811 6.526719054792905 4
quiesc_diff -5.982932636254237 -3.9747857949875103 -5.639794335217989 4
quiesc_diff -1.7469695222977217 0.08307019139714755 8.74120116406635 4
quiesc_diff 6.313495593703488 -1.9403815155877182 -7.018427140210777 4
quiesc_diff 4.5387551038109395 3.7794982764648917 7.176229407304387 4
quiesc_diff 1.9297920459942257 -7.990659800409596 4.141180963898267 4
quiesc_diff -2.8996846823366855 -7.3561288351268495 -4.318073449032469 4
quiesc_diff -1.2599323726176292 11.210558099509528 0.4126950004397667 4
quiesc_diff 0.27596558214388267 0.8849598015692002 -8.01001495343148 4
quiesc_diff 0.3179615467539201 -7.07422488427701 0.8008002013539991 4
quiesc_diff -9.552640645509449 3.835728943492074 -2.4200171647884874 4
quiesc_diff 3.5424068237178195 5.651447639204886 5.828778753405942 4
quiesc_diff -2.33879933120177 9.279079104788922 3.6870600097654984 4
quiesc_diff 7.71071719453877 1.5310014040351907 -5.195248405386333 4
quiesc_diff -0.21118524940939404 -7.797118920908617 4.5365984845455705 4
quiesc_diff -7.983166037275271 -2.7689228572164115 4.466829706931552 4
quiesc_diff 5.153223227325453 0.6551439502050804 6.956869161077349 4
quiesc_diff 3.8325074871534572 -8.34072492583369 2.578579649483581 4
quiesc_diff -4.431431339174072 -8.132305876896911 1.396204003180325 4
quiesc_diff 2.1590388146760113 3.2008505198254618 8.11730817952418 4
quiesc_diff 4.320601119914082 -4.769940435946434 5.861502952758981 4
quiesc_diff 7.0629317728848395 -3.5830034874032353 -5.101361946906486 4
quiesc_diff 8.8282386032573 2.232819812995233 -6.698111280668222 4
quiesc_diff -5.329894186708117 9.662616496181101 4.389041881866621 4
quiesc_diff -9.002452732419469 3.7814113133173524 -4.346472105281223 4
quiesc_diff -5.212327145055386 -6.779999420288147 2.6457915302352415 4
quiesc_diff 8.185930486679045 1.5769069739349673 3.946157037577406 4
quiesc_diff -0.3716652691736658 1.7317315128550326 -11.169002322284708 4
quiesc_diff -1.7413755450772055 -6.6001807255731535 5.609980387517965 4
quiesc_diff 0.753012264418141 -8.4733951342176 6.153067982445627 4
quiesc_diff -1.0425673318029225 -8.15395438727381 2.1407373497579925 4
quiesc_diff -3.7650321214917053 9.82638167886689 6.262330558256716 4
quiesc_diff -1.8463692912878356 11.21727962576017 3.6572037491633487 4
quiesc_diff 5.26629833848454 -0.40118440628458285 -8.062133422792055 4
quiesc_diff 0.877799825619373 5.095880795379241 8.143830112639623 4
quiesc_diff 1.5690629454945644 -8.243851173321643 1.8336214027460338 4
quiesc_diff 10.719188330992841 -2.444605345566946 0.30832394019857123 4
quiesc_diff -10.142408256933484 5.245444882618602 -1.1297167596549391 4
quiesc_diff 2.499757595379979 9.53590824854395 4.88192236846021 4
quiesc_diff 1.038830153792543 -6.606201427364036 7.226791856214154 4
quiesc_diff 4.081983005641282 5.657249504318465 7.754609452678882 4
quiesc_diff 9.130913029729745 -0.23847928172627475 2.6516352731904536 4
quiesc_diff -3.7842575403011454 -4.161188765265436 8.022429892775675 4
quiesc_diff -10.380900468113085 2.1742716222645724 -5.10181137016993 4
quiesc_diff -2.0763219123951995 -8.238091372522476 -2.1598173537517575 4
quiesc_diff 1.5269713054157543 10.475374660727336 6.835616908455537 4
quiesc_diff -3.887071558493636 -9.158350545791787 3.043000598218109 4
quiesc_diff 2.5252231826580083 1.0798546675403895 8.130485589484364 4
quiesc_diff -3.0266221318705258 -1.9470016146505529 8.543237252433228 4
quiesc_diff 3.8718509549563835 -7.068925784732063 5.844657551431222 4
quiesc_diff -4.160573624162815 -0.4154729939235873 -8.754685505376127 4
quiesc_diff 6.372498832125329 2.529473334035688 -9.062906293989707 4
quiesc_diff 8.97039435906153 -4.0161485421545935 1.635336335759386 4
quiesc_diff 0.7594719146946435 9.982378246396078 -7.455180242991008 4
quiesc_diff 3.6593340402012133 -8.80682923787869 -0.43973435402327543 4
quiesc_diff -8.860316903358175 6.0953804861735 -5.7764125581496515 4
quiesc_diff 7.205357201988995 -3.2451080255001354 -8.24409904002661 4
quiesc_diff 2.691702380454161 11.109999134030808 3.545897366178789 4
quiesc_diff -1.0660535501846922 -8.054688974552482 -4.779750004126356 4
quiesc_diff 1.4216803726387872 -1.728617610212265 8.104290323388845 4
quiesc_diff -3.6260888502544395 -5.373651960378405 -6.821500973275799 4
quiesc_diff -2.4358600699561777 7.487449131997782 7.731519984766637 4
quiesc_diff 3.6589895815946907 7.7101400679719125 6.503127303249554 4
quiesc_diff 0.9743887938824023 -8.13060985210262 -7.151644280553885 4
quiesc_diff -0.4791520338354084 -4.322724015843204 -8.274589619851675 4
quiesc_diff -2.5352801715266304 12.148713337709331 1.723523346189737 4
quiesc_diff 9.291422700807667 3.554887100061348 -4.464771744363155 4
quiesc_diff 1.3012873452898017 -4.681769503048183 8.996023786078238 4
quiesc_diff -3.0429262078290913 -7.257489296804871 -6.3104971255767515 4
quiesc_diff 9.690871571601898 1.0625628562874863 -4.745438063611437 4
quiesc_diff -0.09084999077765626 7.583664937992866 8.253445213716791 4
quiesc_diff -1.9129075376389626 -3.720470252458144 -5.514125258122356 4
quiesc_diff 6.493726450364085 -1.48738825183233 -9.20824922675128 4
quiesc_diff 2.693877004313465 4.545954657431339 9.497396209289267 4
quiesc_diff -0.08384217279008899 -2.9910560581480965 9.382822873027083 4
quiesc_diff 3.4884068499165894 12.112182244028764 1.3680629204928043 4
quiesc_diff -3.463291796340665 -2.167218044791547 -9.580297052408516 4
