651
 Lattice="1.0 0.0 0.0 0.0 1.0 0.0 0.0 0.0 1.0"Properties=species:S:1:pos:R:3:Color:r:1
active_stem 4.513083261732017 -4.291546137516694 6.0820076261951215 1
active_stem 5.288050545405661 -1.0378502068530266 -2.611245222022333 1
active_stem -3.6345360382430894 -7.3155407141376205 2.0461400586776897 1
active_stem 5.8642067799493525 -4.859150653023099 7.442996366962932 1
active_stem 4.498421218413862 -6.950841421999694 0.8727735457015162 1
active_stem 2.8350665156391983 -6.636097260732166 3.633963224292006 1
active_stem 5.464967204546721 -5.339017133706577 -1.5492906801362358 1
active_stem -1.2655870230335893 -7.247542891510823 0.3315634204992737 1
active_stem 5.634983749762754 -3.2192187783318698 -3.4353550388582343 1
active_stem -1.5252697845216847 -8.120024132959056 -1.449262608821633 1
active_stem 6.40935636439618 -4.654379146835982 9.35633913835318 1
active_stem 2.5706193827521697 -8.38820963341156 2.706509749765325 1
active_stem 3.2552626389116996 -7.7029788255421305 -0.501579419297872 1
active_stem -3.799478867788272 -7.722190620129176 0.09487643811313662 1
active_stem 6.441124067862742 -6.363881845340111 -2.962361839366845 1
active_stem 7.05455741655836 -1.9756257686141536 -2.6057252642414723 1
active_stem 7.030988077751065 -2.56840402112759 3.837508661231087 1
active_stem 7.7293766873537955 -2.7765658294329425 -0.6838874478898885 1
active_stem 0.5867472835767664 -8.443182732599077 3.502695531451663 1
active_stem 3.691375907505049 -6.274343610567087 -2.4361168694944557 1
active_stem 4.294086007762827 -5.805381419957311 -4.524070790182758 1
active_stem 5.596959034869762 -6.9537863635311385 -5.5158812361916745 1
active_stem 1.8850574396330255 -8.802277812134456 -1.4576544424768987 1
active_stem 5.844758047812179 -8.177314136107482 0.046249605724720144 1
active_stem 7.717685613672042 -4.33270017063149 -5.774037570221545 1
active_stem 6.667622329708078 -5.4209195612434335 0.04661428015641511 1
active_stem 9.070728115480955 -2.8805365097665825 0.7959660732033947 1
active_stem -0.008222536857974916 -8.790095806101338 0.13265375609695623 1
active_stem 6.371785671629898 -2.75949133892893 9.995079021631396 1
active_stem -5.561094382831059 -7.952291523739545 1.0134429034917873 1
active_stem 6.6533633897683195 -0.18800917731316746 -3.800232632186536 1
active_stem 8.729076608703105 -3.0432968502668354 -2.842503507628621 1
active_stem 3.8832230121118934 -9.503349094431762 1.6898801738295997 1
active_stem 8.820908900260225 -2.810361459287065 2.978648924564245 1
active_stem -1.6957683183705474 -10.108101631277144 -1.3133283944505592 1
active_stem 2.6852687371171733 -8.746657209838695 6.800350336292103 1
active_stem 7.427411652939765 -8.033350099620383 -3.452374642743769 1
active_stem 2.568903720258942 -6.845116366821837 8.370536224707365 1
active_stem -3.4217645915438633 -9.26584643666219 2.4347734336693834 1
active_stem 4.826301568165075 -6.2409885906449745 6.400705625022223 1
quiesc_stem 0.9674225748905639 -1.7341894601744674 -0.23807662172481556 2
quiesc_stem 1.3368764201748433 1.2183292244893273 -0.8534842341459681 2
quiesc_stem 1.3577614489862848 -3.4358709359104873 0.7375850606767059 2
quiesc_stem 1.484231315274579 -0.2202670166247942 1.3223236533260327 2
quiesc_stem 1.2309672123370041 -3.8128760736225167 2.697633618159724 2
quiesc_stem -0.2555871107268831 -1.5766406876643304 1.336542599917821 2
quiesc_stem 2.747281779752532 -4.63934065924674 3.7064678073863 2
quiesc_stem 3.0033090025564704 -1.481997687980123 1.0054030118974073 2
quiesc_stem 2.792197268302296 -0.11457054997079785 -0.5288006647283905 2
quiesc_stem 1.3520658552877949 -0.8230886749049037 -1.9764508351571368 2
quiesc_stem -1.0303418339899861 -3.283873093103554 0.6400423252590697 2
quiesc_stem 1.4917156951236912 -5.51758098014098 1.6847212772257623 2
quiesc_stem 3.242042244003402 0.32536202982903517 2.104876963016433 2
quiesc_stem 4.509032522137375 0.37560335067719786 -1.4300255302933458 2
quiesc_stem 2.2934425436599777 -2.557313271387984 -1.4887317435861938 2
quiesc_stem 3.5297852150438116 -3.344202275770635 0.5004110605784234 2
quiesc_stem -1.2536437136290077 -5.271367851693108 0.6391175935516301 2
quiesc_stem 2.402875722330996 -1.5043309281463006 -3.535844183778079 2
quiesc_stem 3.0908696547475287 -5.583816497112803 0.48542170259443784 2
quiesc_stem 3.3466678877544953 -4.473899438326259 -3.3710076355933287 2
quiesc_stem 4.06356426120977 -1.6385776884571086 -0.7758395507123054 2
quiesc_stem 2.006812803649683 -4.597460838421034 5.563872387987092 2
quiesc_stem 4.24043706928797 -0.3243430481235934 3.71145440731458 2
quiesc_stem 3.8536209671413104 -2.6362512782379124 -2.7375760405175065 2
quiesc_stem 3.2771039937051913 -2.5115271539125725 2.6980652291158096 2
quiesc_stem 5.040359926556078 -3.5354694788830434 -0.7963467803283476 2
quiesc_stem 3.891552584429749 -2.137535704525596 -4.711808856471208 2
quiesc_stem 4.925984932551083 -1.5582031553852398 1.5508477799142244 2
quiesc_stem 5.0876960714792485 -2.2355965017125587 3.501569182483991 2
quiesc_stem 0.42351656278223637 -6.499326770457434 3.061356965002628 2
quiesc_stem 5.1764264764091905 -4.329501772357057 1.0641108551460436 2
quiesc_stem 6.530530007887211 -2.8631484850147375 1.191435883082921 2
quiesc_stem 5.747431985395315 -2.823223256323995 5.515958913665221 2
quiesc_stem 6.410258731282047 0.3487804321218118 -0.8098485936844874 2
active_diff -6.570974015636892 1.2232759752494093 -4.62740645031953 3
active_diff 3.9360689829945583 8.021751363634543 1.971202037885766 3
active_diff -3.640210010759706 6.21037998743401 6.029739201887286 3
active_diff 0.54149351222172 8.926559127400234 3.804364707545284 3
active_diff -7.084480091719799 5.211089627268475 0.6201784037056585 3
active_diff 0.842725205889183 5.3686502570553705 8.399854020893653 3
active_diff -3.3186900739513283 4.335328483091726 8.81613627340701 3
active_diff 3.3317053970288173 0.3369322292464224 -6.030510258131365 3
active_diff -1.915235107410881 -4.070245127277194 9.692053978484926 3
active_diff -3.3696527747287672 -5.605982422684038 6.622536540198304 3
active_diff -5.151236159554421 -1.2474849095530245 5.2475808175378305 3
active_diff -4.2886276611080305 0.9040298039681998 8.574499333467289 3
active_diff -0.08073778463112287 4.2736792357045505 -7.342827575343965 3
active_diff -0.8432183377932982 8.011669466891533 5.484140504599899 3
active_diff -5.5984744702977025 5.167374293475695 3.1296334213492414 3
active_diff 2.7302361748300465 -1.738318563201983 10.030574343953354 3
active_diff -4.013500278307555 7.112318518139445 3.526082443835304 3
active_diff -0.03751405871976335 0.22622255749405784 -10.12799488452739 3
active_diff 1.3503832054531855 7.890976748163635 -1.9458375337588556 3
active_diff 2.2942062870523303 4.606223853062879 -6.1775121782364435 3
active_diff -4.611331997505047 7.707883624008213 0.2453843766161014 3
active_diff 7.079582825666858 2.2710186430415726 -1.312569743016241 3
active_diff 2.489605041045883 8.775385601535568 4.230988706331131 3
active_diff 0.5351767057471128 -1.7665191123474284 -8.505461991345204 3
active_diff 0.000811333380111301 7.170528450361966 8.189102964519227 3
active_diff 4.87283700265271 3.51448610628989 6.761865614174421 3
active_diff 1.8484340112071285 9.630790218498717 0.715743005266219 3
active_diff -4.394303732101497 1.9890232273638695 -7.6137935349107035 3
active_diff 5.688029184024772 6.328493673806862 -0.989146962004523 3
active_diff -6.472597986932987 -0.8466469960610132 -3.6961417883732297 3
active_diff 4.276334888990976 2.422930429287687 -8.904363004853622 3
active_diff 6.0631891068651935 -1.6727623152280098 -0.7576217591322157 3
active_diff 0.3996052938799396 -7.526338275902995 -2.332088750658647 3
active_diff -7.296450434775661 -1.1007763103215393 2.741436355384941 3
active_diff 5.872658059493775 8.365038971182317 2.334212185523595 3
active_diff -2.6784403335453666 2.9616983232412233 -7.168362662322796 3
active_diff -4.414311994644318 5.353565956290122 -4.959653470648028 3
active_diff 0.21871781465583362 -4.8897319858439605 -5.9247790848602415 3
active_diff 7.579204836427607 -0.3286396316697653 2.635851310645114 3
active_diff 4.274584475044893 2.3704114056011454 -5.386033751548727 3
active_diff 1.818925692553305 0.6403447655563819 10.875932032822405 3
active_diff -5.977951970509428 -4.312264533106997 1.7148220892586676 3
active_diff -3.210042981524568 7.850045272471974 1.78746714985445 3
active_diff 1.015569096908267 -4.250167878439218 8.281734409766404 3
active_diff -6.816631066432417 1.3456426212199393 2.477984995165251 3
active_diff 2.0077273811834866 6.905108068105925 6.229913373638919 3
active_diff 4.363005792719647 5.457743682756677 -4.382552586648886 3
active_diff 4.815045579742975 -3.8454508935575014 -5.191586299335621 3
active_diff -2.2194133128155724 10.299851118844371 -0.995800738076575 3
active_diff -5.437338243328231 -3.824435210274947 4.985753332583759 3
active_diff -3.497147545902794 -1.3173306445101463 -8.519777017975333 3
active_diff -2.406352479600596 0.16304268456410778 9.613489601682502 3
active_diff 2.569586415959952 -6.302077537557377 6.445670420595903 3
active_diff -2.340782919861701 5.1132575699703455 10.377713659823872 3
active_diff 7.247353798761811 4.058567853155035 2.2522898191924834 3
active_diff -6.625079764855051 1.7010939903550337 5.654207359748218 3
active_diff -2.347405222040274 6.20499080214676 8.47004168191756 3
active_diff -7.804218076542468 4.57499183752807 -1.1340612706520887 3
active_diff -1.0690347970158933 9.716122738124348 -4.450556238713282 3
active_diff -7.112237058507528 -4.525714214466545 -3.4452145425069443 3
active_diff -0.1516527963753918 -2.8682698536654603 9.262363633423824 3
active_diff -8.844517561344167 2.866995891032822 -1.111108521859844 3
active_diff 3.382557472205944 8.65223374360392 -2.6592415205653586 3
active_diff 5.012758467473113 7.185530675197374 -5.152340590194957 3
active_diff 1.4412287579940735 10.68508221574399 4.117530853986599 3
active_diff -3.8606218798087784 7.147768922982305 -3.4950494981010407 3
active_diff 4.890383096230241 5.837909477152835 4.942069428063506 3
active_diff 1.6115890390704402 8.211746062328178 -3.902589577216259 3
active_diff -4.681559326412534 -5.762890155143969 8.123962916396447 3
active_diff 6.380531019425449 2.1298343059785205 7.079123888879207 3
active_diff 5.537197328767023 0.9909841240854456 -9.504159376116105 3
active_diff -6.939538912681455 3.248984673315076 4.178246519556543 3
active_diff -5.865802503611971 3.314357700708365 -7.893400221540034 3
active_diff -1.0902912911021982 -2.9852190830347207 -7.927574158987387 3
active_diff -3.8315031906203956 4.398212596882162 -7.947383065945075 3
active_diff -7.250934810012018 -3.408619409918395 3.43142177873575 3
active_diff 3.6474620238779 4.884104447388612 -7.623707630464759 3
active_diff -0.3656421689911524 2.535478161763298 -9.636006024095433 3
active_diff 6.24479049536797 -4.199262461884367 2.882362847655844 3
active_diff 4.282111569747662 8.670837172824267 5.111891635498413 3
active_diff -3.340449485708132 -5.791305271425903 -3.908387125317382 3
active_diff -2.114290454051705 -4.481627158647939 -6.16665363740668 3
active_diff 0.3862253838169807 6.585164619074193 -6.2253595452077075 3
active_diff 1.5485467470701704 -7.293772354058682 0.6660265013537159 3
active_diff -5.219775902137134 -5.854033304705853 0.5986898169821875 3
active_diff -6.2563555945447105 8.750595082855078 -0.20920354532214075 3
active_diff -7.491613010731057 -0.16978622121534764 0.8318132403881509 3
active_diff 2.6938147844738456 -7.932726666692944 -3.9938613615998846 3
active_diff -3.068210863511707 8.495424786089082 4.61853151534086 3
active_diff 1.925731644899653 -7.7588157272637535 5.235974227151499 3
active_diff 7.25581600516631 3.69181697274741 4.218357514563881 3
active_diff -0.23089532222972697 -7.246820830231825 -4.209411038027227 3
active_diff -6.115595782357698 6.709317123381949 1.9655896687720273 3
active_diff 6.451415166134054 7.6623247544677415 0.55341659333998 3
active_diff 6.111421779530189 3.8839984981303814 -5.455220952120541 3
active_diff -5.908696462296321 2.958707772026239 8.393353772029743 3
active_diff -1.326226350574944 -8.066889291810478 2.7640280518962363 3
active_diff -3.303643661573608 -7.326310657468026 -2.5473230484752944 3
active_diff 3.4201796987652604 0.5692495617184773 -8.01500035761922 3
active_diff -3.7639249657965133 3.368972275614828 10.50963016809765 3
active_diff -7.717047323331206 3.8530143478326724 -7.170722617620932 3
active_diff -5.985056172272967 7.101526004705451 -3.178065616457705 3
active_diff 2.159069233740281 -3.830116871022839 -8.010824402314265 3
active_diff -2.8455317852931374 10.23966562981374 -2.8943142000600566 3
active_diff 0.11152741359836536 -4.837292335099449 -7.921215986179924 3
active_diff -1.623326030905556 7.0099426143196775 10.151636729794793 3
active_diff -7.937885985634198 -1.2364452988276633 4.630921565608226 3
active_diff 0.8870406067307014 11.213351446322392 -0.04004974543892481 3
active_diff -5.670458877334114 -6.002605042204472 -3.4487858125067223 3
active_diff -3.58125000744758 8.514647445261064 -2.028782461155465 3
active_diff 3.353832389201813 1.0731743156970892 8.021613533189175 3
active_diff -1.1042601208374967 2.2206755863360437 10.722786854243823 3
active_diff -4.283385315150747 3.6847101174981853 -6.125830000461647 3
active_diff -3.6967239734353683 9.552927892558545 2.716623968868234 3
active_diff -8.406640663859907 2.4633723493842097 2.0062332226552795 3
active_diff -1.8762795307640332 -3.6003808026644224 11.635687169059809 3
active_diff 4.61536724381356 8.84378193504716 0.2792151548067845 3
active_diff -7.394819401408275 -3.613765411041029 0.48820655873120256 3
active_diff 0.8207019299407512 6.382759418965451 -4.218533205431215 3
active_diff -5.097307283792371 -2.4221162591245577 -4.00525322163243 3
active_diff 7.246469211890863 -2.8218326171504087 -4.55123981976136 3
active_diff 2.1145232901389965 2.1324795236950176 -9.034280545757811 3
active_diff -9.338956415960663 -0.8580088636848144 -0.7814884801573487 3
active_diff 6.37423521168077 -1.3951507727594235 -5.9854309711728995 3
active_diff -4.096365442498739 6.070512372381482 10.337798130612923 3
active_diff 6.439788072021371 6.924104250874846 -2.7441702139310773 3
active_diff 6.86371087880716 2.5632623262773993 0.8516695295517731 3
active_diff 2.2737059870328333 -4.846142318951649 9.717668263383478 3
active_diff -7.478822724422434 -1.3626430967510594 -5.345765927908342 3
active_diff -1.1120807070387997 10.098324484749723 1.866662449517864 3
active_diff 4.486691815662029 4.00290878378644 8.662480036583931 3
active_diff 6.198018225665601 -6.397180151366058 2.2362017198698356 3
active_diff -0.02845741786107292 -1.8669799177943631 -10.421766821290948 3
active_diff 5.368186209417434 -0.28988482104849195 7.364263614451417 3
active_diff -3.6924502079568566 -3.455670506946986 -7.563626072421469 3
active_diff -2.6181024798299224 7.1031011583878225 -5.343879635597366 3
active_diff -0.08599258624886598 -6.869799825815088 6.665618823867681 3
active_diff 7.785728707232668 1.5921293802628622 -3.1111391265429993 3
active_diff -4.728901867961267 -0.6616732260717675 9.738429161465273 3
active_diff 1.737613678205089 5.519468647424841 10.182107772535788 3
active_diff -5.467593063618995 -0.44572881398767883 7.409383975466256 3
active_diff 3.412707988855118 -4.898199692285815 -6.153443486218858 3
active_diff 6.765977138765534 4.765436294206719 -3.656097567707437 3
active_diff -7.001035055351032 5.273012653192105 6.803363640951006 3
active_diff 6.1202802058313885 1.6253345213442454 -5.5816550844920805 3
active_diff 1.6829725186539812 4.031959241647618 -8.254363318230158 3
active_diff 6.693012596769315 1.6172455568055994 4.982641921285423 3
active_diff 4.620163794269327 -1.8825568871838259 -8.58954505553138 3
active_diff -6.651510365701517 4.889309005865829 -4.381262764013995 3
active_diff -0.04922534590895333 9.932589576739076 -1.328511878249961 3
active_diff -3.2664307983197722 -0.6678724155431691 11.216563331141915 3
active_diff -7.258251054792607 4.096859080686439 2.3887244697735337 3
active_diff -8.31160132387713 6.721827498488079 0.15991264780854875 3
active_diff -2.1064646621966787 8.256535517456356 7.01523466929459 3
active_diff 2.435858312247394 3.0532908910283876 8.96631934087625 3
active_diff -1.9735357695293374 -7.7236431564238615 5.722263959341808 3
active_diff -4.427520324795637 -5.52273761895199 3.133072516242968 3
active_diff 4.076965125285574 5.822051934718329 7.192983522022716 3
active_diff -4.058099244547294 -3.8724910540783837 9.51617526943163 3
active_diff -5.17321715378908 -4.673289473491076 -6.211606998045832 3
active_diff 7.073808526675857 6.30521936580173 1.9047554298329354 3
active_diff 4.461943160007455 -3.2791304161400503 7.853313688645728 3
active_diff -6.242199736946997 -2.3906937720861414 6.4734976048560116 3
active_diff -0.8218445152822814 -0.1786906643305019 11.134989768785836 3
active_diff -2.6976351916246557 -1.811927419995336 9.48363594829759 3
active_diff 1.6532000361379768 8.313449359217529 7.605007977426266 3
active_diff -5.827509697553021 6.724216939010128 -5.312056841889351 3
active_diff -4.381392282207705 6.578098541297007 7.85057195248139 3
active_diff -6.593599426779586 -4.424352168396467 6.50336979236597 3
active_diff -2.2790083396115763 1.0317872335718539 -9.881893275894562 3
active_diff -0.45151493680965005 -0.27695764975286996 -12.018871123728607 3
active_diff -8.386494774916965 2.5222122956753585 6.126628666418928 3
active_diff 1.9296877722335162 -2.461561630666424 11.71462948570637 3
active_diff -3.1013558444672182 -6.781297069906106 4.213043797384755 3
active_diff 0.9532052525580986 -0.33132343357980754 12.39461206184825 3
active_diff 7.671397549847483 1.6438866260049436 2.953090441863331 3
active_diff -0.708557366847584 8.959902239954742 8.732184439305156 3
active_diff 8.380078658720512 0.786858440614222 -0.9870254576403669 3
active_diff 7.353831278549488 -1.410420765207923 5.680742765212928 3
active_diff -8.321025843596427 2.181178267521769 -4.486900941833737 3
active_diff -3.1212973914179982 -1.6620145724590523 -10.45366679021869 3
active_diff 4.818413931858414 -0.011183196618788083 9.395889654697587 3
active_diff 0.5301072810896639 3.7455333812608433 11.50330667595332 3
active_diff -8.041251373254937 1.3843025158279796 -2.2245003351743824 3
active_diff -5.395005631768088 -0.49667284066141926 -7.527586592927721 3
active_diff -2.215768120114668 -7.631126923757584 7.70538378300934 3
active_diff -9.950746920225566 1.8736874668158712 0.8801747835310949 3
active_diff -6.055697261953068 7.412214852366293 8.55835215452723 3
active_diff 0.037678091615971604 1.7385212649092785 -11.434631314479555 3
active_diff 8.820423178221805 2.9763830673271627 0.8270071972624954 3
active_diff -6.331572283551058 -3.086316300288222 -5.43193756502759 3
active_diff 3.527696345286687 1.6673540972936667 9.92338158211532 3
active_diff 8.804154024864307 5.636083826519526 1.1576529690094663 3
active_diff -0.9733810266056308 9.41458974662861 -6.425379828618449 3
active_diff 7.837848489244523 5.9924175427004265 -1.6590955862648786 3
active_diff -9.246085662132144 -3.507763865278027 3.52911238348247 3
active_diff 1.058590304904779 8.932614570814408 5.736351829293758 3
active_diff -1.2910197662164102 9.922950769896001 5.866864506313615 3
active_diff -0.6782957468763215 -8.164999963065245 -5.928940025876899 3
active_diff -0.5137349162885358 11.909112944151518 2.4691800592096604 3
active_diff 4.691799382968974 -1.4387848755357635 -10.538374125539699 3
active_diff 5.345532420835303 10.568863811311413 -0.4214640402956614 3
active_diff 5.152141447671687 0.3271170444348557 -6.858710866478706 3
active_diff 6.558048569672673 8.400881591644618 -4.78491624432914 3
active_diff -5.273885100015748 -7.66851007288006 8.257240472844826 3
active_diff -6.486813722015604 10.633367952867692 -0.8432819091125114 3
active_diff -5.510459784747928 -5.039167426416762 -8.148718438161467 3
active_diff -2.4693933939083337 5.87474270163346 12.222598409671816 3
active_diff -1.2627127691460067 -4.163036956474264 -9.534750531049749 3
active_diff 3.3479753119712936 9.054718596422786 -4.618019205103571 3
active_diff -10.27609563300369 1.9731446652851874 -4.120261965608466 3
active_diff -8.425449489530425 -3.6391341731965294 -1.225607330629023 3
active_diff -6.392194480283139 -6.131892936886073 -0.9976274141541466 3
active_diff -8.56320317664227 -1.8189863619116702 1.1949019516552577 3
active_diff -4.199935870052669 2.021116115687536 -9.604067682037579 3
active_diff -5.77968999082077 -7.965893759601689 -3.0833190205990952 3
active_diff -3.445257556370566 -9.105238571564733 -3.4502964596275696 3
active_diff -7.567525629284333 -2.450597046335884 7.97013479430254 3
active_diff -6.27389800037709 -0.031585865993235984 4.124540343186595 3
active_diff -2.4654858616055706 -7.078782480497075 -5.164110459742451 3
active_diff -2.1089663155820806 3.5587301113386123 -8.990244213594993 3
active_diff 2.9604584174548902 2.2515922949824487 -10.842651610580866 3
active_diff 5.123610420193911 4.224697442110507 -9.093465637644165 3
active_diff -5.52102193003542 8.691217209306584 -4.2994728110328175 3
active_diff 0.5424469980691111 -6.470593420979442 8.521877947804974 3
active_diff -6.6738132733292215 -0.19612513895752903 9.714250578919499 3
active_diff 7.434571675578329 -1.2876014405733818 7.67533455347035 3
active_diff 0.21611079487336005 -5.035330508796294 9.938353275769753 3
active_diff -3.530570558781218 9.49287173210584 0.6927602047112136 3
active_diff -1.7193625991840025 5.282418529670019 -7.888129101053907 3
active_diff -6.896935050010884 5.727285865510218 4.5440234504546275 3
active_diff 4.879855622608349 3.398051130688164 -6.991525400032235 3
active_diff 8.495972002805264 3.6829790030475245 -1.3270487159442994 3
active_diff -6.796214652065715 1.1454511030463768 7.567835806485644 3
active_diff -5.165354488413076 -6.422159798706574 6.291916144063694 3
active_diff 4.850531918249191 -3.794519202795521 -7.190622737886842 3
active_diff 8.121821238742047 6.23562945107961 -3.6413037161806616 3
active_diff 2.6675403891363434 -6.08681242823487 -7.578899557891733 3
active_diff -8.235215750052745 3.9976685738599618 -9.097008327592683 3
active_diff 8.188417252110593 -6.276612887071967 2.0820094687433186 3
active_diff 9.58925347168964 2.2098123820558473 2.9925455010216058 3
active_diff -9.490051506896487 0.14172406018580297 -2.8219758194698734 3
active_diff 1.4388755984356156 9.120882012207057 -5.675621413383312 3
active_diff -3.173421198858134 8.001314484760435 8.771569182028053 3
active_diff 2.031296282216447 -9.234159268955105 0.6229973622176338 3
active_diff 7.627385461985449 -0.8914832304259769 0.21340489049147282 3
active_diff -1.2964419124831232 2.536071012513313 12.688389022564344 3
active_diff 6.133627502830535 -0.2560270719241541 10.882585568277836 3
active_diff 2.2854024922038834 5.100975787064177 -9.833692844514749 3
active_diff 3.0260435887053383 10.955174404977774 -0.21121018103214828 3
active_diff -0.17770977287046508 -10.287689445835811 3.6184556008739532 3
active_diff -0.5170780232040022 6.186386204443376 11.60007388245555 3
active_diff -8.187110114986323 1.3542799728001207 3.9345949544997527 3
active_diff -8.58272192655536 6.955364450271811 -1.8078155120130655 3
active_diff 4.443618901502312 -8.127370377959423 -2.4566662565788837 3
active_diff 0.869247316169485 7.604307956930355 9.937717925989574 3
active_diff 3.0728958941588127 9.764759952148202 2.436877116752328 3
active_diff -3.022950581649252 12.125820415642576 -1.1378006843638189 3
active_diff -5.233241220066191 1.20923393253136 10.310746914931523 3
active_diff 4.691442161652458 -7.205740576274438 4.112895321720086 3
active_diff 7.996817582634746 1.1008748970966056 6.408634172535107 3
active_diff -0.46365163868328174 -9.245092491663087 -2.880423880108193 3
active_diff -8.22414303268628 -1.6431820698362007 -3.150594513663646 3
active_diff -10.695992392786465 -1.02689450654487 0.6779398316264766 3
active_diff -5.317475917270847 8.977205546438045 1.620223502411127 3
active_diff -1.6936506326502558 -5.976463070456035 10.255288808416534 3
active_diff -7.833291835303827 5.950040095009316 -5.597092568973996 3
active_diff 7.190819951602661 -4.432434000908273 -3.107509744926385 3
active_diff -4.33966934186969 5.63601762740594 -9.433857374210948 3
active_diff 7.224250856220272 -3.4459460067700007 7.051674583249021 3
active_diff -5.466317185256392 -6.783350130019277 4.287090358235678 3
active_diff -3.5180645824369647 -5.439465792863613 -7.378839933366067 3
active_diff 7.960121633770074 5.003507975108853 5.553805115872555 3
active_diff -5.514381934513379 -2.1723802364864815 8.417593113861306 3
active_diff -3.3660640048040795 10.620602410228944 4.375157993078179 3
active_diff -8.714785906816562 4.354373162680484 -2.9010342831167453 3
active_diff 6.746152913533457 4.1501230750716855 7.056234671581832 3
active_diff 6.402883547270857 10.068082535147298 3.2389240464765785 3
active_diff -8.796825732695197 -2.61087203753952 5.802746488893559 3
active_diff 8.03923620636337 2.1275598098397985 -5.837345576333021 3
active_diff 2.599291754725895 6.323834587164392 8.445645450463616 3
active_diff -8.489022647147834 4.751160418338545 5.573094088520687 3
active_diff -8.195753904703421 5.837632226007135 2.690050311578368 3
active_diff 6.854337621874146 -4.953374392084678 4.631581958372859 3
active_diff -7.22374118727947 -0.6740924200871198 -8.317680613184098 3
active_diff 2.421042816585418 4.847547836063692 11.937512864266042 3
active_diff -6.588812652103324 2.0394916740357587 -9.25427234603025 3
active_diff 0.8295273670426313 -5.507005321663159 -9.663616796120607 3
active_diff 3.993490585002723 -5.1981803043151045 8.166043143073592 3
active_diff -6.843754591278911 -5.117220103651325 4.393553809048915 3
active_diff 5.834867156627709 3.8305955103991094 10.129698965655736 3
active_diff -7.856059050157113 -4.9206012002309025 2.0351973330117126 3
active_diff 2.524816880766452 6.899755844912308 -5.128866622334327 3
active_diff -8.798214815836118 -3.772270327686854 -4.213199771054713 3
active_diff 0.4866774195857459 3.801310361373701 13.502056979422775 3
active_diff -4.033027090405482 8.158928812327037 6.33780464895413 3
active_diff -3.948264377812648 8.205258924620647 -6.351807005742489 3
active_diff 3.5469381310309824 7.866238476812015 7.070781142681337 3
active_diff 3.757945826184116 6.275296252447039 -9.056320170883918 3
active_diff 9.396001080453546 -0.8923023682835488 2.0181655272193493 3
active_diff 1.3233026890967017 1.7104558443861024 12.491240089327587 3
active_diff -3.538870482294784 1.3596707623161421 -11.400194883946096 3
active_diff 3.4047158856096433 10.511889471900167 4.614559365233202 3
active_diff -5.69638493985301 4.985744473641439 -6.683272073439793 3
active_diff 9.204388305190786 4.209034470712198 2.6361852966954142 3
active_diff 6.190025636615272 8.200141065229214 5.483790933351424 3
active_diff -0.2480995562584558 -3.3159780551032396 12.761806633325776 3
active_diff -4.000193029210453 6.227343619263476 -6.710372773722284 3
active_diff 6.647726500333588 0.5654735049137614 8.641424049999456 3
active_diff 0.9992555516352444 -6.725177052048868 -5.776784996819116 3
active_diff -6.803039087403237 -4.7770957545354955 8.460844438688529 3
active_diff -6.441652806731317 7.0435887338038246 -7.188444301381411 3
active_diff -0.6669490057923456 4.109314511925827 -10.832773893401736 3
active_diff -10.344027419261451 1.8327595970324306 -1.936835761437916 3
active_diff 7.368259192566989 2.8366388129086184 8.668092247584243 3
active_diff -3.2840407045209252 10.859975835048168 -4.74442910920481 3
active_diff -6.70340422558173 1.0299070135340742 -6.6136266506344645 3
active_diff -10.075502918325357 2.5989548760618604 7.194974147925616 3
active_diff 7.9639412996687255 -1.245867682104393 -7.189818414090881 3
active_diff 0.08640557508439065 -1.9586031372176074 11.027536337938852 3
active_diff -8.892750927132752 3.489389086807028 3.821639530594332 3
active_diff 3.568605795429503 -3.4772509044478115 10.553308207238702 3
active_diff -2.684784838633378 -3.3696801815214243 -11.398830775401734 3
active_diff -3.2199587532691245 8.79528261236143 -4.430597146059614 3
active_diff -5.276749920246836 7.008315044337645 5.202069720983195 3
active_diff -9.190724731305854 -0.7359672260997538 -6.1683647803096475 3
active_diff -7.56283819955637 8.015605022956953 1.5193819712982275 3
active_diff 0.052307530048626316 6.884762544918098 -8.174395191306765 3
active_diff 6.887542206306633 -0.43738078488275356 -9.873405091772772 3
active_diff 2.705916353151456 -4.174953239359278 -9.903453818513917 3
active_diff -4.943235738139123 -0.6732805682664275 -9.742081578862319 3
active_diff -3.569808570462874 -2.641812942690208 11.080696879028595 3
active_diff 5.063633470401209 5.485586133846577 -6.255610422163809 3
active_diff -0.40955691042557285 12.735939583747127 -0.06371918306769289 3
active_diff 5.77112241878346 8.283630096176871 -1.4021083212859178 3
active_diff 9.72116822643756 1.6798943735834406 -2.1719159984863543 3
active_diff -4.9937395734276055 9.92934162286939 -2.0880581715152604 3
active_diff -3.1057865135448126 1.4508271056755606 10.974519842677596 3
active_diff 1.5855251998072948 -4.59488684794791 11.578656681505507 3
active_diff 0.1110331700816965 -3.1651519965389117 -11.936788811178698 3
active_diff -3.098876682697464 9.875908358114806 7.641932351198178 3
active_diff 1.0063815630577524 0.0925284837731693 14.348460017078608 3
active_diff 2.9389771105340348 -2.6219645035828067 13.433817069989445 3
active_diff -9.243736617794475 -0.706137594815909 2.970208743684064 3
active_diff 2.4407916609463616 -1.933954620925072 -9.089068873576995 3
active_diff -0.6347167807264907 11.235433086224102 -2.728439936954423 3
active_diff -1.4554855871367942 0.0630744919838877 13.016491456601008 3
active_diff 0.15136275405723099 9.732886430070536 10.364064590386748 3
active_diff -5.675878846325624 7.054312287792328 11.070788671867597 3
active_diff 7.924185089824494 8.996867979502744 0.329936991617524 3
active_diff 7.0873786892658375 5.4908118974648135 -6.137612928962715 3
active_diff 6.788604432602619 6.421625087888843 4.705358963732602 3
active_diff -1.5262187677015522 -9.566880058149433 1.4563466174521562 3
active_diff -2.743296123373012 -1.706628074621635 12.843621041427818 3
active_diff -7.260362315231985 4.214859843473228 9.164768962058526 3
active_diff 9.02973009506177 0.05151898549623346 -3.3921732145399512 3
active_diff 2.430377063176422 3.0538645991663937 10.966311747553734 3
active_diff -0.7445878473519674 1.1160767558539813 -13.42370684860957 3
active_diff -1.405498412491824 -6.266435007339912 -6.725290178521656 3
active_diff -8.99431530109734 4.61777227724351 0.5977285667085271 3
active_diff 5.69287208525202 6.493345834072862 8.161595517313598 3
active_diff -5.17952952566276 8.698569197584698 3.878480764307646 3
active_diff 2.52720989945208 8.786729312089161 9.340551939715752 3
active_diff 3.2456266649191923 -9.827179846810168 -3.6674401659904277 3
active_diff -3.952131691914857 -8.348943701727356 5.11784460150644 3
active_diff 2.2512566200791433 6.350644713880262 -7.154830543177997 3
active_diff -5.235765594551724 4.649671588983193 9.29154121668508 3
active_diff -5.127120801106697 -4.608751860838043 11.037724787535106 3
active_diff 1.9394201126691868 9.732485969313537 -1.4340960850200475 3
active_diff 3.407727220802554 0.10527012608779557 -9.96039698018862 3
active_diff 1.269763537936282 12.665821459563183 4.334951474685506 3
active_diff -5.237044926851161 4.265353025648727 11.522753621241943 3
quiesc_diff 0.0 0.0 0.0 4
quiesc_diff -1.1391580747125503 0.5615324739033394 1.5449919616519665 4
quiesc_diff -1.2118480841052215 1.3967636327799486 -0.7618894770200363 4
quiesc_diff 0.18490565052519736 2.053559290746797 1.4010779966259255 4
quiesc_diff -0.734555312628341 2.8951313974876953 2.9651585336803494 4
quiesc_diff 0.1789442200018201 0.6884551595083207 3.0438238309913963 4
quiesc_diff -0.55909759406711 1.2510854160834535 -2.646748796686927 4
quiesc_diff 1.891440180019228 2.884800965175141 2.030980511574192 4
quiesc_diff -2.2754628552696334 -0.5310996674477362 0.3141522282302338 4
quiesc_diff 0.07946404188341383 4.2765964575344535 1.7697812801113044 4
quiesc_diff -1.609437581533465 3.3347580997717596 -1.055317555846658 4
quiesc_diff -0.45778014726994665 1.467230558148932 4.772433375855281 4
quiesc_diff -0.31725473006314747 -0.6746683840630505 -3.129433300635065 4
quiesc_diff 1.7562459953899363 4.050797069807778 3.6502938278981016 4
quiesc_diff -2.016388712696104 -1.0663329936185826 2.3069108729756067 4
quiesc_diff -1.7817737620999292 4.522886498572343 3.4688914490027756 4
quiesc_diff 2.4743565872631272 1.2282795943859535 -2.498488750741509 4
quiesc_diff 1.599199604507297 5.536168188940019 1.4474726188248672 4
quiesc_diff 1.048808167834642 0.2974358570764206 5.373908234958295 4
quiesc_diff -0.10002147780924053 -1.1350118206339657 3.816576256918069 4
quiesc_diff -2.251340501028496 -0.8118755502154681 -2.639039148849182 4
quiesc_diff -0.6509096196226716 1.3895355299839385 -4.639837384262584 4
quiesc_diff -2.816095574639067 1.4009946555701127 -1.95619768161465 4
quiesc_diff 1.240027244615692 3.200179081719212 0.14729114207914518 4
quiesc_diff -2.189898569773091 2.87212534953003 0.8018404825377037 4
quiesc_diff -4.071294926760959 -1.02460022662425 1.04315453899176 4
quiesc_diff 3.1585076029595673 2.6327340725372705 -3.747266155454712 4
quiesc_diff 1.6290477518047117 0.37724279149744466 7.286224338120259 4
quiesc_diff 2.018107398651663 1.2684075541732829 3.5740445607077875 4
quiesc_diff -3.571198437456452 -2.2792288667114624 -0.43190833317953103 4
quiesc_diff 2.631935843371809 1.6400804778415485 0.6517281485281663 4
quiesc_diff -3.390607121100269 1.2038322116393845 -3.861732633717607 4
quiesc_diff -1.043475572181456 -1.3386684068364136 -1.0578873412602314 4
quiesc_diff -3.1983310700651826 0.9191302565596686 1.3364767489346685 4
quiesc_diff -2.000977575349234 0.8710122697667896 3.323049723445619 4
quiesc_diff 0.10045109874645686 4.6344527073351465 4.608254869398188 4
quiesc_diff 0.4773550818330775 2.9559124015932583 -2.785784044364962 4
quiesc_diff -0.3167290726491388 -0.5491339172417478 -5.125489617807547 4
quiesc_diff 2.5477218757201916 4.64603979260294 -0.29927526564009715 4
quiesc_diff -1.6299745431342418 -2.730733414737653 3.346360404093149 4
quiesc_diff -1.8030404897681602 -2.671687535417863 -3.222242783612812 4
quiesc_diff 0.49826408311102255 6.668947205352742 2.674156228278804 4
quiesc_diff -2.0174803746795518 2.770406628733917 4.494389391732923 4
quiesc_diff -1.4559679960760523 4.920730689261122 0.6618374420375799 4
quiesc_diff -3.586499812294285 3.9427845069513268 1.7522056428935397 4
quiesc_diff -3.4260247182865076 4.125093533132397 -0.7807614097525724 4
quiesc_diff -1.7893500760949816 4.58695969394555 5.467850484376166 4
quiesc_diff -1.585976823455197 0.13300723419357263 5.745583097973139 4
quiesc_diff 1.3233890743139134 1.513498020112 -4.345256379848613 4
quiesc_diff 0.8804809329813539 -4.394915675262061 -0.9513307148917919 4
quiesc_diff -0.3173486900215766 -2.1815156965617577 5.507019548040288 4
quiesc_diff 3.4951792101009644 6.080602998275774 1.7773999950100228 4
quiesc_diff -5.229877391909461 1.6263012826615562 -3.1994602162433905 4
quiesc_diff -1.898942983112233 -2.7336157204005995 -5.218982028400457 4
quiesc_diff 2.7159597193534144 3.5753263881334707 -2.039732525538537 4
quiesc_diff 1.408320971004238 -4.431551128785677 -2.8800719463184237 4
quiesc_diff 0.25764384830028375 0.9384899389976391 -6.363521946697658 4
quiesc_diff -1.5794692104358106 -3.706259732075141 5.793737908309848 4
quiesc_diff -0.3898826393360198 1.784030755989808 6.746015794469802 4
quiesc_diff 1.932145194647743 -0.718046531073588 3.7899395969842296 4
quiesc_diff -3.955671915258351 2.313427500919398 0.04692246955109913 4
quiesc_diff -3.622520889946801 6.054148525787275 -0.290724584772921 4
quiesc_diff -1.779591804931138 6.834514797615936 0.17944961367673257 4
quiesc_diff -3.4371344366455636 5.336178868675 4.242413625737628 4
quiesc_diff 1.8917202980000467 -1.3381717823524837 6.157672734448943 4
quiesc_diff -3.8650176504012417 -1.4156879282412995 2.993667316417612 4
quiesc_diff -3.2072128889427236 -1.0354977017548328 5.666907595898246 4
quiesc_diff -3.0228820281000335 -4.110611394203268 2.9517143600078644 4
quiesc_diff -3.863028500594335 0.016049961464472684 -0.7722466880827359 4
quiesc_diff -2.6985972458957073 3.236785691979362 -2.74109602750536 4
quiesc_diff 1.5207576786482961 2.522173172282173 -6.060954509304251 4
quiesc_diff 1.490026516911951 -1.281653259420557 8.394708432953175 4
quiesc_diff 4.651601116249045 -4.164162233385259 4.09088077314225 4
quiesc_diff -4.698406730399932 -3.7720940267081264 0.27573216763114194 4
quiesc_diff 0.8939293994550084 7.118151066673118 4.582470890072628 4
quiesc_diff -2.273740476382363 2.586295197124977 6.469340971145991 4
quiesc_diff 3.506910684753357 4.033226914281583 1.763823464590538 4
quiesc_diff 4.10344498244929 5.1912932998339105 -1.4317169762996298 4
quiesc_diff 3.3368123166836345 0.27631125947906876 -4.031435717901285 4
quiesc_diff 0.42221180005378767 4.920366662972069 -0.46273556548328676 4
quiesc_diff -1.582127430461056 5.183908163393292 -1.8168280271186443 4
quiesc_diff -3.902118523112587 2.079171845109168 2.8058258339953293 4
quiesc_diff -3.4858055959585985 -0.8641276039047951 -4.211732905524162 4
quiesc_diff 0.8234815787233031 5.058368135051837 6.424163081607226 4
quiesc_diff 4.564632901181079 1.1261751073544874 0.6758808485832115 4
quiesc_diff 3.6039948403960897 4.797514601433018 3.818332911869466 4
quiesc_diff -0.05999948359641716 4.776253084200597 -3.4163471817720956 4
quiesc_diff -3.247962378919444 4.361726328077445 6.817561594558209 4
quiesc_diff -3.4256446100406244 0.8904886495576793 4.726596840892654 4
quiesc_diff 0.2718991852919956 -2.585471969193415 -3.087872224197476 4
quiesc_diff -5.534503114262121 4.200890290887546 1.3798287641522846 4
quiesc_diff -0.9900579811849943 -3.3031017491769488 -1.4295702766674543 4
quiesc_diff -0.0819679932646308 -1.873081334947535 -6.606047104282287 4
quiesc_diff -4.242041941468336 -2.8640963843486436 -2.2229691863997614 4
quiesc_diff -6.02114228213822 -2.5893062696721363 -0.646972434055324 4
quiesc_diff 4.1145944510932395 3.4187214350579778 -0.49574404630758895 4
quiesc_diff -0.22153329873296257 -6.054446439027656 -1.1288758562353016 4
quiesc_diff -2.207190833681486 7.06298091297872 -2.096794710350697 4
quiesc_diff 1.174984973730187 2.6109814541252154 4.933405260353376 4
quiesc_diff 1.8516891852357935 4.03754641002908 -4.311826089853826 4
quiesc_diff -2.543053145550633 2.481799383349656 8.448368841371394 4
quiesc_diff -1.724973692404863 0.028090619554748647 7.737986765505127 4
quiesc_diff 1.5707120658037408 -0.7501269374027641 -6.518742789425433 4
quiesc_diff 2.649371822512058 3.9810768340954006 5.438439612128134 4
quiesc_diff 3.5984635851719116 2.3975374284765083 2.9521999968570842 4
quiesc_diff -2.6715877541936135 -4.063628893392333 -0.6588199374543117 4
quiesc_diff 1.4327081555365555 1.3244946789983159 9.036699880526749 4
quiesc_diff -2.9405992020208718 -1.832517723751209 -6.669145716417576 4
quiesc_diff -3.28179060998318 -1.6080868341596541 7.581739141746681 4
quiesc_diff -3.9372558524769685 3.1110804155309517 4.93981445370976 4
quiesc_diff -3.780670264822057 5.933244855229282 1.7713220572634043 4
quiesc_diff -1.9574485343321144 -6.243116648692286 2.239231042618826 4
quiesc_diff 0.8882888137192877 3.030413172252308 7.647574782571043 4
quiesc_diff -5.036235855141655 0.550202002032492 2.0336122766511506 4
quiesc_diff 0.8564266501916558 -3.3278557196108247 -4.850595688015371 4
quiesc_diff 2.904215633891398 -2.7040211267341743 5.104435456695081 4
quiesc_diff 4.8328462609816825 3.5330969496684173 4.762352079064108 4
quiesc_diff -1.0276935658945987 -4.635686519557678 3.4380735050755415 4
quiesc_diff -4.758699506330353 -0.9696492068331688 -2.6727051980887397 4
quiesc_diff -1.2969763198680857 6.014936990947457 6.778746713459973 4
quiesc_diff -2.0481640384366537 2.662205432348258 -5.294047907504756 4
quiesc_diff 2.9361337206648783 1.192883987973053 5.349297743507156 4
quiesc_diff -3.791810412245024 -2.8778826728174236 4.356248407294593 4
quiesc_diff 5.46234373164603 3.9094418534285302 1.3626266826622098 4
quiesc_diff 0.07499864410959628 6.3563170842994445 -1.8108785148135889 4
quiesc_diff -0.9778049624577809 6.310575055624492 4.440989391664931 4
quiesc_diff -1.6958911572958393 6.27267476794059 2.116032781334824 4
quiesc_diff 5.887481890491326 1.271183354009933 -2.5692418383381037 4
quiesc_diff -5.8409987488071 -1.7992787870846003 1.5608624780832527 4
quiesc_diff -1.7347247985252818 -3.516718535572482 7.778673634522496 4
quiesc_diff 3.045573903815061 2.667399665308974 -7.346973461416277 4
quiesc_diff -3.1365999834819935 5.054808201082567 -3.4502841254462417 4
quiesc_diff -1.800539102099036 0.428844126915751 -6.043022582692061 4
quiesc_diff -1.2415560539239603 8.700458373940341 -0.29885165185769413 4
quiesc_diff 0.34824505754748936 -2.615428762649567 7.3424226139294255 4
quiesc_diff 2.8881492700770273 5.297952966302102 -3.0411856851064885 4
quiesc_diff 6.370022738084485 0.7138326256835177 1.4312226352038904 4
quiesc_diff -3.9284239568463173 0.5703361171084477 6.635710584070882 4
quiesc_diff -2.991860415176643 -4.8726805518237 4.800575701086561 4
quiesc_diff 0.028192328090603708 4.79238627296424 -5.414336652357884 4
quiesc_diff -5.772436990894494 -0.09356281646649268 -0.18731570404793318 4
quiesc_diff -4.0997730421596605 1.750837297400225 -5.6499913209773 4
quiesc_diff -5.147664024525842 3.2165639915979787 -1.2810456364848917 4
quiesc_diff 5.704009605666603 4.174557908948048 -2.0676745470741182 4
quiesc_diff -5.471458513739528 1.8986219877943533 4.03243650688328 4
quiesc_diff -4.542265738576424 5.930086259856855 -2.0623560271422083 4
quiesc_diff -2.7271033571813996 -4.354009757074806 -2.6601931776283676 4
quiesc_diff 2.185724373257185 6.833660923775213 0.043014965959256246 4
quiesc_diff 3.471548219789012 -1.021851254749682 8.31676833161769 4
quiesc_diff 1.676014776848521 8.16751250565899 2.068181522437972 4
quiesc_diff -2.794689763805379 -2.7371014562594693 1.406930296020756 4
quiesc_diff 0.22067157858417633 1.1155888597080714 -8.355322394422087 4
quiesc_diff -6.328486835095896 1.603694881872899 -1.215389525329367 4
quiesc_diff 5.675542819960686 3.023682184914642 -3.703117823358 4
quiesc_diff 0.525744091505567 3.679024001620614 9.504417618252386 4
quiesc_diff -3.7318267165048864 -3.4824229989219555 -5.501514999039371 4
quiesc_diff -0.9220234731452208 8.115623309233225 2.04769917631721 4
quiesc_diff -0.9923722131562684 3.7346947337920424 7.4887888011892025 4
quiesc_diff -0.696349318715211 1.8041787723921252 8.80963783195452 4
quiesc_diff -4.1604051368412325 3.07382042066152 -4.096293433905512 4
quiesc_diff 5.422847185031818 1.7410203777168152 3.4427199685442744 4
quiesc_diff -4.825060144873541 -1.0340595182404204 -5.687375273342619 4
quiesc_diff 3.398936778574707 -4.603875929915601 -1.3759201501214384 4
quiesc_diff -5.5764726388824375 -2.31718883665163 3.5018188042026797 4
quiesc_diff -1.0502703364588453 -4.741793033505407 -3.6789449389202056 4
quiesc_diff -1.7368566892053197 0.46646187893107693 -8.041654478520142 4
quiesc_diff 0.09356724873589917 -0.22179021014103184 9.357304832851447 4
quiesc_diff -6.649728814635929 -2.8069503994878775 -2.5331086974040926 4
quiesc_diff 5.276011811102652 5.862990102421632 2.6613003710522207 4
quiesc_diff 4.421556928604628 -5.654417988878172 2.7770248240552635 4
quiesc_diff 1.7324294107358729 -6.193368204559876 -3.769428067793491 4
quiesc_diff -1.2038090588965638 6.170820423330604 -4.280570296530982 4
quiesc_diff 3.757563297079579 -0.6212419445457715 6.2258013660830605 4
quiesc_diff -0.1832756738220449 -4.872588542844948 6.624593319007903 4
quiesc_diff 2.727987285838691 2.580398138493657 6.863893504968354 4
quiesc_diff 0.1920760919164879 6.920007558729226 0.5038208398014997 4
quiesc_diff -2.6811738548496202 -5.990261698333073 -1.195470793784934 4
quiesc_diff -4.972459512830414 2.8424895673290034 6.62984768943413 4
quiesc_diff 2.6488240594067065 -2.961188419367068 7.071321352542143 4
quiesc_diff -5.777909188163538 2.2323899225153583 0.8672176799000788 4
quiesc_diff -5.218630799755632 4.9851996620444625 5.943015599887361 4
quiesc_diff -4.151745906486901 -3.408947593410362 7.572889967995043 4
quiesc_diff -0.02198742065517445 -0.6340140424794677 6.784783937837886 4
quiesc_diff 3.5465566165277047 -1.4167900346965676 -6.967685361530145 4
quiesc_diff -7.413649696716048 -0.5574936373691952 -1.231915650279235 4
quiesc_diff 1.8063568386576219 -6.167631629476901 -0.9665607168720336 4
quiesc_diff -6.430735283294808 6.187160376699149 -1.4560593364693242 4
quiesc_diff -1.1214136568261162 8.588486918399616 -2.799588669946799 4
quiesc_diff 1.999049799851718 -2.6980381802773703 -6.3698516363190425 4
quiesc_diff 3.685720769546606 7.343313347559081 -1.1777492283264293 4
quiesc_diff 3.040386651818144 6.647540617565882 4.327989217039381 4
quiesc_diff 4.784371146122255 1.5178786837945841 6.0409601371838395 4
quiesc_diff -1.2226927981494993 -6.187971116692719 4.68402207099522 4
quiesc_diff -4.628735911709236 -4.826323042225668 -2.211379687010499 4
quiesc_diff 5.580349437677077 -0.6457792448399711 5.161045251821541 4
quiesc_diff -6.156979230573408 3.3975817626970097 -3.1442547655043414 4
quiesc_diff -6.788352498683038 2.918642066990417 -5.665905564466181 4
quiesc_diff 2.5179821423357858 4.582364693803874 7.37394651157275 4
quiesc_diff 4.98344431378269 -0.4332956045977836 -4.917472491734398 4
quiesc_diff -3.477111372022849 -5.247536385895573 1.3702349050717906 4
quiesc_diff -2.0652042417774905 4.633403981692377 -5.631813966388332 4
quiesc_diff -3.4869027354997937 0.15985090504922495 -7.084089507790185 4
quiesc_diff -1.2107057518449515 -5.3637536167038125 8.338910591342033 4
quiesc_diff 0.4546422228306297 -3.8371777690675453 4.5575244648043185 4
quiesc_diff 6.922196172766739 4.708950560223127 0.25374586043038083 4
