61
 Lattice="1.0 0.0 0.0 0.0 1.0 0.0 0.0 0.0 1.0"Properties=species:S:1:pos:R:3:Color:r:1
active_stem -0.6611768657145145 1.8803200832106293 0.16505010426747171 1
active_stem 0.7787824609155399 -1.8083159199133072 0.35141344931351887 1
active_stem -2.4783394199039304 2.711881178876535 0.0848853001030687 1
active_stem 2.1544167560438092 3.4199749881860746 -1.029026081784418 1
active_stem -0.25496131050901605 2.504948881712633 -1.6909746226128122 1
active_stem 0.8241106369899664 0.46665714464859975 -3.269201215096494 1
active_stem -0.34256266927411705 -0.6416509384242051 -1.8775571832525295 1
active_stem -3.5020343349442378 3.2910112678800574 -1.5327231385901119 1
active_stem 1.8647695122543906 0.19942405643175776 0.6948846752395863 1
active_stem 3.856781424717581 4.452118286590095 -1.22042813613836 1
active_stem 1.475828715914257 4.66106769204775 1.0249609796990842 1
active_stem -1.1473784702532237 -2.3449201682463663 0.3071421503717229 1
active_stem -2.7762831573074602 -3.4800898122483215 0.06618696817135464 1
active_stem -1.9401735703857161 -0.6897747701122704 -0.6753411022283888 1
active_stem 2.935324493639675 1.7434230848160812 0.00933450772489719 1
active_stem -1.8909052798242878 1.3793670167479979 -1.3305481214377972 1
active_stem -0.6859450462618217 1.683113886130167 -3.75906326668145 1
active_stem -1.0471171652442322 4.114278300948202 -2.5755920100700243 1
active_stem 0.5328772453859083 4.579746848957124 -1.1888348623285194 1
active_stem 2.5814277229014833 -2.6521583231426735 0.5473727766029287 1
active_stem 2.581573965617814 -0.07757039150751366 -2.185661477783637 1
active_stem 1.3157790152924642 -3.7553690176524355 -2.685659125075516 1
active_stem -3.8328633129354603 4.722690010137169 -2.889501737437535 1
active_stem -4.3541734629545665 3.1371350155535604 0.6329781912481505 1
active_stem 4.458522231275461 4.081047041259842 -3.0913140579978746 1
active_stem 2.2025335719247785 4.351570341911281 -2.798154361177149 1
active_stem 2.1472833595100327 1.3070179441368421 -4.511379814599125 1
active_stem -2.1494040476852145 -0.4832283920275495 -2.7203065707068803 1
active_stem -1.17923568483123 3.1696765430976312 1.6035128181683402 1
active_stem 3.8936254488719264 -1.5866937922445294 -0.521702740540737 1
active_stem 1.9365159041926912 5.948303410899382 -1.5848796227633482 1
active_stem 3.3384769156318077 -1.6106035979818039 -3.223402829039946 1
active_stem 1.2822727246244847 6.533205447928891 1.7014491918950974 1
active_stem -2.976091516134077 -1.221207463808942 0.950836410144352 1
active_stem 2.911796719971602 -4.827561320791903 -3.236232600135132 1
active_stem 0.6238056198170788 -4.052665051402604 -0.28755533806380384 1
active_stem 2.307866986458667 0.62860483579033 2.597374750636291 1
active_stem 4.77222391420627 1.1264030485316374 0.5043969215129469 1
active_stem 5.0300289922749855 6.071403960577402 -1.1829574644055527 1
active_stem -3.710247573492807 3.9350438980613998 2.3501563602498337 1
active_stem -3.8325993948493826 0.9003614278271086 -1.3499802973187085 1
active_stem 0.9868504431897054 2.721553288533472 -3.2437096609633667 1
active_stem -3.2571503000327837 -5.36571263206675 -0.3955417101963432 1
active_stem -3.6388170849948684 4.6777583938112555 -4.879558824879091 1
active_stem -5.254038287043344 3.1857084162017046 -2.491573210946327 1
active_stem -2.875268522719941 2.10236117089841 1.9479292199321272 1
active_stem -0.7504419686685337 1.1640047928488733 -5.689442995199323 1
active_stem -0.2974770937701382 5.954940463673326 -2.79920454539035 1
quiesc_stem 1.0967792812774033 2.759503295405495 0.5346810886938967 2
quiesc_stem 1.0992095934114277 0.9773641965900617 -1.3551743419118247 2
active_diff 0.3561244331103278 -2.4743725925520303 -1.486446365896891 3
active_diff 1.2381620953098533 2.476818377204272 2.509548207494003 3
active_diff -0.49751139310050796 4.983433081312333 0.9801349832473609 3
active_diff -0.5020978645952632 0.6089585815455696 1.837679836187709 3
active_diff 0.1762930001502635 5.018763984054231 2.8628828067615464 3
active_diff 1.247196253229779 -1.6207289239300158 2.2867169495707156 3
active_diff 3.145879098820105 2.5871436663993608 -3.3039656824879198 3
active_diff 0.004658949516944233 2.745983543452873 4.060683308830234 3
active_diff -0.028219809002731633 -0.386728416497507 3.506226206641886 3
active_diff -0.9710288969759561 -3.4839354731780254 1.941628296882719 3
quiesc_diff 0.0 0.0 0.0 4
