8
 Lattice="1.0 0.0 0.0 0.0 1.0 0.0 0.0 0.0 1.0"Properties=species:S:1:pos:R:3:Color:r:1
active_stem 0.0 0.0 0.0 1
active_stem -0.6611768657145145 1.8803200832106293 0.16505010426747171 1
active_stem 1.0967792812774033 2.759503295405495 0.5346810886938967 1
active_stem 0.7787824609155399 -1.8083159199133072 0.35141344931351887 1
active_stem 1.0992095934114277 0.9773641965900617 -1.3551743419118247 1
active_stem -2.4783394199039304 2.711881178876535 0.0848853001030687 1
active_stem 2.1544167560438092 3.4199749881860746 -1.029026081784418 1
active_stem 0.3561244331103278 -2.4743725925520303 -1.486446365896891 1
