113
 Lattice="1.0 0.0 0.0 0.0 1.0 0.0 0.0 0.0 1.0"Properties=species:S:1:pos:R:3:Color:r:1
active_stem -2.4783394199039304 2.711881178876535 0.0848853001030687 1
active_stem 0.8241106369899664 0.46665714464859975 -3.269201215096494 1
active_stem -0.34256266927411705 -0.6416509384242051 -1.8775571832525295 1
active_stem -3.5020343349442378 3.2910112678800574 -1.5327231385901119 1
active_stem 3.856781424717581 4.452118286590095 -1.22042813613836 1
active_stem 1.475828715914257 4.66106769204775 1.0249609796990842 1
active_stem -1.1473784702532237 -2.3449201682463663 0.3071421503717229 1
active_stem -2.7762831573074602 -3.4800898122483215 0.06618696817135464 1
active_stem -1.9401735703857161 -0.6897747701122704 -0.6753411022283888 1
active_stem 2.935324493639675 1.7434230848160812 0.00933450772489719 1
active_stem -0.6859450462618217 1.683113886130167 -3.75906326668145 1
active_stem -1.0471171652442322 4.114278300948202 -2.5755920100700243 1
active_stem 0.5328772453859083 4.579746848957124 -1.1888348623285194 1
active_stem 2.5814277229014833 -2.6521583231426735 0.5473727766029287 1
active_stem 2.581573965617814 -0.07757039150751366 -2.185661477783637 1
active_stem 1.3157790152924642 -3.7553690176524355 -2.685659125075516 1
active_stem -3.8328633129354603 4.722690010137169 -2.889501737437535 1
active_stem -4.3541734629545665 3.1371350155535604 0.6329781912481505 1
active_stem 4.458522231275461 4.081047041259842 -3.0913140579978746 1
active_stem 2.2025335719247785 4.351570341911281 -2.798154361177149 1
active_stem 2.1472833595100327 1.3070179441368421 -4.511379814599125 1
active_stem -2.1494040476852145 -0.4832283920275495 -2.7203065707068803 1
active_stem -1.17923568483123 3.1696765430976312 1.6035128181683402 1
active_stem 3.8936254488719264 -1.5866937922445294 -0.521702740540737 1
active_stem 1.9365159041926912 5.948303410899382 -1.5848796227633482 1
active_stem 3.3384769156318077 -1.6106035979818039 -3.223402829039946 1
active_stem 1.2822727246244847 6.533205447928891 1.7014491918950974 1
active_stem -2.976091516134077 -1.221207463808942 0.950836410144352 1
active_stem 2.911796719971602 -4.827561320791903 -3.236232600135132 1
active_stem 0.6238056198170788 -4.052665051402604 -0.28755533806380384 1
active_stem 4.77222391420627 1.1264030485316374 0.5043969215129469 1
active_stem 5.0300289922749855 6.071403960577402 -1.1829574644055527 1
active_stem -3.710247573492807 3.9350438980613998 2.3501563602498337 1
active_stem -3.8325993948493826 0.9003614278271086 -1.3499802973187085 1
active_stem 0.9868504431897054 2.721553288533472 -3.2437096609633667 1
active_stem -3.2571503000327837 -5.36571263206675 -0.3955417101963432 1
active_stem -3.6388170849948684 4.6777583938112555 -4.879558824879091 1
active_stem -5.254038287043344 3.1857084162017046 -2.491573210946327 1
active_stem -2.875268522719941 2.10236117089841 1.9479292199321272 1
active_stem -0.7504419686685337 1.1640047928488733 -5.689442995199323 1
active_stem -0.2974770937701382 5.954940463673326 -2.79920454539035 1
active_stem 3.5023762952839923 2.768062196029166 1.6306200920759064 1
active_stem 4.635118066287085 4.338171556235093 0.6183780567573758 1
active_stem -0.6792436365029458 -5.4391930263718145 -0.9036744906890172 1
active_stem -2.001117591851198 3.228841873848832 3.4258765564352984 1
active_stem 6.062538193147515 4.386755675682907 -1.9364655723085806 1
active_stem 0.20325614980626594 4.4686159052566135 -4.095793126759064 1
active_stem 2.778945306801011 -3.487685161425235 -1.3486887602175428 1
active_stem -2.974211975947868 4.631156941862654 0.35038662547923827 1
active_stem -4.076890539712998 -2.3545677205142805 -0.9544111201331665 1
active_stem -0.4278718547968853 -1.043095466655127 -3.8349954667288935 1
active_stem -1.688577440859067 5.9124238323975575 -1.3628786212373316 1
active_stem -5.482632405520869 0.2635444941588517 -0.4162483996694162 1
active_stem 1.8145952885652274 7.346523302043236 -0.04644861864715244 1
active_stem -2.4012391672283977 2.6677621165750023 -4.0561052516925855 1
active_stem -2.0459159582643616 -2.356373178791931 -1.775917447418556 1
active_stem -0.939024892349498 3.1518148323124784 -5.803669646658776 1
active_stem -3.6757032103526264 -1.0598903007667453 2.8175233818192145 1
active_stem -3.867612362903907 1.1681610249270435 3.4116654632888377 1
active_stem 0.10412584538288733 6.389570595636293 -0.45350483917454365 1
active_stem -3.469752566562036 6.568864358508765 -2.211422935761175 1
active_stem 3.569106156788071 -0.8454082093013444 3.083750426556012 1
active_stem -3.816636416556344 4.540191153083982 4.253437268001035 1
active_stem 3.3848385499766813 -3.663020443555732 -4.791891936979628 1
active_stem 1.5979476963773824 -0.857838857654556 -4.552511990162922 1
active_stem 1.6409495900711693 3.201651019369206 -5.07173057848464 1
active_stem 3.090803789356347 4.824368334322017 -4.52657505047604 1
active_stem -1.025280225781159 -1.3536654256327678 2.039916242382245 1
active_stem -5.6074094245584645 2.2525421930444094 -0.6503359413429493 1
active_stem -4.659353514386993 4.819369267434393 -0.9628686465553328 1
active_stem -4.024171821204723 6.4699060932900965 -5.679376523191232 1
active_stem -5.121813820983618 -6.066064381868693 -0.5759229181549108 1
active_stem 5.834996720949043 -1.910996175404012 -0.8765344587266397 1
active_stem -6.287427476974798 1.8368367461841961 -3.546396418861753 1
active_stem 5.3341967695090915 2.5978785339084154 -0.7280585161552757 1
active_stem 2.9186799791888944 0.4377717001924415 -6.139064741892051 1
active_stem 6.7820595891992905 7.029989360864055 -1.2902086546010008 1
active_stem 2.996666651616608 4.986582360579454 2.2823758570960813 1
active_stem 2.972873094674781 7.119395996009243 -2.8316778946729513 1
active_stem -4.039535826968743 -1.0510815951728758 -3.0442581050759494 1
active_stem 4.383295907241626 0.66619762189022 -1.737769540685291 1
quiesc_stem -0.6611768657145145 1.8803200832106293 0.16505010426747171 2
quiesc_stem 1.0967792812774033 2.759503295405495 0.5346810886938967 2
quiesc_stem 0.7787824609155399 -1.8083159199133072 0.35141344931351887 2
quiesc_stem 1.0992095934114277 0.9773641965900617 -1.3551743419118247 2
quiesc_stem 2.1544167560438092 3.4199749881860746 -1.029026081784418 2
quiesc_stem -0.25496131050901605 2.504948881712633 -1.6909746226128122 2
quiesc_stem 1.8647695122543906 0.19942405643175776 0.6948846752395863 2
quiesc_stem -1.8909052798242878 1.3793670167479979 -1.3305481214377972 2
active_diff 0.3561244331103278 -2.4743725925520303 -1.486446365896891 3
active_diff 1.2381620953098533 2.476818377204272 2.509548207494003 3
active_diff -0.49751139310050796 4.983433081312333 0.9801349832473609 3
active_diff -0.5020978645952632 0.6089585815455696 1.837679836187709 3
active_diff 0.1762930001502635 5.018763984054231 2.8628828067615464 3
active_diff 1.247196253229779 -1.6207289239300158 2.2867169495707156 3
active_diff 3.145879098820105 2.5871436663993608 -3.3039656824879198 3
active_diff 0.004658949516944233 2.745983543452873 4.060683308830234 3
active_diff -0.028219809002731633 -0.386728416497507 3.506226206641886 3
active_diff 2.307866986458667 0.62860483579033 2.597374750636291 3
active_diff -0.9710288969759561 -3.4839354731780254 1.941628296882719 3
active_diff -1.6043833863898556 5.497500279878347 3.637481519308262 3
active_diff 5.007102469913168 2.0209249077063105 -3.7679095155120033 3
active_diff -0.5573798718095255 -1.9986700328295437 4.565298372958786 3
active_diff -1.8554129004141118 0.6387978787139985 3.30997329544477 3
active_diff 0.4087768872867602 4.478971133200492 4.97361414200075 3
active_diff 2.0825535841521026 3.069934022802616 4.222795663209968 3
active_diff 2.1218583900803836 -2.88665795126987 3.5643670754261096 3
active_diff -0.2606962084213621 -4.618851176017791 3.427358359518097 3
active_diff 1.8542364021344762 -3.960492153317851 1.8738174123945193 3
active_diff -1.4270041363759987 6.660287973468423 1.5495214169199518 3
active_diff 5.272241953245666 -1.7875335211675427 -3.702201932614464 3
active_diff -0.6605997141952021 -3.115313216402705 -3.0850292148552274 3
quiesc_diff 0.0 0.0 0.0 4
