16
 Lattice="1.0 0.0 0.0 0.0 1.0 0.0 0.0 0.0 1.0"Properties=species:S:1:pos:R:3:Color:r:1
active_stem -0.6611768657145145 1.8803200832106293 0.16505010426747171 1
active_stem 1.0967792812774033 2.759503295405495 0.5346810886938967 1
active_stem 0.7787824609155399 -1.8083159199133072 0.35141344931351887 1
active_stem 1.0992095934114277 0.9773641965900617 -1.3551743419118247 1
active_stem -2.4783394199039304 2.711881178876535 0.0848853001030687 1
active_stem 2.1544167560438092 3.4199749881860746 -1.029026081784418 1
active_stem 0.3561244331103278 -2.4743725925520303 -1.486446365896891 1
active_stem -0.25496131050901605 2.504948881712633 -1.6909746226128122 1
active_stem 0.8241106369899664 0.46665714464859975 -3.269201215096494 1
active_stem -0.34256266927411705 -0.6416509384242051 -1.8775571832525295 1
active_stem -3.5020343349442378 3.2910112678800574 -1.5327231385901119 1
active_stem 1.8647695122543906 0.19942405643175776 0.6948846752395863 1
active_stem 3.856781424717581 4.452118286590095 -1.22042813613836 1
active_stem 1.475828715914257 4.66106769204775 1.0249609796990842 1
active_stem -1.1473784702532237 -2.3449201682463663 0.3071421503717229 1
active_diff 0.0 0.0 0.0 3
