306
 Lattice="1.0 0.0 0.0 0.0 1.0 0.0 0.0 0.0 1.0"Properties=species:S:1:pos:R:3:Color:r:1
active_stem -2.1494040476852145 -0.4832283920275495 -2.7203065707068803 1
active_stem 2.911796719971602 -4.827561320791903 -3.236232600135132 1
active_stem 4.77222391420627 1.1264030485316374 0.5043969215129469 1
active_stem 5.0300289922749855 6.071403960577402 -1.1829574644055527 1
active_stem -3.2571503000327837 -5.36571263206675 -0.3955417101963432 1
active_stem -0.7504419686685337 1.1640047928488733 -5.689442995199323 1
active_stem -0.6792436365029458 -5.4391930263718145 -0.9036744906890172 1
active_stem 6.062538193147515 4.386755675682907 -1.9364655723085806 1
active_stem 2.778945306801011 -3.487685161425235 -1.3486887602175428 1
active_stem -5.482632405520869 0.2635444941588517 -0.4162483996694162 1
active_stem -0.939024892349498 3.1518148323124784 -5.803669646658776 1
active_stem -3.6757032103526264 -1.0598903007667453 2.8175233818192145 1
active_stem -3.867612362903907 1.1681610249270435 3.4116654632888377 1
active_stem -3.469752566562036 6.568864358508765 -2.211422935761175 1
active_stem 3.569106156788071 -0.8454082093013444 3.083750426556012 1
active_stem -3.816636416556344 4.540191153083982 4.253437268001035 1
active_stem 3.090803789356347 4.824368334322017 -4.52657505047604 1
active_stem -5.6074094245584645 2.2525421930444094 -0.6503359413429493 1
active_stem -4.024171821204723 6.4699060932900965 -5.679376523191232 1
active_stem -5.121813820983618 -6.066064381868693 -0.5759229181549108 1
active_stem 5.834996720949043 -1.910996175404012 -0.8765344587266397 1
active_stem -6.287427476974798 1.8368367461841961 -3.546396418861753 1
active_stem 5.3341967695090915 2.5978785339084154 -0.7280585161552757 1
active_stem 2.9186799791888944 0.4377717001924415 -6.139064741892051 1
active_stem 6.7820595891992905 7.029989360864055 -1.2902086546010008 1
active_stem 2.972873094674781 7.119395996009243 -2.8316778946729513 1
active_stem -2.50494584927325 -0.22816231706046802 -4.671852451470236 1
active_stem -4.16184384724661 7.089351377975509 -0.40861875289299343 1
active_stem 6.157188335766983 5.546477374284434 -3.5631452987129224 1
active_stem -3.2213713224599405 -4.225904933061859 1.867757486027119 1
active_stem 3.16893911198065 5.839735366313692 0.04503296277699831 1
active_stem 4.46554582373837 -1.5427670035386107 4.729984503356144 1
active_stem -1.5894652969006255 7.909701427051848 -1.330336451488937 1
active_stem 0.20039802745012614 3.0242542935833203 -7.4424019978358755 1
active_stem 0.5460671119800805 -4.301960823174225 -4.44883267978749 1
active_stem -6.159975798684204 -0.3438558919806989 -2.1973353427060283 1
active_stem 1.2359434632218638 -2.279269330391742 -5.9121032325411695 1
active_stem 3.9126106973180623 3.8813689332687225 -6.087147232606534 1
active_stem -4.448322601924152 1.064958320803483 1.2776336205776984 1
active_stem 4.499402520971237 -3.453570138901632 -2.3679351187824587 1
active_stem 6.117479522072383 -0.2627980968595416 -2.097733628612328 1
active_stem 6.071901284730467 5.914153751856727 0.5169762102038016 1
active_stem 1.0927279949617672 7.669645833046281 -2.154969291107857 1
active_stem -2.693339306829452 1.6299262003332242 -5.77926045127007 1
active_stem -2.9971584926325967 4.868236830594487 -6.764231798094413 1
active_stem 7.441422519378699 8.890548275393268 -1.6120176847277143 1
active_stem 0.27583453394921853 8.157312062678217 0.9408896849152906 1
active_stem 2.983274935274406 -4.510281751246689 -6.5584974220376395 1
active_stem -3.0903557105781463 -3.7806458773009854 -2.7143165544452286 1
active_stem 0.9982957251439436 -5.930435875516369 -1.8755500759825705 1
active_stem 6.224137867571985 -0.19242588749554002 0.8950836368224959 1
active_stem 1.7019974543516978 -6.30393520865834 -3.833481191704575 1
active_stem -1.8894446693888105 4.0872194945699665 5.22885104838848 1
active_stem 4.085529412832406 -3.4540734038302525 1.5936090356346906 1
active_stem 4.418933683561923 1.7019946802255803 3.0530906913297224 1
active_stem -5.5543437422609925 4.5631011109369695 1.8975489611836334 1
active_stem 0.48171510094892717 5.471539575963524 -5.803600119151444 1
active_stem -5.543830995901418 -1.3301477864016404 2.156418648574268 1
active_stem -1.214017200358251 -1.7780769031885657 -5.5207527990882825 1
active_stem -5.468628249249777 7.839181539825826 -5.875922647532824 1
active_stem 6.861266710911121 -3.610233078465341 -1.120181447170535 1
active_stem 5.714406794403893 3.716446342739185 -4.604529275583912 1
active_stem 2.6529662948142727 -0.08614145874037027 -8.050846957478624 1
active_stem 2.280572557444713 2.673437337062173 -6.891585728058888 1
active_stem -6.742246416266158 1.9696586744981586 0.9720456158706197 1
active_stem -6.427519197364134 4.369763978460368 -0.14345104748354987 1
active_stem -1.736483789265955 5.1778265117603155 -4.122730937562719 1
active_stem -4.4021242678483254 -2.6225068422716675 1.0036629466413485 1
active_stem 5.7875264918699445 4.1199803563767885 2.2383618285742504 1
active_stem -6.546883887148322 4.455148052440732 -3.338374996628504 1
active_stem -5.221504476165995 5.936269242260479 3.975387445109676 1
active_stem -1.0156716532915113 7.638186202213273 -3.60597611055673 1
active_stem 3.6920596850570826 6.3122784754933265 3.608633124727335 1
active_stem -3.7334591992454382 2.203349967605905 5.1176510381504325 1
active_stem -6.0293143818861665 -2.105887838699621 -0.5991654911742603 1
active_stem 6.991291738697745 3.596884076691827 -0.22207018765581565 1
active_stem -5.278375799994246 2.572161042378039 2.314243919752916 1
active_stem -3.695099279116419 6.140566857106418 1.446745692525336 1
active_stem -5.061562097207855 6.0820067711670465 -3.691098419510748 1
active_stem 3.97061450883948 3.702498766645988 3.4666709618744003 1
active_stem 7.3245460560152695 3.1675777314927593 3.093054814124341 1
active_stem -5.557495509611012 -4.278501376405904 0.20816889260172677 1
active_stem -8.295286513446978 5.391634610363763 -3.081312391060445 1
active_stem 3.606759676267722 7.210613461595917 1.4339197117103761 1
active_stem -7.780700249141633 2.408094780942091 2.624131393774576 1
active_stem 7.928370611734714 -0.43385404703175734 -2.9292463003692024 1
active_stem 4.746044234212185 7.805172222524945 -3.45262481435088 1
active_stem -5.350273208706708 0.2103001506083545 4.35199485332871 1
active_stem -6.101344229064959 3.671738635836747 3.768084378921816 1
active_stem 5.454802660560738 -0.21771338536078644 3.307687702724528 1
active_stem -6.040822460066267 0.6664380607960861 2.4200546481244527 1
active_stem -7.897397297765468 -2.697343655819868 -0.9997228975400738 1
active_stem 6.872504180774168 7.081817206373955 -4.6266559201366 1
active_stem 8.409809682404262 6.634457554664502 -2.3829045063162546 1
active_stem 8.622067025503913 2.4724396845293217 -0.49810781711338553 1
active_stem -7.100080155194511 -0.04385219775257859 -3.9369334521324046 1
active_stem -3.174769374540287 -2.1329683820827103 -5.692517026006304 1
active_stem 4.273667829665689 -4.291523095300501 -0.29055400712406443 1
active_stem -5.503174807574744 4.9796416378321995 -5.537614133524321 1
active_stem 7.131392415322862 2.881260226283123 -2.705252996486731 1
active_stem -4.011586783999565 6.337158681566303 -7.67492650791203 1
active_stem 4.867988528323699 5.349925154195608 -7.051821180632451 1
active_stem 8.727159564645854 10.411412614307382 -1.7960065785420523 1
active_stem 6.223428198345392 -4.1240624632247345 -3.1283136473972455 1
active_stem 1.2227990461981675 9.613924433805495 -1.7045669773259986 1
active_stem 6.36063406107793 7.270316471133519 1.9583144989849126 1
active_stem -4.442425744180525 -0.341916316417102 -5.154793114968834 1
active_stem 4.335422874067362 1.2510083652494104 -7.292964952663502 1
active_stem -6.0370082345407265 1.0730535765459157 -5.377768984124225 1
active_stem 1.5399782087645884 9.70513206397618 0.8621876328056534 1
active_stem -3.5628296114283957 4.147298713668001 6.322548137708801 1
active_stem -5.376734898604832 7.869485407033582 3.486942180817522 1
active_stem -1.3772075309500362 6.659442511083319 -5.4172326180408135 1
active_stem 5.860482123784427 1.5176799541578923 4.42712350616591 1
active_stem -0.212544854401167 -4.426685539806364 -6.295167327007276 1
active_stem 2.015158537909539 5.597597722427686 -7.0813561871677315 1
active_stem -1.7168776613160115 2.4402203980638797 -7.503251486688123 1
active_stem -5.190022964180844 -3.960495963644447 2.264218679405916 1
active_stem -1.8811230658658387 9.439895359232159 -3.536420622006941 1
active_stem 1.9012618992950587 2.41504922278222 -8.838213326500082 1
active_stem -4.823499711902265 -4.7541847217997235 -2.93439378844794 1
active_stem 7.301809072053184 4.338039032700092 -5.65036699564425 1
active_stem -7.54379704384537 4.490884814691275 1.7055584213865498 1
active_stem 4.232009323351312 7.799893638360349 -0.5701866738086513 1
active_stem 0.3124735713130905 -7.722685413692629 -1.3120879510604144 1
active_stem -7.306964288852321 -1.4886008781465896 3.08714611083407 1
active_stem -1.8541984590431158 -7.011135729074633 -0.5183469619437246 1
active_stem -4.325287971550613 -2.226175960327444 4.306757211116153 1
active_stem -1.6989741417765156 0.13752962176869277 -7.1200496636218364 1
active_stem 5.956694027162542 -1.5033227782102123 6.062246185051263 1
active_stem 4.850431643269998 -4.17207335770053 -7.1904316831138955 1
active_stem -1.7865212228734773 6.211847314971581 -7.618086743235645 1
active_stem -4.695113953036772 9.358450662888488 -6.9216266999599485 1
active_stem -7.4888840122459 6.064903876006791 -0.14578717190198096 1
active_stem -3.0761141109723753 -6.694080377516729 1.0885960971175956 1
active_stem -7.41890297868241 1.661833488149588 -1.258245744956017 1
active_stem -3.993941590636366 2.852151824182408 -6.681811404824888 1
active_stem 7.129714231880504 -1.7301325644876704 1.7980729080431366 1
active_stem -5.520204650970112 7.221969209494503 -2.113083005428568 1
active_stem -5.610876766712003 6.690045311028221 1.279802448584003 1
active_stem -8.406498058877846 -4.812025085576675 -1.6050041386375287 1
active_stem 8.36801845846097 -2.8082013241643464 -2.1625078050586692 1
active_stem 5.128849115536695 -5.1244114394132465 1.9421127584753222 1
active_stem 1.920555353170161 -7.977510080217605 -2.76045761593867 1
active_stem 3.6641259815279463 -1.8030757485512612 -7.878531164712328 1
active_stem -3.9712034658908206 -4.944887946048316 3.576796743538417 1
active_stem 3.858359353477486 6.5687040650252175 -5.133329790530712 1
active_stem -4.910586362190975 8.885553617961197 0.05294614978612672 1
active_stem -7.373679977710513 -0.3053718243800041 -0.09958879975833113 1
active_stem -5.372932969397705 4.600101150132718 5.508169044863212 1
active_stem 4.6899307740239 -5.580699711284797 -3.756830190011721 1
active_stem 2.8874549699641077 8.547270202757819 -4.805993512432717 1
active_stem -1.0279746864262442 4.154887694312924 -8.543659728323437 1
active_stem -2.3302649143932537 -2.12541554998202 -3.8474758947851377 1
active_stem 7.508289049084892 -0.8271502799787773 -0.7172521321126072 1
active_stem -5.614080560419459 1.9963624117254737 5.766048638089406 1
active_stem 6.70005139296897 1.1372024648091712 -0.6986209766172289 1
active_stem -0.1690151941553274 9.226131504691509 4.26141478709605 1
active_stem 6.374592970833357 2.1349625236502767 1.1487735128882357 1
active_stem 5.577421670680474 5.647218947214077 3.552901562653351 1
active_stem -3.4439395037025293 8.555328500436747 -1.9805682225319685 1
quiesc_stem -0.6611768657145145 1.8803200832106293 0.16505010426747171 2
quiesc_stem 1.0967792812774033 2.759503295405495 0.5346810886938967 2
quiesc_stem 0.7787824609155399 -1.8083159199133072 0.35141344931351887 2
quiesc_stem 1.0992095934114277 0.9773641965900617 -1.3551743419118247 2
quiesc_stem -2.4783394199039304 2.711881178876535 0.0848853001030687 2
quiesc_stem 2.1544167560438092 3.4199749881860746 -1.029026081784418 2
quiesc_stem -0.25496131050901605 2.504948881712633 -1.6909746226128122 2
quiesc_stem 0.8241106369899664 0.46665714464859975 -3.269201215096494 2
quiesc_stem -0.34256266927411705 -0.6416509384242051 -1.8775571832525295 2
quiesc_stem -3.5020343349442378 3.2910112678800574 -1.5327231385901119 2
quiesc_stem 1.8647695122543906 0.19942405643175776 0.6948846752395863 2
quiesc_stem 3.856781424717581 4.452118286590095 -1.22042813613836 2
quiesc_stem 1.475828715914257 4.66106769204775 1.0249609796990842 2
quiesc_stem -1.1473784702532237 -2.3449201682463663 0.3071421503717229 2
quiesc_stem -2.7762831573074602 -3.4800898122483215 0.06618696817135464 2
quiesc_stem -1.9401735703857161 -0.6897747701122704 -0.6753411022283888 2
quiesc_stem 2.935324493639675 1.7434230848160812 0.00933450772489719 2
quiesc_stem -1.8909052798242878 1.3793670167479979 -1.3305481214377972 2
quiesc_stem -0.6859450462618217 1.683113886130167 -3.75906326668145 2
quiesc_stem -1.0471171652442322 4.114278300948202 -2.5755920100700243 2
quiesc_stem 0.5328772453859083 4.579746848957124 -1.1888348623285194 2
quiesc_stem 2.5814277229014833 -2.6521583231426735 0.5473727766029287 2
quiesc_stem 2.581573965617814 -0.07757039150751366 -2.185661477783637 2
quiesc_stem 1.3157790152924642 -3.7553690176524355 -2.685659125075516 2
quiesc_stem -4.3541734629545665 3.1371350155535604 0.6329781912481505 2
quiesc_stem 4.458522231275461 4.081047041259842 -3.0913140579978746 2
quiesc_stem 2.2025335719247785 4.351570341911281 -2.798154361177149 2
quiesc_stem 2.1472833595100327 1.3070179441368421 -4.511379814599125 2
quiesc_stem -1.17923568483123 3.1696765430976312 1.6035128181683402 2
quiesc_stem 3.8936254488719264 -1.5866937922445294 -0.521702740540737 2
quiesc_stem 1.9365159041926912 5.948303410899382 -1.5848796227633482 2
quiesc_stem 3.3384769156318077 -1.6106035979818039 -3.223402829039946 2
quiesc_stem 1.2822727246244847 6.533205447928891 1.7014491918950974 2
quiesc_stem -2.976091516134077 -1.221207463808942 0.950836410144352 2
quiesc_stem 0.6238056198170788 -4.052665051402604 -0.28755533806380384 2
quiesc_stem -3.710247573492807 3.9350438980613998 2.3501563602498337 2
quiesc_stem -3.8325993948493826 0.9003614278271086 -1.3499802973187085 2
quiesc_stem 0.9868504431897054 2.721553288533472 -3.2437096609633667 2
quiesc_stem -5.254038287043344 3.1857084162017046 -2.491573210946327 2
quiesc_stem -2.875268522719941 2.10236117089841 1.9479292199321272 2
quiesc_stem -0.2974770937701382 5.954940463673326 -2.79920454539035 2
quiesc_stem 3.5023762952839923 2.768062196029166 1.6306200920759064 2
quiesc_stem -2.001117591851198 3.228841873848832 3.4258765564352984 2
quiesc_stem 0.20325614980626594 4.4686159052566135 -4.095793126759064 2
quiesc_stem -2.974211975947868 4.631156941862654 0.35038662547923827 2
quiesc_stem -4.076890539712998 -2.3545677205142805 -0.9544111201331665 2
quiesc_stem -0.4278718547968853 -1.043095466655127 -3.8349954667288935 2
quiesc_stem -1.688577440859067 5.9124238323975575 -1.3628786212373316 2
quiesc_stem 1.8145952885652274 7.346523302043236 -0.04644861864715244 2
quiesc_stem -2.4012391672283977 2.6677621165750023 -4.0561052516925855 2
quiesc_stem 0.10412584538288733 6.389570595636293 -0.45350483917454365 2
quiesc_stem 1.5979476963773824 -0.857838857654556 -4.552511990162922 2
quiesc_stem 1.6409495900711693 3.201651019369206 -5.07173057848464 2
quiesc_stem -1.025280225781159 -1.3536654256327678 2.039916242382245 2
quiesc_stem -4.659353514386993 4.819369267434393 -0.9628686465553328 2
quiesc_stem -4.039535826968743 -1.0510815951728758 -3.0442581050759494 2
quiesc_stem 4.383295907241626 0.66619762189022 -1.737769540685291 2
quiesc_stem 4.157819218393819 0.14533056409209766 -3.7187546326769874 2
quiesc_stem -4.420016713264285 0.9267019292682093 -3.2615888011735317 2
quiesc_stem 4.774505954610587 -1.5378940224438848 1.2731978464213949 2
quiesc_stem -4.3519180859483315 2.7186709989318962 -4.494579927995337 2
active_diff -0.9710288969759561 -3.4839354731780254 1.941628296882719 3
active_diff -3.6388170849948684 4.6777583938112555 -4.879558824879091 3
active_diff -1.6043833863898556 5.497500279878347 3.637481519308262 3
active_diff 5.007102469913168 2.0209249077063105 -3.7679095155120033 3
active_diff -0.5573798718095255 -1.9986700328295437 4.565298372958786 3
active_diff 0.4087768872867602 4.478971133200492 4.97361414200075 3
active_diff 2.0825535841521026 3.069934022802616 4.222795663209968 3
active_diff 2.1218583900803836 -2.88665795126987 3.5643670754261096 3
active_diff -0.2606962084213621 -4.618851176017791 3.427358359518097 3
active_diff 5.272241953245666 -1.7875335211675427 -3.702201932614464 3
active_diff 2.996666651616608 4.986582360579454 2.2823758570960813 3
active_diff 3.9457099055402436 -1.4506586933163153 -5.160566796690209 3
active_diff 1.6414620925042627 -5.222290708042599 3.5602287076376893 3
active_diff -6.409432438269426 -4.9191598243143755 -1.5891594316502144 3
active_diff -2.219154156724936 -0.10051292664254563 5.132365084150064 3
active_diff -1.5991730632940433 1.905128187020959 4.909615075371229 3
active_diff 2.154651392899489 -5.434181335838177 0.5554885358822008 3
active_diff 1.8259106096770668 6.88922008598023 -4.453866573110261 3
active_diff 5.7350793428261095 1.953672857154519 -5.629502068731013 3
active_diff -0.3657695094477893 -5.348521264741979 1.5454201448882763 3
active_diff 2.8267982407843597 -3.5593935199387094 5.310931320318713 3
active_diff 1.0624880180052751 -0.7384396928374237 5.145328282230475 3
active_diff 1.693140060852766 5.981341642725031 3.741870432081732 3
active_diff -3.237369582760436 -6.623082604397776 -1.9507360632932371 3
active_diff -7.842889543357997 2.943085313366953 -2.949109329055681 3
active_diff 1.7473184840786966 3.386308535294281 6.16895202782316 3
active_diff -1.3869832573224103 -4.867575878061815 -3.7190185781960454 3
active_diff -2.6675866217464193 8.168287880325648 1.9818307713303658 3
active_diff -3.196270005933844 6.580269877265333 4.179244372862506 3
active_diff 1.5514807599878595 5.808912678991028 5.935634590896817 3
active_diff -1.966317791860064 -3.311012626543561 5.106270511028416 3
active_diff 0.6943690139650248 7.929669779804655 3.00692098277823 3
active_diff 2.344129012124118 0.9799386389972449 4.5659401227331395 3
active_diff -5.519106334545971 -2.3518941552463133 -2.699645573871914 3
active_diff -4.91857090696483 -2.651207630770035 -4.583728545396747 3
active_diff 0.13189408839418681 6.736304200900531 4.738134728960311 3
active_diff -0.44994726323484 -2.2214929971395305 6.549941454520543 3
active_diff -4.738804313216798 -7.0145547531207235 -3.212656546902909 3
active_diff -0.454367620707142 4.4967371700953915 6.777683410696666 3
active_diff 1.0054767328993226 -0.4698486702159341 -6.73239705840077 3
active_diff 3.327976914812073 1.1415631596431335 6.299699280950479 3
active_diff 4.042162173094057 -3.4271673462273378 3.706785385014757 3
active_diff 0.49115095311661827 2.219310561197901 7.198592189535775 3
active_diff 1.202935399901241 -0.06111309030348455 7.021895149256108 3
active_diff -3.0493055645523017 6.404378823647798 6.1660669090309295 3
active_diff -2.4368885342702216 -5.6404037437155194 -5.235737404975182 3
active_diff -9.007489769307629 1.5505698852374483 -3.7885181067911606 3
active_diff 0.16365857472878476 -6.74047625162947 2.880398503575849 3
active_diff 3.157101384566659 -6.412157071924406 4.096004381272921 3
active_diff 6.2486579426117554 0.5334798549254562 -4.263940989483111 3
active_diff 3.00352238782838 -1.9612172472853286 6.500301396190521 3
active_diff -2.443493049339508 -2.762702250736752 3.086910776819989 3
active_diff 6.869419710141518 -1.4525567105492065 -4.858408553087251 3
active_diff -1.686797452102214 9.277911995520588 0.12517936494668658 3
active_diff -1.9209777034653133 -5.705696642954329 3.1778943576779124 3
active_diff -1.4577608031906772 7.4896940696642424 3.539167115305021 3
active_diff -2.3476933822462147 -4.495827121409574 6.671763172082121 3
active_diff 2.257514619470064 6.746257298154216 7.555171948968709 3
active_diff 3.126961297506993 -6.622448340622242 1.8371417552608498 3
active_diff 5.256921529394514 -2.8918508558927773 -5.611886226803324 3
active_diff -2.0350416430288023 0.8134597016436497 6.9017595051439 3
active_diff 6.85915904990245 1.7782226822777285 -7.274391745358255 3
active_diff -2.563215187823395 10.148908650414 1.7244439634410087 3
active_diff 3.6451879920841668 3.371922415125106 5.433983806336083 3
active_diff -0.25193459581787225 0.6785224547057995 5.734470753174351 3
quiesc_diff 0.0 0.0 0.0 4
quiesc_diff 0.3561244331103278 -2.4743725925520303 -1.486446365896891 4
quiesc_diff 1.2381620953098533 2.476818377204272 2.509548207494003 4
quiesc_diff -0.49751139310050796 4.983433081312333 0.9801349832473609 4
quiesc_diff -0.5020978645952632 0.6089585815455696 1.837679836187709 4
quiesc_diff -3.8328633129354603 4.722690010137169 -2.889501737437535 4
quiesc_diff 0.1762930001502635 5.018763984054231 2.8628828067615464 4
quiesc_diff 1.247196253229779 -1.6207289239300158 2.2867169495707156 4
quiesc_diff 3.145879098820105 2.5871436663993608 -3.3039656824879198 4
quiesc_diff 0.004658949516944233 2.745983543452873 4.060683308830234 4
quiesc_diff -0.028219809002731633 -0.386728416497507 3.506226206641886 4
quiesc_diff 2.307866986458667 0.62860483579033 2.597374750636291 4
quiesc_diff 4.635118066287085 4.338171556235093 0.6183780567573758 4
quiesc_diff -1.8554129004141118 0.6387978787139985 3.30997329544477 4
quiesc_diff -2.0459159582643616 -2.356373178791931 -1.775917447418556 4
quiesc_diff 1.8542364021344762 -3.960492153317851 1.8738174123945193 4
quiesc_diff 3.3848385499766813 -3.663020443555732 -4.791891936979628 4
quiesc_diff -1.4270041363759987 6.660287973468423 1.5495214169199518 4
quiesc_diff -0.6605997141952021 -3.115313216402705 -3.0850292148552274 4
