685
 Lattice="1.0 0.0 0.0 0.0 1.0 0.0 0.0 0.0 1.0"Properties=species:S:1:pos:R:3:Color:r:1
active_stem -5.067970910449741 -6.154177324940407 -1.1812453010609436 1
active_stem 2.443531069923792 9.000489487307927 -6.404626381279157 1
active_stem 4.442712274424131 -3.190041767005278 3.574486520265983 1
active_stem 0.07392296219963482 4.778482960437542 8.15719749248385 1
active_stem -0.2282788560436848 7.9337455278765185 5.011846236497531 1
active_stem 9.0290942054338 -1.7239007240180606 -3.405077070020343 1
active_stem -4.45104122460895 7.972220656928633 -2.8465761997674393 1
active_stem 3.333566552416972 7.250796938268016 -6.787265667993619 1
active_stem 0.4368414734324099 -6.979288427947664 2.2060605983906214 1
active_stem -5.447194689488907 5.517948188425125 4.987935368081538 1
active_stem -9.620109106318887 0.2919782729347197 6.871099596083666 1
active_stem 1.6253959579865942 -7.761343437853011 -0.6964573495286902 1
active_stem 2.6849472172542086 10.506484372911139 1.8680698158370692 1
active_stem 5.970013681261848 4.520599923960133 5.20183125976865 1
active_stem -3.6834677431509153 7.325214201989392 4.493681657855508 1
active_stem 3.6511045223748546 -5.957734326509613 -4.436118368923705 1
active_stem -6.508508922928632 4.051028458114869 3.3752479444332772 1
active_stem -8.595122984527558 -2.0615224836777135 0.8043475201934545 1
active_stem 6.188212160570058 -2.3761100898747167 4.113694617783061 1
active_stem -7.794211010948216 -2.965488409765232 2.9204564503729684 1
active_stem -5.522621087301786 3.8919368203225972 6.205903666394806 1
active_stem 7.46432543908138 -2.743603270895787 2.4963610321904373 1
active_stem 8.193387532637493 -3.286798185109685 -4.331870403594275 1
active_stem -7.167940455586703 5.87638034332678 2.8922981034667914 1
active_stem -2.076237083532526 8.591837350892717 4.077625190194415 1
active_stem -8.72043872474347 3.80523652361992 -2.3166864094511994 1
active_stem 7.618108315328467 4.017976887480545 3.198225547496345 1
active_stem 5.622946170896935 -4.54864083107869 2.701986358251402 1
active_stem -5.574741244923169 -5.229087328032578 -2.880478164949458 1
active_stem -4.034863777765617 9.279679743386975 0.3909606216578364 1
active_stem 6.831597085982317 -1.8011163578271097 6.252093594885142 1
active_stem 2.592917645686856 -0.5264114081845149 -8.323853426368046 1
active_stem -5.257371598142126 2.206781630185301 7.696774391407841 1
active_stem 4.428559534542473 0.5374380148058586 -9.468425437039166 1
active_stem 4.001943638881794 10.291451035808786 -2.613227403899153 1
active_stem 3.0772488854431876 4.920586690909037 -8.238402151023614 1
active_stem 4.872480903231917 3.243613918673025 -8.749777304214415 1
active_stem -4.493065084438754 4.4713157115869455 -4.992719646834307 1
active_stem 0.5206256483922452 5.11260774542877 -9.401168482386627 1
active_stem 1.7786103333362822 11.48946713949024 3.791211214694877 1
active_stem 2.071756818822439 -8.18938004689868 1.2055275723964467 1
active_stem -7.120963958317498 5.36504398210711 -3.885216535692258 1
active_stem 6.299099733573852 -4.93082197848542 -3.775626356064201 1
active_stem 9.419763070189799 -1.6526133422038818 0.6394549976794611 1
active_stem 4.717580621685193 3.7634173292592594 6.564947523908108 1
active_stem -2.3644072125449402 -7.61132183174238 -1.6383890467438191 1
active_stem -8.222475971164515 0.9917740389074431 8.697175800749866 1
active_stem 3.988481858047761 5.773194968579216 7.154580463768747 1
active_stem -3.238391703750119 2.5461583079387573 7.33656395074869 1
active_stem 2.289494082540043 11.373748245352353 0.10981210042586986 1
active_stem -10.436249575823215 -0.07660492892966142 3.0293251025948296 1
active_stem -4.609742962163116 4.213990441211748 8.068313801895535 1
active_stem 7.3842009229234264 -4.026354058737783 -2.327876114849894 1
active_stem 9.379541688525846 0.026875068252511625 -0.7697066610493906 1
active_stem -9.756496006795693 -3.6107649490626814 1.3054068845363267 1
active_stem -1.0700099388378288 -3.529987627341177 6.945520608255535 1
active_stem -6.00886887757995 9.096439362153014 -2.2904239665951827 1
active_stem -0.33057388646324115 -2.467655867525616 -10.154849106301905 1
active_stem -0.49391393550091417 9.82163864382981 5.61624476999834 1
active_stem 7.8902173243837685 -3.371227866959829 4.449728889964707 1
active_stem 2.9084186148818643 9.749391675140114 -8.199904934485602 1
active_stem 1.116765351146495 -6.561625829165771 6.347299624166313 1
active_stem -9.838170202023075 -0.8261980827402841 8.514915582181153 1
active_stem 9.233946856097432 -4.600612349148999 -0.9888993915381041 1
active_stem -3.5232427758866844 9.880101139393698 -1.6574536926265389 1
active_stem 0.6555903613525623 -9.242103165381724 0.23457848977417783 1
active_stem 1.8083148917213998 10.890536186927255 -6.560266608110242 1
active_stem 5.5729203789032455 -4.908906118132745 4.668634863470182 1
active_stem -7.351560135148022 7.1662600368170155 1.374900927510762 1
active_stem -7.2575164950809965 -0.5523462062212062 7.869802923444561 1
active_stem 3.5439439022030927 7.756550541915467 -8.71079228935725 1
active_stem -4.17835699074542 6.175593947516678 7.67713954798528 1
active_stem 2.9062739940346174 10.206258254453584 4.855459214399639 1
active_stem -11.70188228850691 -3.8583084358816655 0.9127308895184151 1
active_stem -11.579436261324258 -0.10318414137519635 1.3884662580993876 1
active_stem 1.7896844426986998 6.432285343812583 -10.206116190574791 1
active_stem -8.352641962009683 3.9237278531540554 4.138771284054471 1
active_stem 3.0574464308780422 -1.2870053824393426 -10.114303038631974 1
active_stem -5.420475059554075 3.144857787595444 -6.167632458040636 1
active_stem 8.551435284848383 3.4963226985413103 4.888426031204984 1
active_stem 2.2049886551614897 -5.425834631717234 7.582511507365753 1
active_stem -8.480634323267239 2.882415140196146 7.646866359991691 1
active_stem -10.303411897572312 -1.706430665827491 -0.17323050250560157 1
active_stem -11.023570494104817 1.1216080330707707 5.712647786947613 1
active_stem 0.0004293513051778497 -8.885589266097512 2.6250612835089067 1
active_stem -0.5725338619585641 -0.7758266295665575 -11.193679795030908 1
active_stem 10.301652803415545 -2.296273333598394 -1.9722532111650635 1
active_stem 10.337083694539857 -5.706180193096201 0.2604239685657528 1
active_stem 0.1006975813156199 12.302849778013444 3.0680117401683273 1
active_stem -7.253539792744885 -6.253662469281134 -3.243632699228187 1
active_stem -10.382011218433062 4.915550560628435 -2.3965587290369443 1
active_stem 7.796185507949064 -1.2241588262487708 4.40938026225932 1
active_stem 2.9753164788376734 12.405127390110733 2.4256004294958116 1
active_stem 8.912398670044032 -4.955497815251193 3.7824702987685717 1
active_stem -6.855923688606764 5.437338384665848 -5.866258477396253 1
active_stem 7.947907455550382 -5.935038519671231 -2.1299908610665708 1
active_stem 10.175989609846356 1.616561884494742 -1.6854394467952543 1
active_stem 9.84743422889087 4.381413336471082 -1.918578866661496 1
active_stem 7.253598425198461 -1.0344144851280088 8.05044926273827 1
active_stem 6.024028580139623 5.435931683256325 6.979259222056562 1
active_stem 5.586686934894264 11.275832676659403 -3.3340474028585203 1
active_stem 3.274567730006252 -7.911817527724432 -4.6355648196888435 1
active_stem -6.031953364312797 7.733338822705202 -4.04809701765411 1
active_stem 8.32718411722256 -5.259484546681641 -4.632880358282435 1
active_stem -4.867631287500501 7.390670144216787 6.10410775670654 1
active_stem -0.0425446837319165 8.356852077180358 6.9577351503803 1
active_stem 2.595559958200269 -10.031754499477028 0.6299525141594111 1
active_stem -7.446457057596719 10.461337494826891 -2.5557413465374634 1
active_stem -1.511968050139431 4.725401944048093 9.374625971977094 1
active_stem -5.850007101588137 10.55745500148741 4.149774676335455 1
active_stem -4.312703392736306 11.145802420425365 1.0545804696099672 1
active_stem 6.577244218835188 -6.857337416766587 -4.235162982877593 1
active_stem 4.449049566944895 10.8376358010505 -7.534938024055541 1
active_stem 6.0989122745655475 3.518623111336485 7.990429426852655 1
active_stem -3.7079948946606875 -0.4831562397128597 10.0014585746248 1
active_stem -6.766505709403034 4.027430238937248 7.76615767789811 1
active_stem 4.498422176055874 5.713029977465583 -9.401286545811233 1
active_stem -8.003013190392528 -4.94009840709649 2.6810467423434994 1
active_stem -3.3292856051605115 -9.243764607704287 -2.2741093238102126 1
active_stem -2.163111194980503 -8.101431183603415 2.3375624614100485 1
active_stem 9.330331001578946 -3.2115589988971975 1.949514913653592 1
active_stem 2.413141688143224 12.183219938925635 -1.7148705697752262 1
active_stem 6.277352363184912 3.1647093793556613 -10.171083131503059 1
quiesc_stem -0.6611768657145145 1.8803200832106293 0.16505010426747171 2
quiesc_stem 1.0967792812774033 2.759503295405495 0.5346810886938967 2
quiesc_stem 0.7787824609155399 -1.8083159199133072 0.35141344931351887 2
quiesc_stem -1.6781035771986383 2.009055268334961 1.8823990250116196 2
quiesc_stem 1.5120699497810692 4.396158502129564 -0.537183359338956 2
quiesc_stem 1.8364199356819455 -1.1478442271327278 -1.2122937211647957 2
quiesc_stem -1.1793409814048448 -2.201827826699502 0.45582113031860844 2
quiesc_stem -2.8777574189823474 0.845486647389919 2.981006654807463 2
quiesc_stem 3.3710903650762862 -0.728755346754587 -2.424379189886365 2
quiesc_stem 0.5029829626239969 -3.4986237188395926 1.3842707393740135 2
quiesc_stem 2.8547786755759605 0.8616920942632273 1.311711772679105 2
quiesc_stem 2.418662447503306 2.690959705624465 2.6574241166605406 2
quiesc_stem -4.755339587190759 0.7500323880475879 2.298677052636192 2
quiesc_stem 3.7435327574827957 0.9367185587152601 -3.467203880108806 2
quiesc_stem -2.471834251241517 2.2661851036559315 -0.5916717853546456 2
quiesc_stem -0.7688428693197624 5.219642228815525 -1.8728151898390841 2
quiesc_stem 2.6823964686793245 3.419181859195033 -4.226380774700388 2
quiesc_stem -2.872192770778772 4.002862799037404 -1.499230950477469 2
quiesc_stem 0.9565993632974329 -2.946806181966462 -1.2832795103695671 2
quiesc_stem 2.3198514395456105 5.955608071262208 1.5112980481483755 2
quiesc_stem -0.5520467781283507 3.661395452700834 1.9244466218196474 2
quiesc_stem 4.368594636645496 1.4806717016265298 2.462896154817557 2
quiesc_stem 5.109642069761439 -0.3521834050724121 -4.154573558411431 2
quiesc_stem -2.105887392881043 -2.4107532224591464 2.215895539651139 2
quiesc_stem -3.349851434037521 -0.3277677771864902 4.530394048637994 2
quiesc_stem 0.8707495595629702 -0.7292615533577287 -2.912961022520828 2
quiesc_stem -2.424120662848842 6.202342855448144 -2.4153600309954255 2
quiesc_stem -3.849516327305197 2.188116018733337 1.2257771452147317 2
quiesc_stem 4.096623962394855 2.6666838969839786 -1.3655035339691344 2
quiesc_stem 4.882781429398253 -1.8210870558630163 -0.28593551249489446 2
quiesc_stem 4.166992487174981 4.62520110602274 -4.810754146910291 2
quiesc_stem 3.240149211441441 -2.571060064877841 -1.2755455951860284 2
quiesc_stem 4.584764853761406 0.02644650607028609 -0.9914890952763378 2
quiesc_stem -0.6676521166868489 7.167000178096322 -2.3172895411288663 2
quiesc_stem 2.157375795839583 6.4648118185838905 3.438553404585573 2
quiesc_stem 1.008115540275603 -1.7079918708807056 2.335686974787498 2
quiesc_stem -2.3816815601850667 2.863672957326766 3.548114074928338 2
quiesc_stem -4.078855401479997 4.634021614711482 1.6149531201972713 2
quiesc_stem 1.3475407595251456 -0.49481554116827386 -4.841096188687114 2
quiesc_stem 6.310724342884436 3.5653741415600444 1.7539617547695148 2
quiesc_stem 2.132260718395389 -4.201509988299194 -2.3048169480111795 2
quiesc_stem 5.823102129683154 0.4559799190062419 1.5494331269243844 2
quiesc_stem 4.03802749123205 -2.2189955944918878 1.8735163391340874 2
quiesc_stem 1.1317566877733136 7.800987694864938 0.15774920386018926 2
quiesc_stem 0.9987135874330809 3.701385607476147 4.519441895367953 2
quiesc_stem -4.872027971637417 4.002411945920121 -1.473560614715579 2
quiesc_stem -2.8559014447583335 7.994799445349513 -1.6403343993594235 2
quiesc_stem -5.558415401416581 1.802180347864239 0.2610400761373207 2
quiesc_stem 0.14018964718742966 -5.041794749293893 2.6036985482422366 2
quiesc_stem -3.5328427252846355 1.7950368963667467 -2.2202541089652392 2
quiesc_stem -3.672119369073121 4.720322399068327 -3.1860531579625073 2
quiesc_stem -1.731877493195372 5.369901174206258 -4.0969783709879755 2
quiesc_stem 3.0584158526816907 4.154075264103847 3.8615870803403856 2
quiesc_stem 4.158929434862123 -4.157649782959732 -2.0746550792543057 2
quiesc_stem 2.1357649273945216 -5.916276170233206 -1.2754653745365276 2
quiesc_stem 0.6859967780034522 -1.0326535892284952 -6.650264449123715 2
quiesc_stem -4.445310346840067 3.851057895950414 4.521347201912836 2
quiesc_stem -5.462330332820498 3.1302241769362142 1.940803859303983 2
quiesc_stem 4.317232821175779 0.22446801324698418 -5.898007160389475 2
quiesc_stem 2.953957676170234 1.6528325542774172 -5.159466252298847 2
quiesc_stem 6.44373197580693 -2.816410093844068 -1.0427481985213813 2
quiesc_stem -2.3219370411531512 8.254433621796428 0.2695012244844963 2
quiesc_stem -1.3015869607819208 6.770675524682758 3.7890306821418944 2
quiesc_stem 7.200597171250061 -1.7501699979763288 -2.595195275418823 2
quiesc_stem -0.24281876657286183 -3.0947593509402624 3.195533655978958 2
quiesc_stem -1.5309563271770132 -1.459767423615891 3.8787485939186785 2
quiesc_stem -3.4148867029934076 -0.8638773230168046 2.092430856727678 2
quiesc_stem 1.2184933192014973 9.702639495590772 0.7710983585548781 2
quiesc_stem -2.5205357697193516 3.266968008725091 5.502102972034008 2
quiesc_stem -3.7655791490604273 5.785421432167794 3.219987839457737 2
quiesc_stem 1.5294583979177143 4.048595691945663 -5.734549210960297 2
quiesc_stem 5.462648998713017 0.28625688539361294 3.6361047038847376 2
quiesc_stem 4.340167434756216 2.966281892990285 -5.914383379108323 2
quiesc_stem 2.4657013585396235 8.383881957452909 2.9672730745409712 2
quiesc_stem -3.350446213215612 -2.2751943254193785 4.9859480909595035 2
quiesc_stem -7.04146621692616 -1.4248467471374664 1.8909912773592108 2
quiesc_stem 6.556242515729675 -0.05640822226600019 -1.3176959657626137 2
quiesc_stem 2.7791532122632416 5.933077667063733 -4.122975726151926 2
quiesc_stem 1.7847083680535194 -5.040983064441502 3.741924148854286 2
quiesc_stem 3.021548595634822 -4.065062714215731 -4.582588513060236 2
quiesc_stem 4.806724975527908 4.458098099399368 -7.162104689114802 2
quiesc_stem 0.39041996342373686 -5.114001652742828 5.173925591059362 2
quiesc_stem 1.0582632830184457 9.62888434295887 3.6521724274810277 2
quiesc_stem -1.2034977168809435 -4.527682818535466 1.2140912464570475 2
quiesc_stem -1.1743200825926117 -3.0768207696823593 5.000331878844045 2
quiesc_stem -5.281716397422301 5.900856769273244 -3.3106966780282017 2
quiesc_stem -5.417332278747035 1.5670541655113763 5.808610904947443 2
quiesc_stem 3.8696829026669515 8.436135515194668 -1.8781686194306781 2
quiesc_stem 8.440774488135933 -2.765097970154009 -0.9468927348634392 2
quiesc_stem -4.788988394376876 6.335671764896443 0.8402932601458921 2
quiesc_stem -3.1737537580003563 1.2114564645523223 5.84848030886894 2
quiesc_stem -0.15560456555403013 8.864376899746745 -0.9431160932458136 2
quiesc_stem 7.38803949251309 1.9556798509882878 3.3286756767909225 2
quiesc_stem 0.5347970411123448 -1.6568796134754802 -8.544328996655521 2
quiesc_stem -3.3966776604292077 -0.8688633544778509 6.455237647676016 2
quiesc_stem -6.747448949541581 0.08514797147544861 -0.5843350502843159 2
quiesc_stem 5.693640205391151 -5.432654202661353 -1.9367182075936429 2
quiesc_stem -8.501439528154632 0.40814389840773535 3.1760515618164424 2
quiesc_stem 5.843308895919337 -0.21766867639442478 5.533776190426991 2
quiesc_stem -1.5560344479579622 8.698939615499286 -3.246772404669013 2
quiesc_stem 2.9198435048476608 5.185690930648434 5.569382975919108 2
quiesc_stem 5.929771100544557 -1.5763510786953034 1.9646982613657544 2
quiesc_stem 1.0531289648790345 4.277962132093947 -7.663409316658674 2
quiesc_stem 4.704746665616535 1.1986265992884237 -7.6011947805912214 2
quiesc_stem 5.509597052939125 -1.7537747451247818 -5.524090891971521 2
quiesc_stem 2.9339459788057534 8.644004516204454 -0.045810119745016364 2
quiesc_stem 8.083382324578404 0.09675018349224394 -2.6000323128163276 2
quiesc_stem -8.40045138200127 -0.03911634628069671 0.5346561639863545 2
quiesc_stem 4.372510793057108 -1.2131453418799971 4.386698904112965 2
quiesc_stem 0.5354833960569558 7.5976734162114195 3.1451430364181316 2
active_diff -7.112621821423212 1.0280479370511817 4.89457280280185 3
active_diff 5.659808180787706 7.383050048586833 -2.7460594546957386 3
active_diff -7.849205088691156 1.21281754013426 6.74479043436777 3
active_diff 7.027802903719332 7.986681779311681 -0.22541122305511252 3
active_diff 7.374320351679547 -1.0525457375853282 -6.274597310528513 3
active_diff -5.388461281217818 -2.1847033800833833 6.821188996829994 3
active_diff 5.337608927043917 -5.752960269930678 0.01745729380839256 3
active_diff 2.5336536987223126 4.367465048528711 7.468298456161369 3
active_diff -3.574031400162713 -7.011347308381103 -0.12119789715967202 3
active_diff 3.473872292187597 7.978579419212448 -4.494388120447939 3
active_diff 0.013963181713414152 7.1369037887400095 -7.8267318442129215 3
active_diff 4.543460156577289 -7.532755455963299 -0.43160486908383794 3
active_diff -0.4718279699057046 -7.751114669500105 -2.31660105147431 3
active_diff 6.515236929409056 3.4601163119981035 -6.589866784559998 3
active_diff 8.07394383429549 2.718986820879613 1.3360077758441458 3
active_diff 1.1205353236674482 -5.68090600732288 -3.1923974483374664 3
active_diff -3.2620169127301586 4.707053076862804 6.675286977672588 3
active_diff -8.313729416449497 1.136996998716573 -1.307941201548303 3
active_diff 8.213656328848545 5.245553946462083 1.57062986233426 3
active_diff 4.333891332827927 1.619745508059749 5.984595437669784 3
active_diff -3.2339905552419617 -4.135095060052258 5.712038537830964 3
active_diff 9.32964822336634 -1.1701259576700984 -5.871028473711773 3
active_diff 1.0207260100697009 10.602201072719353 -2.8942131377028995 3
active_diff -2.0460818819445508 5.070967266206289 -6.502081011459019 3
active_diff -6.060296181262528 1.3698195923717869 -4.436969869242667 3
active_diff -3.906990110436789 2.8437938937645635 -8.278021486745542 3
active_diff -2.7735880618664313 7.066317971408894 -4.289355971783303 3
active_diff 0.8285916165966237 0.43317978321498485 8.020362017155046 3
active_diff -6.550737718610266 -0.41721631139072374 -3.151794227106962 3
active_diff 5.049619005875954 8.87089770503717 0.1505825364816491 3
active_diff 2.4690967026992223 0.8925314257063146 6.871292667160468 3
active_diff -3.0599281206453837 -7.234923472873751 4.266354718265063 3
active_diff -4.148554812252129 -0.805723566875075 -6.382646123940115 3
active_diff 0.03671541690117941 9.559901689122198 -4.712146980915698 3
active_diff -4.107454626964765 -2.3427345005609004 8.348948178350438 3
active_diff -7.796368990165346 -2.764216767605536 -2.346379152941094 3
active_diff -8.558073842698064 4.135289921659547 2.1170349377065563 3
active_diff 8.075411250622892 8.258072543210002 1.4565114281891938 3
active_diff 6.78991974675429 8.715709617597007 -3.71913001821833 3
active_diff 1.8101941289029733 -4.669790121362764 -8.478293755633901 3
active_diff -3.660605402157306 -6.4129715636176305 -2.5785097241735664 3
active_diff 6.920673527089557 0.799716111562068 -7.254738439437444 3
active_diff -7.4158241687093245 5.353337816929811 5.300027340327737 3
active_diff 5.372855585739105 7.947193697079112 -5.121187440213395 3
active_diff -0.10343173596000277 11.858408193554737 -1.8180100752635229 3
active_diff 7.7070302358242575 0.720823031107463 4.869251393877105 3
active_diff 6.016038801832765 9.108168911505528 -1.7989244836214142 3
active_diff -9.454897379826797 1.7764145323746294 1.3560459976755372 3
active_diff -1.7471842719958632 0.39761419790676056 -8.917805566736073 3
active_diff -9.039072470232343 -3.9049355091849707 -3.4208319500610074 3
active_diff -1.7808624778081548 -2.027491505069395 -8.653778365872604 3
active_diff 0.9459637064792757 2.919367353660075 7.681687371402251 3
active_diff 7.982135673430437 2.1581026628310633 -4.843627227873722 3
active_diff 5.173764663252201 -0.8401337342236969 -7.358478427752014 3
active_diff -0.47565632292798155 6.701224225584169 8.125125126481812 3
active_diff 5.020347558027334 6.578112741245693 -7.625278681131559 3
active_diff -5.172900290337487 -4.143469179867265 7.162905254575659 3
active_diff 9.888094984118618 2.788017770399567 0.4969068679648895 3
active_diff -9.735590386342738 1.8894206289898219 -2.496288820261228 3
active_diff 6.886285515678384 -2.1980945712560707 -7.839697904268392 3
active_diff 8.143486102348422 3.6708031682451834 -3.4091470159123567 3
active_diff -0.9419386429924846 -6.794964708850418 4.885092884659138 3
active_diff 3.1932645486778264 8.22721199448627 4.823642199219561 3
active_diff -9.638051211683706 5.74903366395672 1.6379942122190791 3
active_diff 0.545309001043132 -4.887041293705748 -6.462653604850599 3
active_diff 1.7588266540501794 7.368421824990662 6.497170987085484 3
active_diff 9.704364487348887 4.1203878567413454 2.2860251773336433 3
active_diff -5.1215864441931025 8.712182130891266 4.4034898294541716 3
active_diff -5.384083979755032 6.850716918310219 2.7244198418804086 3
active_diff -7.046109771776792 -5.231341302892102 0.919883781875674 3
active_diff -1.7417984576701668 -8.738449978799192 4.222283893851696 3
active_diff -4.937684830250346 -6.166303788520577 1.322881270370634 3
active_diff -9.153705541314762 2.940274836867156 -0.5458970134574824 3
active_diff -2.9484209030968405 -3.99422484009897 7.686527219719019 3
active_diff -0.9688641092642677 -6.190511355805441 -5.7601327477443744 3
active_diff -6.9666978611835395 6.577332778348267 -0.8127210094076837 3
active_diff -3.4160920688945087 -8.726535056025106 0.8952597546736151 3
active_diff 2.130602068541577 -7.865047666321033 3.945812371945067 3
active_diff -8.3766889885577 -0.9219959092667158 -1.4321824109886165 3
active_diff 8.373370919320333 3.11662900952521 -1.4416533319183544 3
active_diff 9.161975345782254 7.262051692925293 -0.9040999573991463 3
active_diff 0.33149943098510276 0.6803667265577014 9.941767225341192 3
active_diff 3.1983008783458713 -6.526636975230889 -6.299265876833906 3
active_diff -5.656486766381004 8.125833602746988 0.633491014331822 3
active_diff -8.984728918303002 -1.4094944361684072 5.575152977520935 3
active_diff 8.23296433035262 4.469373370634173 -6.765402438035114 3
active_diff -7.358978383013141 2.395418641900205 -3.184686130938117 3
active_diff -0.9362073952030652 3.9432360848334604 -7.756146919277354 3
active_diff -0.6961971019029035 10.919579459311889 -5.9826254738593 3
active_diff -9.610956782893581 6.12649083537808 -0.6903534452792344 3
active_diff -1.809835759099292 -6.641966268985867 -3.832710188122223 3
active_diff -2.138303250969526 3.053634753606809 -9.187809157957071 3
active_diff 8.908277557802215 -0.9633934927201192 2.4599063062781177 3
active_diff 8.336123273951141 0.1237848916872904 -4.608813325965033 3
active_diff -2.7956715390814106 6.874627786840213 -6.932109001501537 3
active_diff -1.5464410855491737 -1.0008649810519727 7.365645929754199 3
active_diff -0.4042551813251348 -3.735006804762729 -7.998626296646126 3
active_diff 5.772355753426285 -3.7830063184816267 -5.478766001999574 3
active_diff -5.904982235014885 -1.5819800119616096 -6.941563506053607 3
active_diff 4.685483510194899 7.35502109910986 6.024735764106735 3
active_diff -5.160644408017253 -5.217685580712348 3.1439410766178844 3
active_diff 3.5483295187971455 -5.687123611214802 4.429050651374185 3
active_diff 8.130669104845932 5.8794929033775905 -4.455442683185735 3
active_diff 3.9966326700515555 -4.232713990053806 -6.320720872096431 3
active_diff 2.102082342163037 3.98548339057057 9.383458025800707 3
active_diff 7.546877900920072 -4.659354867357868 1.7255647549625421 3
active_diff 1.8424004820308921 -3.0674664846060393 6.803971986549698 3
active_diff -4.322568662185717 1.0339019667643712 -5.517476505828168 3
active_diff 4.36252092911745 1.6668240897199964 7.983836281931715 3
active_diff -8.23981435919939 -1.0820997029927062 -3.991407339074617 3
active_diff 3.7415710438241114 -0.7718297257467468 6.2984352670658215 3
active_diff 3.5734577781483057 -9.06272685520196 -1.2791205936304713 3
active_diff -8.999908829691128 1.6838160622128147 4.984661173000981 3
active_diff -0.5050408031024367 11.640921573693971 0.704861808877649 3
active_diff -7.434543446027405 2.423256555069192 -5.437827012350073 3
active_diff 0.08054472020602035 8.721081638000886 -9.04572628252802 3
active_diff -0.8207985426746396 -7.582960507338057 0.7729096606137451 3
active_diff -2.214285490083587 6.848689888574008 6.435399191012004 3
active_diff -3.993781588292862 8.590121906360089 -4.724268981354516 3
active_diff 1.654011454738919 -7.599287859086278 -3.3800521535858334 3
active_diff 1.11454029138228 0.8353251108901321 -8.227476278699905 3
active_diff -3.3766348566012367 0.19433915087777065 8.149108575055148 3
active_diff 3.7974403837631034 -2.7601954009420755 -8.25191452783776 3
active_diff -1.427728931513067 -6.245700426995837 2.213158741376539 3
active_diff 8.592983030013652 1.8744447377559537 -7.0348764225514655 3
active_diff -5.678454000128907 -4.872424321995511 -5.24803204108463 3
active_diff -0.10846350275941402 -8.49217419472553 -4.1383576334819505 3
active_diff 10.776750429044329 -1.4466148532927834 -7.223599764594159 3
active_diff 6.514622469376409 10.167141698787747 0.5671354870140175 3
active_diff -3.8812538558844714 9.55959534367566 2.4274031221369903 3
active_diff 8.432922345637785 9.294087756229622 -0.7878425214925489 3
active_diff 7.292574110501024 5.882284621695647 4.118182167934996 3
active_diff 8.173531283499209 9.827718974505434 -4.640571446381005 3
active_diff 1.955475536391267 -3.524334918276081 -10.111335607626637 3
active_diff 8.485536312028447 6.841311741784588 2.8072838981305632 3
active_diff -1.936115648298534 1.5921820603015746 9.29258372401892 3
active_diff 2.5012243180586338 -0.769563890809025 7.983231053560132 3
active_diff 5.2598132891929 9.019561910415453 3.19882383357272 3
active_diff -2.2682973554671295 11.022576010242208 1.995739285825699 3
active_diff 2.7419417795548737 2.540733012428443 -9.929703464701303 3
active_diff -5.658020720296639 -1.344725750108642 9.12336623355722 3
active_diff -1.8007766247935981 10.54200724892714 -2.509749361957045 3
active_diff -2.9713086381278275 -2.616516142514523 -5.879244657711457 3
active_diff -7.721413459254316 -4.630135816476666 -1.6172093673443322 3
active_diff -1.7667090401264554 8.812307914862313 -5.805319824278922 3
active_diff -5.582676197892634 -3.984366693527699 5.08980165086145 3
active_diff -3.9372667493478875 0.9743996265516073 -7.566707315698301 3
active_diff 1.3340892569342868 -6.3241901411626635 -5.074040411477993 3
active_diff 10.13187888950955 0.37561216314115664 -3.765104374642042 3
active_diff -1.3054722821446012 -8.499991925920751 -5.740577613744881 3
active_diff 7.6053319733738665 7.345706952288113 -2.283952686037253 3
active_diff -6.581790535398483 -6.478591412275112 2.41804923481677 3
active_diff 4.770666177357773 -3.11631733253583 5.546036911534934 3
active_diff 2.0739173886653983 3.8997505453467616 -11.236154672514802 3
active_diff 8.804346798823476 4.919302031013404 -8.628487587805115 3
active_diff 10.842055142415505 6.202721456794158 -0.6692567591516083 3
active_diff 9.524157033972552 1.7801998410992752 2.343758083250365 3
active_diff 0.5585959430783493 -1.2572907403730125 9.054485677633586 3
active_diff 6.022046807179172 7.507449691835486 1.4355497279023477 3
active_diff -0.9382064490292232 6.621390926916456 -9.508284544423628 3
active_diff -4.168610263493839 -8.755073174297689 4.944564708894566 3
active_diff -5.725670015174232 9.840628198445083 1.7068827782944607 3
active_diff 2.017922868807079 9.488197929286143 -4.448185613784244 3
active_diff 6.810297003616954 10.923731159293403 -1.5289473858779523 3
active_diff -4.027700384658548 -1.7086165412596577 -8.163145628050685 3
active_diff 2.1464532585643186 6.162461398683188 8.260803296571545 3
active_diff -4.475518984930237 6.658825336861744 -5.2575402961291395 3
active_diff -0.16870523509969793 2.631869557069427 -9.056630776961397 3
active_diff -2.8355373341147407 -1.8609122324338205 -10.34490588720353 3
active_diff -0.15984725172236647 2.8819618801214735 9.34775548383659 3
active_diff 8.190659386344464 -0.6492237811058299 -8.055305590933784 3
active_diff -4.057567692503235 -3.8546760137211216 -7.01370549886954 3
active_diff -1.8443749247317118 -4.102872402696683 -9.336807908576013 3
active_diff 3.6647446387266758 -4.532956056233738 -10.358484420827319 3
active_diff 10.407592483190026 1.9171671380187894 -7.8747379164650315 3
active_diff -11.282754423228324 0.8512457068875503 -3.2232525566923074 3
active_diff -1.68600755784737 -1.508463592671319 9.295118616602174 3
active_diff -7.442251544794588 7.1370591639818874 -2.672977730193685 3
active_diff -4.014349125728227 -6.149529409908973 -4.5292694760865295 3
active_diff -10.086572691924273 0.21847031133290273 -1.1924620035607478 3
active_diff -2.883840583402152 11.684177404187002 -1.0773901900206475 3
active_diff -4.345718550785492 -2.3996349588956387 10.333889648632837 3
active_diff -1.7016054352679206 -9.171457916415248 -0.06426128926161956 3
active_diff 10.105281150257593 -3.0135484870978084 -5.884701100396212 3
active_diff 9.453807159401219 10.840639395451232 -1.5401537763918414 3
active_diff 7.985568880912706 10.36227733694349 1.9081197289460547 3
active_diff -2.8955769322319616 -8.280306748037676 -4.202854186675203 3
active_diff -5.949460199472582 9.805133491708208 -0.4125101570046976 3
active_diff -10.129555648093929 -1.5328429352003927 -2.176712050958902 3
active_diff -2.613123930330367 4.855996376461489 -8.462524453229365 3
active_diff 4.395064489069313 10.760338976120448 0.11095845724654699 3
active_diff 1.8854172265505993 -9.522677743699273 -2.8830383504166917 3
active_diff 0.3915672093647724 13.336181028621915 1.2724791557381996 3
active_diff -7.029166747988392 -3.1408190416403325 7.448826163539129 3
active_diff -6.755228869985918 -5.3564403282522814 7.004989899991904 3
active_diff 4.759950700031066 -6.627353114605105 3.1453284874540697 3
active_diff 4.9711603011519205 9.245640444083719 5.43826559136211 3
active_diff -5.067368489761536 -8.324074020735324 1.9494472602730961 3
active_diff -2.8606272079350896 9.182084160073167 5.820135114697582 3
active_diff -10.701528516246928 3.2921030105285114 0.9705602691466799 3
active_diff -3.8351614370134457 10.255249961036341 -5.820712417715087 3
active_diff 6.873356139192621 -6.24509437347378 2.741339658778744 3
active_diff 5.108644025360404 -6.59983389434467 -5.711702032058839 3
active_diff 7.2264681041423975 1.7700975367574099 -8.976612292622088 3
active_diff 9.72530636974697 10.934836618210024 -4.0353569350722065 3
active_diff 3.679195404098765 -8.487212428492015 5.047978280409208 3
active_diff 5.033652886459557 -8.576203865324338 -2.5562758801890126 3
active_diff -8.646386042092853 -2.9058278339571655 -5.108309719531154 3
active_diff 5.3512504370446266 -2.361469814635157 -9.446356751281604 3
active_diff -6.114015403410936 5.80477897995867 6.851555026840469 3
active_diff -4.911430960848045 2.7070104380621967 9.602055529518074 3
active_diff 8.294870152874083 -3.585763395438116 -8.14013850446997 3
active_diff 9.383148261586209 0.8577490210790528 5.951785290337701 3
active_diff -7.628075160292288 -5.312276522371009 -5.173820359605056 3
active_diff 10.883741776413455 -2.6053615585541596 -8.850209405729377 3
active_diff -0.7253372722770868 13.440803988109401 -2.8712228046177954 3
active_diff -3.9786823804735887 4.954480069482857 -7.0035648557499695 3
active_diff 9.411290052517804 3.4823173064702555 -5.295261303544423 3
active_diff 5.684524553838198 -4.352114165473274 -7.394073272092665 3
active_diff 2.613093070196414 1.1724420277311483 8.846366109091605 3
active_diff 11.796101779957485 2.1888222549388083 0.4751169325723138 3
active_diff -5.027024065446717 -8.273415359415502 -0.6652535461415717 3
active_diff -3.224567916991959 1.515254663400207 10.820318297465743 3
active_diff 4.235923529440667 9.563442525914905 -5.447009159904082 3
active_diff -8.89190368288641 6.516497517405243 5.984314399255964 3
active_diff -5.619741153946488 -6.5723969616143885 4.541792017287767 3
active_diff -5.823351200446861 0.4723835822421474 -6.71428429185481 3
active_diff 8.206230177859188 6.730592671844234 5.68202552410361 3
active_diff -11.055601417122432 2.742200971735004 -1.1320359232198247 3
active_diff -6.438047540071953 -7.450917915635474 -1.8455899927736499 3
active_diff -10.42012792682694 4.006901078029546 2.835554869657181 3
active_diff -0.18489142709798778 -6.295212501796308 -7.6807920138367445 3
active_diff 6.777731155559875 -7.112419871422298 -0.2616798747064354 3
active_diff 3.529538316788603 2.688587818092171 9.913015685165295 3
active_diff -4.4865757489658495 2.6062898056727124 -10.177408834221175 3
active_diff 6.804173560420448 9.38662242066682 4.415465906849812 3
active_diff 1.0868730950978485 11.731902527118649 -4.543273229716042 3
active_diff 1.4151670262711338 0.012636449186296472 -10.025477094098502 3
active_diff 5.713267033860671 1.3083913846909625 -10.79324902629865 3
active_diff -9.76478040520709 7.676219840740948 1.1184817951194468 3
active_diff -10.243202470705508 3.247169608711627 4.883930786012786 3
active_diff 11.057027725256024 4.529024479986651 0.8706389138150041 3
active_diff 7.740923496911368 7.803905511046377 -5.223857614318229 3
active_diff -6.480321780781456 -1.311571161862696 -4.939298352175474 3
active_diff -10.620253740177366 0.9809903223441606 8.86479471542063 3
active_diff 3.567563819534126 -3.7833756457902767 7.5190143152737985 3
active_diff 6.265538424195689 -0.5318858667583808 -9.00560116365192 3
active_diff -1.4613332109541062 1.2615491676296589 -10.69878999648025 3
active_diff -1.271959627566508 11.433082221021207 6.50949417446876 3
active_diff 0.322512835965762 -0.8880172510579016 11.182771230116607 3
active_diff -1.1135672972660526 -9.635405933922538 -2.510552247759345 3
active_diff -7.349469118338352 2.89799872069948 5.56329354023797 3
active_diff -4.537248507536729 7.850059019672118 -7.056381174420553 3
active_diff 6.6278960136266765 5.002178448698586 -7.8584692823101765 3
active_diff 9.815542013894722 6.422388810496246 1.34922084075241 3
active_diff -1.654626734210418 -5.516895333743217 7.599514483061241 3
active_diff -7.552586224291043 0.39192555097661064 -5.340736250162958 3
active_diff -2.6056462251968378 11.58760455865285 3.884373310610027 3
active_diff -4.8605437276487145 0.229409664044966 -9.176846929863498 3
active_diff 3.880943114575707 -5.414338669199288 -7.930186325092593 3
active_diff -3.432976381067257 -6.055532452232532 6.233886086293593 3
active_diff 4.6395793381493435 -8.097550677990103 1.4845807847894008 3
active_diff -6.0725625678934625 0.2649337577631026 10.235639277961832 3
active_diff -10.686311179748166 -2.4436224650428673 5.762761685824644 3
active_diff 9.545699120761753 -0.2308461568105915 4.208353660854764 3
active_diff -10.071714262993048 -0.43878036271532883 -4.471285416200322 3
active_diff 6.07647082986848 1.446963632396454 6.950806139295556 3
active_diff 5.090013012673301 -1.0061115105266525 7.756796094147536 3
active_diff -7.532023225111086 -3.558605073104654 5.226817015143436 3
active_diff 2.4294345278874294 -1.6309887814759514 9.786781270151467 3
active_diff 4.559146265078839 4.746196572842496 8.773103379794984 3
active_diff -0.4386269087814494 -3.3921818513020305 8.838234278478021 3
active_diff 9.439758780220192 6.781976664733884 -3.2422620361604406 3
active_diff -9.240858269786706 -3.2015139658339296 -1.0340446370951684 3
active_diff -2.750379396411307 -6.13883538302867 -6.667619869140032 3
active_diff -0.27147917612555106 -9.988658283470151 4.74682217200677 3
active_diff -1.1132768762099623 -7.906311302933756 6.5390432943320755 3
active_diff 5.396491740834055 0.7940930438434035 9.456671942173974 3
active_diff -4.274677045604324 5.3475258140379776 9.68164215970504 3
active_diff -0.23353398881258716 10.605018977913435 -9.63913563855844 3
active_diff -1.5772650039402083 3.6505116390422834 7.481690816832062 3
active_diff -9.040216695054585 2.7319397639031426 -4.214342031018295 3
active_diff 2.613867309977533 8.200146100802229 8.102518365610472 3
active_diff -7.521872094886135 3.2222414063494433 -7.269219082474104 3
active_diff 0.30203110129933286 -5.296183590906355 -9.632882645015123 3
active_diff -0.5986057540550518 6.645472161023578 10.12056371102476 3
active_diff 6.354871393745933 9.522685682970145 -5.8651430539551175 3
active_diff -3.358071155861198 8.082158353037842 7.517207814537857 3
active_diff -9.145990691649802 -5.777100067546962 -2.4265626373736655 3
active_diff -7.463548992224036 -7.094408361237405 0.32429530537450957 3
active_diff -6.795861226996789 7.578803466938395 3.9396461507945957 3
active_diff 9.736391073307626 7.796989966708596 4.040994357108401 3
active_diff 9.725387326884398 8.986932044050022 2.320422752226518 3
active_diff -2.878765547393754 10.917230650596903 -4.152048750494569 3
active_diff 6.211108039342326 7.422695695550021 -8.992307982001536 3
active_diff -7.176637978938494 -2.7136987487578965 -7.991375093782715 3
active_diff -2.3852062844332798 9.11887468369593 -7.682412782827267 3
active_diff 9.736692484848941 2.46323602555905 -3.468096304834782 3
active_diff -9.595844549461136 7.817191370697996 -1.7586714317746557 3
active_diff -0.1075368394936862 11.675142671519184 -7.738359886525209 3
active_diff 11.409164286553795 -1.4488572251636656 0.6671361302095568 3
quiesc_diff 0.0 0.0 0.0 4
quiesc_diff 1.0992095934114277 0.9773641965900617 -1.3551743419118247 4
quiesc_diff 2.0764876326204194 3.783964777473543 -2.355603421588063 4
quiesc_diff 1.3958232146540084 4.218435205497828 1.8696306786129262 4
quiesc_diff 2.9639791056658185 1.1767882530218194 -0.6602896666722384 4
quiesc_diff -1.994487777737387 0.13892307619906746 0.05214291280287538 4
quiesc_diff -0.3408711376964349 3.6505246469644472 -0.7088949987361222 4
quiesc_diff 0.030212710659643705 1.8743485804644293 -2.7878866925783807 4
quiesc_diff -2.4702594319338544 3.61838468757053 0.9977816375544074 4
quiesc_diff -2.5724134499882556 -3.56346680366952 0.0027335078094909426 4
quiesc_diff 3.348887585021034 5.1693041622293965 -0.36881838928799665 4
quiesc_diff 3.0494284124810602 -1.3561311258026514 0.36416655523164954 4
quiesc_diff -1.5645875375528144 -0.34927284503503164 -1.8391134225413412 4
quiesc_diff -0.04164017646138422 0.5604726221557579 1.9194104656164908 4
quiesc_diff 1.3266299190560416 5.585808996744281 -2.792719903648198 4
quiesc_diff 3.0108507905550232 3.3231328451819833 0.3981088075002084 4
quiesc_diff 0.3622473128276642 5.972951473655619 -0.09942563125691084 4
quiesc_diff 0.4886770288102833 2.396893897901121 3.091799051895454 4
quiesc_diff 4.6353125109228985 6.2368748262487745 -1.466727213983201 4
quiesc_diff 2.435892481809713 -3.8530663718262943 1.0124761773037871 4
quiesc_diff 0.4981585991775712 6.111280734977191 -4.535566633701449 4
quiesc_diff -1.1390394307062792 2.8832794998430913 -4.058676930907639 4
quiesc_diff -0.34939342020393244 0.27839565394399773 3.8753553843119026 4
quiesc_diff -1.2281615902155296 -0.03308573601459808 -3.7850947415800187 4
quiesc_diff 4.315644949895158 3.566718235394258 1.894163071030447 4
quiesc_diff -1.1545432568304497 -4.162477422730049 -1.274306191498 4
quiesc_diff -2.965978048571422 -1.580820318616231 -0.26200563432724566 4
quiesc_diff -6.620118473056143 1.0502772596546261 2.956288430202252 4
quiesc_diff 3.1460800156515556 -2.3169482114089344 -3.61895600504426 4
quiesc_diff -1.4577077759780706 5.128762903463481 0.04442271671631115 4
quiesc_diff -2.641026238581089 -3.1113963287684117 -2.102313968564215 4
quiesc_diff -1.451222046219901 1.5892936726967568 -5.55137338153499 4
quiesc_diff -0.8652713099059739 -1.9644879914780247 -2.7888696251801726 4
quiesc_diff 5.224102974862923 -1.4808611807361571 -2.4504767465268356 4
quiesc_diff 2.0828300538136597 -2.3591607130002274 -5.312389683509737 4
quiesc_diff -0.9384596816572537 0.04375201834443779 5.7721799159673814 4
quiesc_diff -5.071388985824892 -1.1379833524804783 5.14672121771054 4
quiesc_diff 2.7936503706306164 -0.10848583004773327 3.059572787037565 4
quiesc_diff 4.584105699489642 2.0914829112828626 0.48703254920857475 4
quiesc_diff 4.413158828296033 6.484268348582834 0.698044258547108 4
quiesc_diff -3.0275715306692423 -3.9637545953755158 3.07536344822568 4
quiesc_diff -3.9630847248787804 0.36308269672142013 -0.22058135130441292 4
quiesc_diff -0.9754695236653332 4.818781929199613 3.4996195401304164 4
quiesc_diff 4.364845238213087 -4.3753036512848515 1.0925354522664585 4
quiesc_diff 6.502751279385223 0.4771327140301086 -5.325676245906481 4
quiesc_diff -5.3399533434635025 -1.0717994599682714 2.881047616394177 4
quiesc_diff 5.658692223004149 3.7772443773406748 -1.9369912142098893 4
quiesc_diff 5.248762024371649 2.2523803278095316 -3.4095934344849677 4
quiesc_diff 6.49048051517773 6.126830836659118 -0.7276453536021343 4
quiesc_diff -4.772109230587355 -2.3121361863592678 -0.7126354768110517 4
quiesc_diff 1.7302921611025834 7.470468283880834 -5.332094155186608 4
quiesc_diff -3.9150835061309044 -5.0456786350398914 0.01962158891971378 4
quiesc_diff -4.050575826443406 1.9176701268662448 4.195469321775263 4
quiesc_diff -3.1449686729294486 6.105691379515797 -0.4014039517288713 4
quiesc_diff 3.5093041735816355 2.2487522149038788 4.274505796875701 4
quiesc_diff 3.8065028580780753 4.7089579782447 -2.744749792779965 4
quiesc_diff -0.8837034572462783 -1.4644001099621593 -5.138862726709833 4
quiesc_diff 2.370932289921151 7.265862908290537 -2.4980142666073766 4
quiesc_diff 0.26605645877186923 5.864080231335119 1.9940474228257992 4
quiesc_diff 0.5883546178382573 1.8174307868463102 -4.707584058368276 4
quiesc_diff 0.7379496320810266 -4.7296664044178875 -0.4037331942272929 4
quiesc_diff -5.522432883491398 -0.4571100868988567 0.9006874532647253 4
quiesc_diff 1.119063713482699 -1.7849066905140025 4.33112542620182 4
quiesc_diff -5.481113065453261 1.9924913158372488 -2.6267690949753417 4
quiesc_diff 1.065055959096057 -2.680060216951235 -3.308725595496075 4
quiesc_diff 5.596134960629081 5.288244797473631 -3.4241934759403096 4
quiesc_diff 6.053666721430482 3.6000661920893258 -4.648896157742305 4
quiesc_diff -6.127736273748272 4.874179575809923 -0.18390257496775786 4
quiesc_diff -2.490818152527363 6.105259206096694 1.488592585274257 4
quiesc_diff -3.1413169786818154 -0.3417565735065468 -3.0695067641761775 4
quiesc_diff 6.652217201626132 2.880620387554101 -0.45072961617494256 4
quiesc_diff -0.8503657083798243 -3.7820269599330003 -3.623333477717097 4
quiesc_diff -0.7258644605508519 7.526966241791967 1.4931452307394846 4
quiesc_diff -3.96823338516178 -2.8563149867131976 1.2483751161172538 4
quiesc_diff 4.151394445247718 8.143912332057344 1.782968797805113 4
quiesc_diff 5.067934408043132 3.4882665979479563 3.7456235517702927 4
quiesc_diff -2.5929510449153073 -4.773804819344978 -3.2132085568186275 4
quiesc_diff 0.3413444154779657 1.4581352226483475 6.373529751203836 4
quiesc_diff 2.493314676665218 0.13021011873795696 5.022433636655698 4
quiesc_diff -0.7359945567439103 -5.769933113044882 -2.3882645342246622 4
quiesc_diff 7.784387477798672 0.5983743245207344 1.9142393995480422 4
quiesc_diff -2.675219068185882 -0.25361664891493696 -5.147955986133339 4
quiesc_diff -6.722642163936193 -1.9082221024433221 -0.8922870527460269 4
quiesc_diff -0.683478611580769 3.798880558044326 -5.7774378340871575 4
quiesc_diff -0.72111855298329 2.2082437986574424 4.673192674725678 4
quiesc_diff -3.323208533325165 -5.919992388692462 2.782562391774263 4
quiesc_diff 3.977375388712243 5.868859465791054 2.627133626263655 4
quiesc_diff -5.136015790191916 -0.0760912764242479 -1.7798628965472347 4
quiesc_diff 5.1984066143654335 4.468244421421501 -0.07251685383582124 4
quiesc_diff 2.8528936211483487 3.081204076139204 5.970427105598505 4
quiesc_diff -7.1805486934268865 2.6154768390432412 -0.579931029423228 4
quiesc_diff -7.6179504001716865 2.389450648022799 1.855858477358643 4
quiesc_diff 0.1333039968360612 4.091639611550222 6.279773697275437 4
quiesc_diff 0.9277451556574476 2.066860440376014 -6.662730833108949 4
quiesc_diff -2.966300138172909 2.409186350011897 -6.567402107983728 4
quiesc_diff 2.1023936414059974 -3.245153664369387 -7.105329659126513 4
quiesc_diff 0.8743592656952952 5.922441194379955 -6.490768077650037 4
quiesc_diff -0.054447150143478895 -2.9474494576246784 -6.19380282431159 4
quiesc_diff 6.397492699423622 5.46305561299712 2.379482565988375 4
quiesc_diff 0.668607458518577 8.231218724046206 -3.3574093583269287 4
quiesc_diff 0.6632110928672359 3.850678685112859 -3.769179976540345 4
quiesc_diff 1.910610561108769 9.116170396506599 -1.8943039842411173 4
quiesc_diff 2.1620949065844983 -5.81805303527382 0.7597662640155436 4
quiesc_diff -5.618553326825754 -2.9955622605536876 3.35170538628044 4
quiesc_diff -2.4423198012457106 -2.195268502961118 -3.9970328639367 4
quiesc_diff 2.30795175955821 2.663965094507642 -7.981251125923236 4
quiesc_diff -1.6371514986507316 10.122185465343655 0.06317184774525536 4
quiesc_diff -1.0750242008809932 6.976363137402863 -5.416888546859928 4
quiesc_diff -1.182140512818524 9.352393250548834 2.171104226422842 4
quiesc_diff 6.112957883499513 -3.40401334047808 1.1189421090518026 4
quiesc_diff 6.263687236406997 6.033653064627436 -5.15588065160527 4
quiesc_diff -1.448573143791188 1.0281472250548371 7.43673701404342 4
quiesc_diff -5.749640681879314 -3.762500253074894 1.321970674614404 4
quiesc_diff 0.9346671294228632 -4.169828549829712 -4.636727503419755 4
quiesc_diff 7.181707469518161 1.9089338997547625 -3.0277996980987183 4
quiesc_diff 2.7838443866039406 -2.573539527806626 5.109947330327385 4
quiesc_diff -0.7171172587803809 1.0447115351784455 -7.330283288347127 4
quiesc_diff 5.928150223260807 -2.868570110569019 -3.706892839262639 4
quiesc_diff 2.533553361054566 -3.179175144549754 2.8929901938601223 4
quiesc_diff -3.131929653392914 2.730303523914588 -4.129294995938749 4
quiesc_diff 0.984888786687913 6.234947598490221 5.042435150130206 4
quiesc_diff -4.099779926440172 -4.066304884614339 -4.321770943046243 4
quiesc_diff -1.8861695967400185 5.299150125517547 5.214224967879908 4
quiesc_diff 2.2815119713763745 0.17616994355341076 -6.477395750114041 4
quiesc_diff -4.573368299939335 -3.611609072670335 -2.228176467919168 4
quiesc_diff 7.596698700056363 -1.0773410656087379 0.05166412489304073 4
quiesc_diff -4.792924265596497 -0.392023177520096 -4.1963016161041 4
quiesc_diff -1.8704486369261606 -5.175348900642642 4.167657295237511 4
quiesc_diff 7.204101831707192 5.0064686157029845 -2.25435049507451 4
quiesc_diff 2.9916433157610944 5.307529506674401 -6.278058573033526 4
quiesc_diff -6.744502988742303 4.078705041520733 -2.1721425167726927 4
quiesc_diff 4.745060697571771 7.046754455240955 4.049533942767441 4
quiesc_diff -6.088909236162183 -3.8150304020250334 -0.798348497038526 4
quiesc_diff -1.3162678300638344 -0.9624928737728373 -7.025917890087351 4
quiesc_diff 3.578446415030553 -1.7945734243045046 -6.514210341305048 4
quiesc_diff -7.063900651802436 -1.270476420053337 5.035622846937053 4
quiesc_diff -8.103910573241334 4.8272964859252605 -0.4881017102491898 4
quiesc_diff -3.4221177464269577 7.61304617719587 2.415555106731312 4
quiesc_diff 7.9126238391005606 1.329360728235591 -0.38024147829753496 4
quiesc_diff 8.367824401474838 5.4622495355684455 -0.5434942557951943 4
quiesc_diff 2.7678376273454854 -6.703043923013013 2.447921139867778 4
quiesc_diff -1.6188199948018085 -5.878577821078804 -0.35809304306259393 4
quiesc_diff -4.93678960889198 6.126518248459042 -1.2896291343128718 4
quiesc_diff -1.4262417419538018 -4.254493703296864 -5.553634926229239 4
quiesc_diff 7.167233025054122 -5.050693983718054 -0.38166389484171004 4
quiesc_diff 6.100093869137573 2.4997979373288954 5.144757767579195 4
quiesc_diff 0.4569313538035309 8.55703238929365 -6.426594360423298 4
quiesc_diff 3.8033257823430233 -6.1136477424745825 -2.3618747161359037 4
quiesc_diff -5.684439702005662 -2.716818383582251 -3.629914661103486 4
quiesc_diff -5.408239177159726 -0.16768170825266238 6.862835044881244 4
quiesc_diff 0.9613048419094894 -0.7430613558012105 6.031028493137443 4
