310
 Lattice="1.0 0.0 0.0 0.0 1.0 0.0 0.0 0.0 1.0"Properties=species:S:1:pos:R:3:Color:r:1
active_stem 0.5029829626239969 -3.4986237188395926 1.3842707393740135 1
active_stem 5.109642069761439 -0.3521834050724121 -4.154573558411431 1
active_stem -3.349851434037521 -0.3277677771864902 4.530394048637994 1
active_stem 4.166992487174981 4.62520110602274 -4.810754146910291 1
active_stem -0.6676521166868489 7.167000178096322 -2.3172895411288663 1
active_stem 2.157375795839583 6.4648118185838905 3.438553404585573 1
active_stem -4.078855401479997 4.634021614711482 1.6149531201972713 1
active_stem 1.3475407595251456 -0.49481554116827386 -4.841096188687114 1
active_stem 6.310724342884436 3.5653741415600444 1.7539617547695148 1
active_stem 2.132260718395389 -4.201509988299194 -2.3048169480111795 1
active_stem 4.03802749123205 -2.2189955944918878 1.8735163391340874 1
active_stem 1.1317566877733136 7.800987694864938 0.15774920386018926 1
active_stem -4.872027971637417 4.002411945920121 -1.473560614715579 1
active_stem -2.8559014447583335 7.994799445349513 -1.6403343993594235 1
active_stem 0.14018964718742966 -5.041794749293893 2.6036985482422366 1
active_stem -3.672119369073121 4.720322399068327 -3.1860531579625073 1
active_stem -1.731877493195372 5.369901174206258 -4.0969783709879755 1
active_stem 3.0584158526816907 4.154075264103847 3.8615870803403856 1
active_stem 4.158929434862123 -4.157649782959732 -2.0746550792543057 1
active_stem 2.1357649273945216 -5.916276170233206 -1.2754653745365276 1
active_stem 0.6859967780034522 -1.0326535892284952 -6.650264449123715 1
active_stem -4.445310346840067 3.851057895950414 4.521347201912836 1
active_stem 6.652217201626132 2.880620387554101 -0.45072961617494256 1
active_stem -5.067970910449741 -6.154177324940407 -1.1812453010609436 1
active_stem -5.462330332820498 3.1302241769362142 1.940803859303983 1
active_stem 4.317232821175779 0.22446801324698418 -5.898007160389475 1
active_stem -7.849205088691156 1.21281754013426 6.74479043436777 1
active_stem 6.44373197580693 -2.816410093844068 -1.0427481985213813 1
active_stem -2.3219370411531512 8.254433621796428 0.2695012244844963 1
active_stem -1.3015869607819208 6.770675524682758 3.7890306821418944 1
active_stem 7.200597171250061 -1.7501699979763288 -2.595195275418823 1
active_stem 2.443531069923792 9.000489487307927 -6.404626381279157 1
active_stem -1.5309563271770132 -1.459767423615891 3.8787485939186785 1
active_stem 1.2184933192014973 9.702639495590772 0.7710983585548781 1
active_stem -2.5205357697193516 3.266968008725091 5.502102972034008 1
active_stem 4.442712274424131 -3.190041767005278 3.574486520265983 1
active_stem -3.7655791490604273 5.785421432167794 3.219987839457737 1
active_stem 1.5294583979177143 4.048595691945663 -5.734549210960297 1
active_stem 5.462648998713017 0.28625688539361294 3.6361047038847376 1
active_stem 4.340167434756216 2.966281892990285 -5.914383379108323 1
active_stem 2.4657013585396235 8.383881957452909 2.9672730745409712 1
active_stem -3.350446213215612 -2.2751943254193785 4.9859480909595035 1
active_stem -7.04146621692616 -1.4248467471374664 1.8909912773592108 1
active_stem 6.556242515729675 -0.05640822226600019 -1.3176959657626137 1
active_stem 1.7847083680535194 -5.040983064441502 3.741924148854286 1
active_stem 3.021548595634822 -4.065062714215731 -4.582588513060236 1
active_stem 4.806724975527908 4.458098099399368 -7.162104689114802 1
active_stem 0.07392296219963482 4.778482960437542 8.15719749248385 1
active_stem 0.39041996342373686 -5.114001652742828 5.173925591059362 1
active_stem 1.0582632830184457 9.62888434295887 3.6521724274810277 1
active_stem -1.2034977168809435 -4.527682818535466 1.2140912464570475 1
active_stem -1.1743200825926117 -3.0768207696823593 5.000331878844045 1
active_stem -5.281716397422301 5.900856769273244 -3.3106966780282017 1
active_stem -0.2282788560436848 7.9337455278765185 5.011846236497531 1
active_stem -5.417332278747035 1.5670541655113763 5.808610904947443 1
active_stem 3.8696829026669515 8.436135515194668 -1.8781686194306781 1
active_stem 8.440774488135933 -2.765097970154009 -0.9468927348634392 1
active_stem 9.0290942054338 -1.7239007240180606 -3.405077070020343 1
active_stem -3.2620169127301586 4.707053076862804 6.675286977672588 1
active_stem -4.788988394376876 6.335671764896443 0.8402932601458921 1
active_stem -3.1737537580003563 1.2114564645523223 5.84848030886894 1
active_stem -0.15560456555403013 8.864376899746745 -0.9431160932458136 1
active_stem -4.45104122460895 7.972220656928633 -2.8465761997674393 1
active_stem 2.2815119713763745 0.17616994355341076 -6.477395750114041 1
active_stem 3.333566552416972 7.250796938268016 -6.787265667993619 1
active_stem 7.38803949251309 1.9556798509882878 3.3286756767909225 1
active_stem 0.4368414734324099 -6.979288427947664 2.2060605983906214 1
active_stem -5.447194689488907 5.517948188425125 4.987935368081538 1
active_stem 7.596698700056363 -1.0773410656087379 0.05166412489304073 1
active_stem -9.620109106318887 0.2919782729347197 6.871099596083666 1
active_stem 0.5347970411123448 -1.6568796134754802 -8.544328996655521 1
active_stem 1.6253959579865942 -7.761343437853011 -0.6964573495286902 1
active_stem -3.3966776604292077 -0.8688633544778509 6.455237647676016 1
active_stem -6.747448949541581 0.08514797147544861 -0.5843350502843159 1
active_stem 2.6849472172542086 10.506484372911139 1.8680698158370692 1
active_stem 5.970013681261848 4.520599923960133 5.20183125976865 1
active_stem -3.6834677431509153 7.325214201989392 4.493681657855508 1
active_stem 2.9916433157610944 5.307529506674401 -6.278058573033526 1
active_stem -6.744502988742303 4.078705041520733 -2.1721425167726927 1
active_stem 5.693640205391151 -5.432654202661353 -1.9367182075936429 1
active_stem -8.501439528154632 0.40814389840773535 3.1760515618164424 1
active_stem 5.843308895919337 -0.21766867639442478 5.533776190426991 1
active_stem 3.6511045223748546 -5.957734326509613 -4.436118368923705 1
active_stem -6.508508922928632 4.051028458114869 3.3752479444332772 1
active_stem -1.5560344479579622 8.698939615499286 -3.246772404669013 1
active_stem 2.9198435048476608 5.185690930648434 5.569382975919108 1
active_stem -8.595122984527558 -2.0615224836777135 0.8043475201934545 1
active_stem 6.188212160570058 -2.3761100898747167 4.113694617783061 1
active_stem 5.929771100544557 -1.5763510786953034 1.9646982613657544 1
active_stem 1.0531289648790345 4.277962132093947 -7.663409316658674 1
active_stem 7.9126238391005606 1.329360728235591 -0.38024147829753496 1
active_stem 4.704746665616535 1.1986265992884237 -7.6011947805912214 1
active_stem -3.660605402157306 -6.4129715636176305 -2.5785097241735664 1
active_stem 5.509597052939125 -1.7537747451247818 -5.524090891971521 1
quiesc_stem -0.6611768657145145 1.8803200832106293 0.16505010426747171 2
quiesc_stem 1.0967792812774033 2.759503295405495 0.5346810886938967 2
quiesc_stem 0.7787824609155399 -1.8083159199133072 0.35141344931351887 2
quiesc_stem -1.6781035771986383 2.009055268334961 1.8823990250116196 2
quiesc_stem 1.5120699497810692 4.396158502129564 -0.537183359338956 2
quiesc_stem 1.8364199356819455 -1.1478442271327278 -1.2122937211647957 2
quiesc_stem -1.1793409814048448 -2.201827826699502 0.45582113031860844 2
quiesc_stem -2.8777574189823474 0.845486647389919 2.981006654807463 2
quiesc_stem 3.3710903650762862 -0.728755346754587 -2.424379189886365 2
quiesc_stem 2.8547786755759605 0.8616920942632273 1.311711772679105 2
quiesc_stem 2.418662447503306 2.690959705624465 2.6574241166605406 2
quiesc_stem -4.755339587190759 0.7500323880475879 2.298677052636192 2
quiesc_stem 3.7435327574827957 0.9367185587152601 -3.467203880108806 2
quiesc_stem -2.471834251241517 2.2661851036559315 -0.5916717853546456 2
quiesc_stem -0.7688428693197624 5.219642228815525 -1.8728151898390841 2
quiesc_stem 2.6823964686793245 3.419181859195033 -4.226380774700388 2
quiesc_stem -2.872192770778772 4.002862799037404 -1.499230950477469 2
quiesc_stem 0.9565993632974329 -2.946806181966462 -1.2832795103695671 2
quiesc_stem 2.3198514395456105 5.955608071262208 1.5112980481483755 2
quiesc_stem -0.5520467781283507 3.661395452700834 1.9244466218196474 2
quiesc_stem 4.368594636645496 1.4806717016265298 2.462896154817557 2
quiesc_stem -2.105887392881043 -2.4107532224591464 2.215895539651139 2
quiesc_stem 0.8707495595629702 -0.7292615533577287 -2.912961022520828 2
quiesc_stem -2.424120662848842 6.202342855448144 -2.4153600309954255 2
quiesc_stem -3.849516327305197 2.188116018733337 1.2257771452147317 2
quiesc_stem 4.096623962394855 2.6666838969839786 -1.3655035339691344 2
quiesc_stem 4.882781429398253 -1.8210870558630163 -0.28593551249489446 2
quiesc_stem 3.240149211441441 -2.571060064877841 -1.2755455951860284 2
quiesc_stem 4.584764853761406 0.02644650607028609 -0.9914890952763378 2
quiesc_stem 1.008115540275603 -1.7079918708807056 2.335686974787498 2
quiesc_stem -2.3816815601850667 2.863672957326766 3.548114074928338 2
quiesc_stem 5.823102129683154 0.4559799190062419 1.5494331269243844 2
quiesc_stem 0.9987135874330809 3.701385607476147 4.519441895367953 2
quiesc_stem -5.558415401416581 1.802180347864239 0.2610400761373207 2
quiesc_stem -3.5328427252846355 1.7950368963667467 -2.2202541089652392 2
quiesc_stem 2.953957676170234 1.6528325542774172 -5.159466252298847 2
quiesc_stem -0.24281876657286183 -3.0947593509402624 3.195533655978958 2
quiesc_stem -3.4148867029934076 -0.8638773230168046 2.092430856727678 2
quiesc_stem 2.7791532122632416 5.933077667063733 -4.122975726151926 2
active_diff 2.435892481809713 -3.8530663718262943 1.0124761773037871 3
active_diff 0.4981585991775712 6.111280734977191 -4.535566633701449 3
active_diff -1.1390394307062792 2.8832794998430913 -4.058676930907639 3
active_diff -1.1545432568304497 -4.162477422730049 -1.274306191498 3
active_diff -6.620118473056143 1.0502772596546261 2.956288430202252 3
active_diff -2.641026238581089 -3.1113963287684117 -2.102313968564215 3
active_diff -1.451222046219901 1.5892936726967568 -5.55137338153499 3
active_diff -0.8652713099059739 -1.9644879914780247 -2.7888696251801726 3
active_diff 5.224102974862923 -1.4808611807361571 -2.4504767465268356 3
active_diff 2.0828300538136597 -2.3591607130002274 -5.312389683509737 3
active_diff -0.9384596816572537 0.04375201834443779 5.7721799159673814 3
active_diff -5.071388985824892 -1.1379833524804783 5.14672121771054 3
active_diff -3.0275715306692423 -3.9637545953755158 3.07536344822568 3
active_diff -0.9754695236653332 4.818781929199613 3.4996195401304164 3
active_diff -7.112621821423212 1.0280479370511817 4.89457280280185 3
active_diff 4.364845238213087 -4.3753036512848515 1.0925354522664585 3
active_diff 6.502751279385223 0.4771327140301086 -5.325676245906481 3
active_diff -5.3399533434635025 -1.0717994599682714 2.881047616394177 3
active_diff 5.658692223004149 3.7772443773406748 -1.9369912142098893 3
active_diff 5.248762024371649 2.2523803278095316 -3.4095934344849677 3
active_diff 6.49048051517773 6.126830836659118 -0.7276453536021343 3
active_diff -4.772109230587355 -2.3121361863592678 -0.7126354768110517 3
active_diff 1.7302921611025834 7.470468283880834 -5.332094155186608 3
active_diff -3.9150835061309044 -5.0456786350398914 0.01962158891971378 3
active_diff -4.050575826443406 1.9176701268662448 4.195469321775263 3
active_diff -3.1449686729294486 6.105691379515797 -0.4014039517288713 3
active_diff 3.5093041735816355 2.2487522149038788 4.274505796875701 3
active_diff -0.8837034572462783 -1.4644001099621593 -5.138862726709833 3
active_diff 2.370932289921151 7.265862908290537 -2.4980142666073766 3
active_diff -5.522432883491398 -0.4571100868988567 0.9006874532647253 3
active_diff 1.119063713482699 -1.7849066905140025 4.33112542620182 3
active_diff -5.481113065453261 1.9924913158372488 -2.6267690949753417 3
active_diff 1.065055959096057 -2.680060216951235 -3.308725595496075 3
active_diff 5.596134960629081 5.288244797473631 -3.4241934759403096 3
active_diff 6.053666721430482 3.6000661920893258 -4.648896157742305 3
active_diff -6.127736273748272 4.874179575809923 -0.18390257496775786 3
active_diff -2.490818152527363 6.105259206096694 1.488592585274257 3
active_diff -3.1413169786818154 -0.3417565735065468 -3.0695067641761775 3
active_diff 5.659808180787706 7.383050048586833 -2.7460594546957386 3
active_diff -0.7258644605508519 7.526966241791967 1.4931452307394846 3
active_diff -3.96823338516178 -2.8563149867131976 1.2483751161172538 3
active_diff 4.151394445247718 8.143912332057344 1.782968797805113 3
active_diff 5.067934408043132 3.4882665979479563 3.7456235517702927 3
active_diff -2.5929510449153073 -4.773804819344978 -3.2132085568186275 3
active_diff 0.3413444154779657 1.4581352226483475 6.373529751203836 3
active_diff 2.493314676665218 0.13021011873795696 5.022433636655698 3
active_diff -0.7359945567439103 -5.769933113044882 -2.3882645342246622 3
active_diff 7.784387477798672 0.5983743245207344 1.9142393995480422 3
active_diff -2.675219068185882 -0.25361664891493696 -5.147955986133339 3
active_diff -6.722642163936193 -1.9082221024433221 -0.8922870527460269 3
active_diff -0.683478611580769 3.798880558044326 -5.7774378340871575 3
active_diff 7.027802903719332 7.986681779311681 -0.22541122305511252 3
active_diff -3.323208533325165 -5.919992388692462 2.782562391774263 3
active_diff 3.977375388712243 5.868859465791054 2.627133626263655 3
active_diff 7.374320351679547 -1.0525457375853282 -6.274597310528513 3
active_diff -5.388461281217818 -2.1847033800833833 6.821188996829994 3
active_diff -5.136015790191916 -0.0760912764242479 -1.7798628965472347 3
active_diff 2.8528936211483487 3.081204076139204 5.970427105598505 3
active_diff -7.1805486934268865 2.6154768390432412 -0.579931029423228 3
active_diff -7.6179504001716865 2.389450648022799 1.855858477358643 3
active_diff 0.1333039968360612 4.091639611550222 6.279773697275437 3
active_diff 0.9277451556574476 2.066860440376014 -6.662730833108949 3
active_diff -2.966300138172909 2.409186350011897 -6.567402107983728 3
active_diff 5.337608927043917 -5.752960269930678 0.01745729380839256 3
active_diff 2.1023936414059974 -3.245153664369387 -7.105329659126513 3
active_diff 0.8743592656952952 5.922441194379955 -6.490768077650037 3
active_diff -0.054447150143478895 -2.9474494576246784 -6.19380282431159 3
active_diff 6.397492699423622 5.46305561299712 2.379482565988375 3
active_diff 0.668607458518577 8.231218724046206 -3.3574093583269287 3
active_diff 1.910610561108769 9.116170396506599 -1.8943039842411173 3
active_diff 2.1620949065844983 -5.81805303527382 0.7597662640155436 3
active_diff 2.5336536987223126 4.367465048528711 7.468298456161369 3
active_diff -5.618553326825754 -2.9955622605536876 3.35170538628044 3
active_diff -3.574031400162713 -7.011347308381103 -0.12119789715967202 3
active_diff 3.473872292187597 7.978579419212448 -4.494388120447939 3
active_diff -2.4423198012457106 -2.195268502961118 -3.9970328639367 3
active_diff 2.30795175955821 2.663965094507642 -7.981251125923236 3
active_diff -1.6371514986507316 10.122185465343655 0.06317184774525536 3
active_diff 0.013963181713414152 7.1369037887400095 -7.8267318442129215 3
active_diff 4.543460156577289 -7.532755455963299 -0.43160486908383794 3
active_diff -1.0750242008809932 6.976363137402863 -5.416888546859928 3
active_diff -0.4718279699057046 -7.751114669500105 -2.31660105147431 3
active_diff 6.515236929409056 3.4601163119981035 -6.589866784559998 3
active_diff -1.182140512818524 9.352393250548834 2.171104226422842 3
active_diff 8.07394383429549 2.718986820879613 1.3360077758441458 3
active_diff 6.112957883499513 -3.40401334047808 1.1189421090518026 3
active_diff 6.263687236406997 6.033653064627436 -5.15588065160527 3
active_diff -1.448573143791188 1.0281472250548371 7.43673701404342 3
active_diff 1.1205353236674482 -5.68090600732288 -3.1923974483374664 3
active_diff -5.749640681879314 -3.762500253074894 1.321970674614404 3
active_diff 0.9346671294228632 -4.169828549829712 -4.636727503419755 3
active_diff 7.181707469518161 1.9089338997547625 -3.0277996980987183 3
active_diff -8.313729416449497 1.136996998716573 -1.307941201548303 3
active_diff 2.7838443866039406 -2.573539527806626 5.109947330327385 3
active_diff -0.7171172587803809 1.0447115351784455 -7.330283288347127 3
active_diff 5.928150223260807 -2.868570110569019 -3.706892839262639 3
active_diff 8.213656328848545 5.245553946462083 1.57062986233426 3
active_diff 2.533553361054566 -3.179175144549754 2.8929901938601223 3
active_diff 4.333891332827927 1.619745508059749 5.984595437669784 3
active_diff -3.131929653392914 2.730303523914588 -4.129294995938749 3
active_diff 0.984888786687913 6.234947598490221 5.042435150130206 3
active_diff -3.2339905552419617 -4.135095060052258 5.712038537830964 3
active_diff -4.099779926440172 -4.066304884614339 -4.321770943046243 3
active_diff -1.8861695967400185 5.299150125517547 5.214224967879908 3
active_diff -4.573368299939335 -3.611609072670335 -2.228176467919168 3
active_diff 9.32964822336634 -1.1701259576700984 -5.871028473711773 3
active_diff -4.792924265596497 -0.392023177520096 -4.1963016161041 3
active_diff -1.8704486369261606 -5.175348900642642 4.167657295237511 3
active_diff 1.0207260100697009 10.602201072719353 -2.8942131377028995 3
active_diff -2.0460818819445508 5.070967266206289 -6.502081011459019 3
active_diff -6.060296181262528 1.3698195923717869 -4.436969869242667 3
active_diff -3.906990110436789 2.8437938937645635 -8.278021486745542 3
active_diff -2.7735880618664313 7.066317971408894 -4.289355971783303 3
active_diff 0.8285916165966237 0.43317978321498485 8.020362017155046 3
active_diff 7.204101831707192 5.0064686157029845 -2.25435049507451 3
active_diff -6.550737718610266 -0.41721631139072374 -3.151794227106962 3
active_diff 5.049619005875954 8.87089770503717 0.1505825364816491 3
active_diff 2.4690967026992223 0.8925314257063146 6.871292667160468 3
active_diff 4.745060697571771 7.046754455240955 4.049533942767441 3
active_diff -6.088909236162183 -3.8150304020250334 -0.798348497038526 3
active_diff -1.3162678300638344 -0.9624928737728373 -7.025917890087351 3
active_diff -3.0599281206453837 -7.234923472873751 4.266354718265063 3
active_diff -4.148554812252129 -0.805723566875075 -6.382646123940115 3
active_diff 0.03671541690117941 9.559901689122198 -4.712146980915698 3
active_diff 3.578446415030553 -1.7945734243045046 -6.514210341305048 3
active_diff -7.063900651802436 -1.270476420053337 5.035622846937053 3
active_diff -4.107454626964765 -2.3427345005609004 8.348948178350438 3
active_diff -7.796368990165346 -2.764216767605536 -2.346379152941094 3
active_diff -8.103910573241334 4.8272964859252605 -0.4881017102491898 3
active_diff -3.4221177464269577 7.61304617719587 2.415555106731312 3
active_diff -8.558073842698064 4.135289921659547 2.1170349377065563 3
active_diff 8.075411250622892 8.258072543210002 1.4565114281891938 3
active_diff 8.367824401474838 5.4622495355684455 -0.5434942557951943 3
active_diff 2.7678376273454854 -6.703043923013013 2.447921139867778 3
active_diff 6.78991974675429 8.715709617597007 -3.71913001821833 3
active_diff 1.8101941289029733 -4.669790121362764 -8.478293755633901 3
active_diff -1.6188199948018085 -5.878577821078804 -0.35809304306259393 3
active_diff -4.93678960889198 6.126518248459042 -1.2896291343128718 3
active_diff -1.4262417419538018 -4.254493703296864 -5.553634926229239 3
active_diff 6.920673527089557 0.799716111562068 -7.254738439437444 3
quiesc_diff 0.0 0.0 0.0 4
quiesc_diff 1.0992095934114277 0.9773641965900617 -1.3551743419118247 4
quiesc_diff 2.0764876326204194 3.783964777473543 -2.355603421588063 4
quiesc_diff 1.3958232146540084 4.218435205497828 1.8696306786129262 4
quiesc_diff 2.9639791056658185 1.1767882530218194 -0.6602896666722384 4
quiesc_diff -1.994487777737387 0.13892307619906746 0.05214291280287538 4
quiesc_diff -0.3408711376964349 3.6505246469644472 -0.7088949987361222 4
quiesc_diff 0.030212710659643705 1.8743485804644293 -2.7878866925783807 4
quiesc_diff -2.4702594319338544 3.61838468757053 0.9977816375544074 4
quiesc_diff -2.5724134499882556 -3.56346680366952 0.0027335078094909426 4
quiesc_diff 3.348887585021034 5.1693041622293965 -0.36881838928799665 4
quiesc_diff 3.0494284124810602 -1.3561311258026514 0.36416655523164954 4
quiesc_diff -1.5645875375528144 -0.34927284503503164 -1.8391134225413412 4
quiesc_diff -0.04164017646138422 0.5604726221557579 1.9194104656164908 4
quiesc_diff 1.3266299190560416 5.585808996744281 -2.792719903648198 4
quiesc_diff 3.0108507905550232 3.3231328451819833 0.3981088075002084 4
quiesc_diff 0.3622473128276642 5.972951473655619 -0.09942563125691084 4
quiesc_diff 0.4886770288102833 2.396893897901121 3.091799051895454 4
quiesc_diff 4.6353125109228985 6.2368748262487745 -1.466727213983201 4
quiesc_diff -0.34939342020393244 0.27839565394399773 3.8753553843119026 4
quiesc_diff -1.2281615902155296 -0.03308573601459808 -3.7850947415800187 4
quiesc_diff 4.315644949895158 3.566718235394258 1.894163071030447 4
quiesc_diff -2.965978048571422 -1.580820318616231 -0.26200563432724566 4
quiesc_diff 3.1460800156515556 -2.3169482114089344 -3.61895600504426 4
quiesc_diff -1.4577077759780706 5.128762903463481 0.04442271671631115 4
quiesc_diff 2.7936503706306164 -0.10848583004773327 3.059572787037565 4
quiesc_diff 4.584105699489642 2.0914829112828626 0.48703254920857475 4
quiesc_diff 4.413158828296033 6.484268348582834 0.698044258547108 4
quiesc_diff -3.9630847248787804 0.36308269672142013 -0.22058135130441292 4
quiesc_diff 3.8065028580780753 4.7089579782447 -2.744749792779965 4
quiesc_diff 0.26605645877186923 5.864080231335119 1.9940474228257992 4
quiesc_diff 0.5883546178382573 1.8174307868463102 -4.707584058368276 4
quiesc_diff 0.7379496320810266 -4.7296664044178875 -0.4037331942272929 4
quiesc_diff -0.8503657083798243 -3.7820269599330003 -3.623333477717097 4
quiesc_diff -0.72111855298329 2.2082437986574424 4.673192674725678 4
quiesc_diff 5.1984066143654335 4.468244421421501 -0.07251685383582124 4
quiesc_diff 0.6632110928672359 3.850678685112859 -3.769179976540345 4
