16
 Lattice="1.0 0.0 0.0 0.0 1.0 0.0 0.0 0.0 1.0"Properties=species:S:1:pos:R:3:Color:r:1
active_stem -0.6611768657145145 1.8803200832106293 0.16505010426747171 1
active_stem 1.0967792812774033 2.759503295405495 0.5346810886938967 1
active_stem 0.7787824609155399 -1.8083159199133072 0.35141344931351887 1
active_stem -1.6781035771986383 2.009055268334961 1.8823990250116196 1
active_stem 1.5120699497810692 4.396158502129564 -0.537183359338956 1
active_stem 1.8364199356819455 -1.1478442271327278 -1.2122937211647957 1
active_stem -1.1793409814048448 -2.201827826699502 0.45582113031860844 1
active_stem 2.0764876326204194 3.783964777473543 -2.355603421588063 1
active_stem 1.3958232146540084 4.218435205497828 1.8696306786129262 1
active_stem 2.9639791056658185 1.1767882530218194 -0.6602896666722384 1
active_stem -2.8777574189823474 0.845486647389919 2.981006654807463 1
active_stem -0.3408711376964349 3.6505246469644472 -0.7088949987361222 1
active_stem 3.3710903650762862 -0.728755346754587 -2.424379189886365 1
active_diff 0.0 0.0 0.0 3
active_diff 1.0992095934114277 0.9773641965900617 -1.3551743419118247 3
active_diff -1.994487777737387 0.13892307619906746 0.05214291280287538 3
