664
 Lattice="1.0 0.0 0.0 0.0 1.0 0.0 0.0 0.0 1.0"Properties=species:S:1:pos:R:3:Color:r:1
active_stem 1.1727925359755424 -8.457699742154233 1.047405260284417 1
active_stem -2.006708429597504 -5.576503986372867 -5.931964701406562 1
active_stem -3.347056307832739 -6.75460917204673 -4.029473197831281 1
active_stem -0.4748135247965213 -9.083158228271962 2.9507972694813938 1
active_stem -1.979253983863742 -7.262403820020142 -7.007598470083215 1
active_stem -3.1333557636680758 -7.270863077886857 -8.640992948710107 1
active_stem 2.733394035410138 -9.000599542464121 -0.07944112089891675 1
active_stem 0.6014644281699256 -10.437151096427153 -1.9119969437101818 1
active_stem -3.676053744391697 -5.735865558595191 -7.021868417004185 1
active_stem -3.732945857810044 -2.267073729673772 9.921747566264488 1
active_stem -4.434160201158711 -7.430668036947483 -5.566076444054788 1
active_stem 4.562050613559199 -9.339570667064674 4.069004593871361 1
quiesc_stem -0.9037947892524005 -3.3265153049237957 -2.69625734143323 2
quiesc_stem -1.1044647412745656 -3.0062478413351927 1.8702761634854104 2
quiesc_stem 1.8642642810264938 0.07499337007085298 -0.7203434492894246 2
quiesc_stem -2.352884904207632 -3.6260362452942267 -4.041777703604924 2
quiesc_stem 0.6270500668403585 -6.761404772342284 0.13924859275787682 2
quiesc_stem -2.6660746240890814 -4.1316408612518245 1.3272613159729718 2
quiesc_stem 0.18433721743640463 -3.893889398028157 3.115700580322682 2
quiesc_stem -1.3788573249246432 -5.934007457179422 2.546044220025553 2
quiesc_stem -0.382291265360418 -8.346925739006148 -0.5443838665215605 2
quiesc_stem 4.851109779781173 -3.4001529506844204 2.259812204494026 2
quiesc_stem -3.4816337389572336 -2.1019690845918038 6.248242214133218 2
quiesc_stem 2.618622673855281 -6.930133631226965 0.06735197832257081 2
active_diff -6.252382943403527 3.3378794371927025 -0.4610925907826919 3
active_diff 6.110325045420356 -0.9390642498281294 -4.536622426940888 3
active_diff 0.8174967372068556 10.426480826251463 -1.798398281437826 3
active_diff 5.551144241724661 -2.566691742676179 -5.555516716503554 3
active_diff 5.435286649141613 3.0696322487899903 1.0903448405090976 3
active_diff -5.99308936925372 2.5911723139040315 -4.59979314728562 3
active_diff -3.077011416031466 4.3697038679663756 5.183428258911129 3
active_diff 7.114957238061822 1.0165367866820831 -0.6188104246222477 3
active_diff 0.9875727398036844 7.9735533165132715 1.7888977446864638 3
active_diff -6.917007719011754 6.74812903049236 0.16898771303148563 3
active_diff 2.318024220094287 9.9551205600287 -3.033807838032689 3
active_diff -5.4667094130334695 4.969031522668443 -5.448627101379265 3
active_diff -3.668010409814531 3.128900526790149 -8.811874733006688 3
active_diff 7.029262581907568 -1.9198126126196655 -1.1882759666749436 3
active_diff 0.5498376554741258 4.402015445872491 6.003394658774973 3
active_diff 6.216571346845151 -5.026118903711016 -0.4883845007584975 3
active_diff -7.347357096671827 0.14586042405294042 -3.6691527188947433 3
active_diff -5.5872516108752635 -2.7051682873377434 -6.115935167301177 3
active_diff -3.8273895916547396 -3.7672047409062497 -8.172677819954185 3
active_diff 3.9781803050753153 -7.098699633572457 -4.22423089401146 3
active_diff -0.8181196763669301 1.2489189489320631 5.978780942710312 3
active_diff 4.625441297813467 1.6132693667793805 -6.452659053595008 3
active_diff 8.314816890679811 1.6889575612854661 -3.6355875842449668 3
active_diff 0.5489153533044309 3.846213743560188 -9.382993046169181 3
active_diff -4.769710130488365 -4.919238543582542 -3.1285751044466577 3
active_diff -5.876723831280931 3.767672059487732 1.6111809520945728 3
active_diff 6.750487144691516 -2.14402345002022 2.995729173502598 3
active_diff 7.576240656381642 5.551298384429534 -2.067261342102528 3
active_diff 4.2624499355287115 5.133656758865005 3.281009234310464 3
active_diff 7.43978389105019 0.7962088288887019 2.3240397521057217 3
active_diff -7.770180134305674 2.1105814968883414 -0.025166618839952137 3
active_diff -1.9233394013946006 6.896614109218697 -6.659091588559516 3
active_diff -6.507816157890727 -1.579276855794837 5.320690111313309 3
active_diff -1.0254281089500097 0.8293564227024552 -10.166430438388693 3
active_diff 5.971695028598617 4.3272527291654175 -5.104549520262296 3
active_diff -4.044186554903223 8.316694121423176 -1.8341881469448582 3
active_diff -6.175571574937387 -0.6744544891179918 -8.082087559874276 3
active_diff -1.5367246300927482 -7.183178025562025 -1.935341409485121 3
active_diff 2.470320407224558 -8.791533464598679 2.532321577485788 3
active_diff -2.0110191496322094 -7.806046175563829 2.8556285611219128 3
active_diff -5.626469027484685 1.549186072482827 4.547774996303513 3
active_diff -2.2246882584460406 2.6015922934068336 7.095065938159948 3
active_diff 6.053165748975793 4.641359505066374 2.161745255790897 3
active_diff -5.306275037675782 -0.10073211961627032 7.670330550738645 3
active_diff 4.684408330268242 1.8613628536515847 5.868636623710841 3
active_diff -7.824821899147887 -1.879209447644298 2.4206790036433596 3
active_diff 5.9052553417718086 4.15994993580647 4.172908559770926 3
active_diff 1.3287233921626675 -2.7827696363764836 5.623352703449182 3
active_diff -7.93808321763697 0.07776288651709676 4.137861479368736 3
active_diff -2.4363323959369163 -5.071449761349407 7.579550810251428 3
active_diff -0.09002979080850682 6.908136961530453 4.289844264776147 3
active_diff -0.7141589923030068 -3.5388084466508474 5.9371655271985055 3
active_diff -1.379672423061935 9.95248116602388 -0.4764695966532836 3
active_diff -7.464582512150768 2.429134473472639 -5.944579996074417 3
active_diff 1.0576197033417138 9.924908925254188 2.22168488767302 3
active_diff -4.644281150584599 -4.0861128355397405 6.051185811419332 3
active_diff -0.27478717440397094 -7.474335781229963 -5.5538250353105045 3
active_diff -4.498951279563966 -7.49387046463703 2.1908357777088385 3
active_diff -4.9228788747462655 -1.0399990065434523 -10.102670058525117 3
active_diff 1.7649042555908299 2.3153467903303984 -8.410263291981341 3
active_diff -2.1204882546340973 9.302139488433546 -5.667281094425985 3
active_diff 1.0174050208789867 8.766558952567488 -7.750741016506771 3
active_diff -1.7815829494843198 -8.919787913193883 0.7647424498156355 3
active_diff 4.230378247517845 -1.575270081629029 5.162994114279232 3
active_diff 4.667773594389953 -5.750982452504918 -6.615093784589826 3
active_diff 8.570613916769837 -2.517338537080615 -2.3139752302952887 3
active_diff -4.944113336337835 -5.543118504199545 4.714310670697643 3
active_diff 2.642523043973033 8.713323417384746 2.6338117572264315 3
active_diff 8.151688619401646 -5.436244207919101 -0.7835427232455755 3
active_diff 1.5627689333683885 6.729707287657087 -8.46915473421933 3
active_diff -9.17751070022121 0.9045603430818565 -0.7767873042997977 3
active_diff 4.116654380033065 -7.674581583612352 -2.313946907222364 3
active_diff -8.064675261736149 0.8322162613428962 2.2304774474628886 3
active_diff -1.378082367586332 -4.394643294752422 9.135841234390988 3
active_diff -5.527540765829579 7.01592228141872 2.9580480937646287 3
active_diff -5.941434674375897 3.0639856136971098 -7.250743832708464 3
active_diff 3.0825538562945667 2.0773911694368494 7.0465135319612315 3
active_diff 5.533900426081926 0.06045524355812626 5.039412010487194 3
active_diff -4.652534497650904 -8.810763274202676 3.68823536473842 3
active_diff 6.664884026339866 1.7392527697278828 4.530382583372587 3
active_diff 3.0634117358543174 -0.3701335393530327 6.265519724279441 3
active_diff 1.187419933749975 -5.749996453762755 4.3905540901943665 3
active_diff -0.2036832391605572 -8.223438192410233 -7.406873822568089 3
active_diff 3.6525744498500803 8.724978713005827 -4.790292164287909 3
active_diff -3.125372252784388 2.66984760844415 -10.681316962307436 3
active_diff -1.5963715394825968 6.399957260438842 -8.568652792563398 3
active_diff -7.100271427743165 -3.600690877373202 1.000607555123094 3
active_diff 3.1691093236804226 10.251585223423081 -0.32476282167661363 3
active_diff -6.440720792572467 -4.671559627530309 3.4066758056330833 3
active_diff 1.6214229485881018 8.76712325517624 -5.03845880186661 3
active_diff -3.9247390041639107 4.184047016700218 6.985340984294099 3
active_diff 8.516107863350253 4.07672993896132 -3.0805809220881457 3
active_diff -5.430402124358772 5.995644598875197 -3.4603255971983167 3
active_diff -3.528770449061066 8.768336075052027 5.10652013840347 3
active_diff -8.814080993250565 0.7364864731777259 5.810796365578295 3
active_diff -6.449326155340512 7.734836359088473 -1.7668830922448375 3
active_diff -4.6937691257555265 7.609286898067207 -5.751020064254751 3
active_diff -7.8214758613391115 2.2116872056174124 -3.883557230741098 3
active_diff 0.23398735914017355 12.282201597026049 -1.3338369543517068 3
active_diff -0.2230393364421871 -1.920069060361403 7.532187322192047 3
active_diff -10.482310385837229 -2.636807030496071 -0.20833997643915025 3
active_diff 9.012441159061826 -1.2256604574384458 -5.527333255812796 3
active_diff 4.628101779266047 -5.99222757678184 1.031143539600774 3
active_diff -6.8320146062309135 -4.291838768347699 -3.2135961351321707 3
active_diff -1.3376556925870093 -5.311769601686082 -9.390093952420875 3
active_diff -3.6222825369561664 -1.4084001496296228 8.118851753314733 3
active_diff -2.0032590136880533 -1.0263428484181705 -9.738617146330267 3
active_diff 9.234398974066302 6.6404213006426875 -2.320879690950817 3
active_diff -7.2129411862099255 4.689571575210573 -6.382745258849643 3
active_diff 2.8164109053442425 -6.481523028413628 -6.040460111930864 3
active_diff -1.6208355268947887 3.8748847901465813 -10.093012414776604 3
active_diff -0.9461571126227626 9.680648236869255 -2.415793575187025 3
active_diff 7.057400806381077 3.8994434597597953 0.26562730399606216 3
active_diff -0.18904221877034266 5.581289023720407 7.43983830891453 3
active_diff 5.961761320257902 -0.15249667407270684 -6.369445459406405 3
active_diff 6.801538128229685 2.4780497404357362 -5.716958298726552 3
active_diff 1.8064613157442082 7.55548550351832 4.102825684803991 3
active_diff -6.04410412408803 4.221105082282476 3.5874831018228392 3
active_diff 7.280671605816671 7.83474458447839 -1.1583191716011336 3
active_diff 0.19125679464202106 11.664490521885922 1.7491690899587065 3
active_diff -1.4598606214536973 0.6308343748468207 7.769350689655962 3
active_diff -3.6595028232103584 7.519670578589468 0.141166387066802 3
active_diff -7.667612860151485 3.1206884733894107 -1.8574995400577816 3
active_diff 5.308721745485231 6.467890776734191 -5.337179494902283 3
active_diff -5.264920747233484 5.313305645083006 -8.40867843725828 3
active_diff 9.238913752085198 2.942150612317177 -4.89079759360059 3
active_diff -0.3765756385873128 -6.309043607858863 6.0888207317379495 3
active_diff 4.086693821318427 5.083090570586626 -6.724480989575761 3
active_diff -5.4726329355072645 1.0444328804285554 -8.904276953489825 3
active_diff 2.6920269851544534 4.408701481089189 -10.119043155182123 3
active_diff -7.520854122099163 2.850514705518075 2.2862053774847473 3
active_diff -8.342423919971006 -3.5421960174536755 -1.2534193901831379 3
active_diff 0.7293544979755677 -3.017497561916183 -10.098899946024387 3
active_diff -3.1702327529809153 0.6766108691584991 -10.512900000001071 3
active_diff 0.12948362291049587 8.621873990444437 5.297276275845134 3
active_diff 1.1865714203289008 -7.256389156475522 2.8346555649105287 3
active_diff 4.1876259024358475 -1.5432557364410615 -7.9442304562930435 3
active_diff -7.299138043788579 -0.22747431336597296 7.55882514642757 3
active_diff 1.7913771139729942 -6.346421034426957 -7.785102377218636 3
active_diff -7.069004354314179 -3.613675778877612 5.084909969092093 3
active_diff 1.7062583111503964 -8.145232304046981 -4.994855881848786 3
active_diff 7.940076497523432 5.214923965140616 2.494298465300496 3
active_diff 0.4662909501345345 4.113056953978716 -11.363388943219656 3
active_diff -7.287369794187198 -0.5839299120082464 -5.918542414400924 3
active_diff -9.013542427912924 -0.8202248432097105 -3.130166913576044 3
active_diff 4.101886841726578 -7.7255142626812585 2.981313816783656 3
active_diff 1.1337652401408773 10.201004797449091 0.18981889659877504 3
active_diff 6.823061824117484 -4.0958584672814675 -2.161312838506898 3
active_diff 4.095086364565244 9.205362301736505 -2.0682168620110586 3
active_diff 8.537608390830687 -0.23215324766992174 0.02681864507288667 3
active_diff 0.4945488650993557 0.5060298190787529 -11.425449860696743 3
active_diff -1.8235237313240176 -8.595927418231467 -4.015524306673533 3
active_diff -6.556102524782942 -4.392528000209516 -6.578693317956079 3
active_diff -6.888728171622395 -0.9238878470362332 -10.451890247817659 3
active_diff -3.7237175251559824 -8.472503850172634 -2.4527638516053707 3
active_diff 4.491760542088064 5.744111886682356 5.171713119809429 3
active_diff -2.7855542412914542 -6.935741328933988 4.977481192613285 3
active_diff 2.944019643104452 8.608799826455082 -6.999405539930625 3
active_diff 2.1037332558594346 1.0622505575571028 -10.35713905597116 3
active_diff 0.846426350425415 -10.162497536729559 0.053851239337109 3
active_diff -3.3837928038066316 1.398845325428796 8.28187956104888 3
active_diff 5.039225055944694 -3.7491016993941204 -7.3428450692719025 3
active_diff 2.6336753332861007 10.83878264367761 -4.800020083676467 3
active_diff -7.098625448539591 7.930567482179256 1.771752295961072 3
active_diff -2.022777483159663 -3.0041432488666495 7.351962605109834 3
active_diff -3.802632495275934 -6.973780653737349 0.047353108466061 3
active_diff -6.732842339155467 -4.932138535540545 -0.45348325089530134 3
active_diff 6.595813283877522 4.4447810534564605 6.028171603927463 3
active_diff -2.0784011933184896 -9.05088380092535 -1.4681566092974094 3
active_diff 1.8730323081844071 -9.392928520300925 -3.428950467652008 3
active_diff -7.260883742744628 2.4428292008558774 5.275848136622113 3
active_diff 7.376560579487555 -0.6070561362137445 4.111866947495216 3
active_diff 6.675333715616339 -4.209840180161428 -5.745940557397848 3
active_diff -5.900329685469169 -5.448674496373449 1.509864215561783 3
active_diff 5.667705276284924 1.0725048375938353 -8.071689480472646 3
active_diff 9.287001672501189 -0.11329262558171693 -3.4204024023311677 3
active_diff -5.211790064586975 7.870607355207269 -9.22441410476156 3
active_diff -5.859848336144275 -6.418640770856152 -2.37798090421843 3
active_diff 7.130368374129414 5.149187853416922 -6.512348770822593 3
active_diff -5.634024675123533 -3.3768011788120225 -8.93665081285632 3
active_diff 2.3219475911410967 -3.633051498219226 -8.5890804543177 3
active_diff 4.528945046118697 -5.200816474899667 4.308934771951457 3
active_diff 6.447081251608256 -3.838519669502054 1.136998915942827 3
active_diff -8.326621282836498 2.986894335828808 -7.660911285126463 3
active_diff 6.5843856883192835 -0.8837893796014017 0.4987661902383791 3
active_diff -1.97011174192368 10.279215567227139 1.4062481309448889 3
active_diff -8.411540016559814 5.379536795490951 -3.6876830484744816 3
active_diff -3.9877723695055836 10.225845195954724 -2.427449989895299 3
active_diff -0.8436839981963247 3.0712595183222016 8.463364126060682 3
active_diff -3.401092717027736 -2.4682913829345585 -9.855716758748418 3
active_diff -1.6897545463741004 7.1120606398935955 5.823626124702608 3
active_diff -6.16154823356646 -2.907694415717649 6.775133410680075 3
active_diff -8.050413938103851 -2.9128443826104076 -4.295822656348729 3
active_diff -3.702944514663411 8.946848054973305 1.7834316359504276 3
active_diff -4.980708566154931 6.464532230802801 6.765531683544455 3
active_diff 5.7290811011068286 -6.920938924329176 -1.3154634759951234 3
active_diff 1.778425905002136 -4.364292420969175 6.762015661378371 3
active_diff -4.210111466209401 9.528444206757293 -4.3362324847694405 3
active_diff 9.230267907394905 -0.042626759462966124 2.0231712709901233 3
active_diff 5.6119923554093445 8.611260818352154 0.8089458236265827 3
active_diff -8.976117914834344 -2.368693854459677 3.981102824196317 3
active_diff 0.8907421631142622 2.6368650744646693 6.98001594492983 3
active_diff -0.8710011239738196 11.15995430616623 -5.334742292376516 3
active_diff -1.217783365271794 -3.534794518511276 -10.30520858809993 3
active_diff -8.22158993560303 6.4280311540179 -1.8549961373736763 3
active_diff 7.015830217880262 -2.508199718537362 -6.9161318988256015 3
active_diff -8.745923027883533 0.696194294155261 -4.988677621074363 3
active_diff 6.66824674080032 6.006399344696506 4.080882990399427 3
active_diff -8.019569635626356 -0.11737041210743004 -8.619980191648139 3
active_diff -1.4504526083876927 -8.340262847447892 -8.966334671686239 3
active_diff -0.1604708617156867 -8.258385545201389 -2.909946126659682 3
active_diff -2.543009912675898 11.52420850337262 -0.05656596212587944 3
active_diff 0.519649221609384 0.673344326253622 7.349579333917352 3
active_diff 1.2353629554682193 12.188161896873465 -5.27319882906334 3
active_diff 6.522145612280636 -3.8158253164400078 4.0694789879433575 3
active_diff -0.6858959113373029 8.427755437932019 2.785493503531079 3
active_diff -2.008132616178484 11.277367339079825 -2.9838570738237897 3
active_diff -1.8001680564517253 -2.3755207144638044 9.23750728831989 3
active_diff -2.93917894160755 -8.912913792763616 5.2366886379667426 3
active_diff -4.695734601450276 -4.813288294219549 7.913595109798134 3
active_diff -6.566885911582019 4.130904360747736 6.093631277129223 3
active_diff 3.3199407099168754 7.124929638286849 -9.33872166164017 3
active_diff -9.380576781907264 2.912760599101945 -5.636242958290991 3
active_diff -6.050451330087378 7.858883083286587 -3.8396425262743477 3
active_diff 4.293629661002768 7.129375393222026 6.600625003520172 3
active_diff 1.373446626348756 -8.407163266639973 4.459708365514328 3
active_diff 0.6379762335061527 -6.546470586568534 -9.406720885261224 3
active_diff 8.959390502157486 1.406341499660689 3.4723140536276356 3
active_diff 7.374276388115282 -2.395463182333949 -4.006217720423685 3
active_diff -1.0902470001022113 0.17407230996513123 -12.5994286840931 3
active_diff -6.901295597161863 7.461760418976704 4.341531385492447 3
active_diff -2.5704043184745324 10.402328665790183 3.3100579921180433 3
active_diff 2.5133617947494455 -1.1494642619901414 8.023384533371553 3
active_diff -7.220605247252017 -5.194412891229356 6.300758376951527 3
active_diff -1.4459278774933322 -10.85191061793602 -0.8712647353557883 3
active_diff 4.839005414535724 -6.329905691546065 5.93036010442592 3
active_diff 1.5171070163513938 10.241571462624808 -6.385722944428599 3
active_diff -8.324284776137619 -4.958778320756493 1.8114033488201458 3
active_diff -8.743059006715912 0.5551188036033587 8.700157817514851 3
active_diff 8.733105803275432 6.365532866231708 -0.4043355339991659 3
active_diff -1.5274910574756846 -7.91467589754139 6.400812156129467 3
active_diff 5.446340618772702 -0.12358635468363341 7.029000402657944 3
active_diff 7.928188708150741 1.3818277459228403 -6.953467825382015 3
active_diff 1.5444895247460193 11.89789003086571 -2.9413927868675342 3
active_diff 6.752545627201128 -5.852452004888643 1.2522777802986462 3
active_diff 4.985304248046428 -8.911431644045264 -3.623774886312545 3
active_diff 2.8711495176737993 -1.6972728001477495 -9.441951616072465 3
active_diff -5.435295955252195 -1.4468113839175312 9.143905868476397 3
active_diff 9.951661765718402 -1.743407717724005 -1.091789513734771 3
active_diff -2.249355953987158 11.28383632342105 -6.778622899760581 3
active_diff -5.211436213045704 8.780135706390865 0.08891301290986567 3
active_diff 1.5081134923487753 -5.398280562924274 8.452518462873169 3
active_diff -4.389541491036969 -2.1448530170615343 -11.682179112180789 3
active_diff 5.899010929185452 6.920276451491721 -7.1937639613030715 3
active_diff 4.215873958693717 -3.795391273186846 -9.210923450380534 3
active_diff -5.786451106442428 1.8060852095336957 6.5247445377469 3
active_diff -10.019977347802605 -2.485008454507084 -3.594477455759104 3
active_diff -8.784297769229259 4.39337066663669 2.438867205612669 3
active_diff 2.0741301852613825 3.035616165352308 -11.86734761314291 3
active_diff 1.1101944112801951 6.849418655652759 5.888598162433755 3
active_diff -7.573896643603353 -2.6224267807144392 -6.331330982066717 3
active_diff -9.05516651229563 -0.36752223788025384 -6.828521799894667 3
active_diff -3.890948632969847 5.796276160601327 -9.779422800867293 3
active_diff -2.006651463396253 8.252661840850251 7.4356451209796655 3
active_diff 6.216209536319811 -4.947683640644318 -8.428252303016466 3
active_diff 6.890672399034667 -5.100961761128512 -3.9684334324168016 3
active_diff 5.692023711327179 10.38874474997467 -2.290471427135821 3
active_diff -6.801861345827787 -7.11938303770605 0.8805998551461268 3
active_diff 0.4692834457649674 -10.261573621547535 4.262291863853706 3
active_diff -8.471831473676904 -2.043214145408645 -9.96108216638865 3
active_diff -3.8031869411456203 9.237354848581464 -9.608911868066649 3
active_diff -11.169814090329263 -0.8890402500245906 0.47915543255649296 3
active_diff -1.2154001162377026 2.0200610056927095 -11.762091189454873 3
active_diff -10.611885525886304 -3.053734541183812 4.905756045769621 3
active_diff 9.803591870876257 0.6766319133271562 -1.2267344488976968 3
active_diff 0.2648147764012819 -9.384090668327344 -5.802151445293079 3
active_diff 3.2066791832314685 -3.032975960869603 6.264194994480914 3
active_diff 7.548552425132317 7.756884671853005 -3.1387680350279945 3
active_diff -5.527504261936913 8.819091258346907 5.056649740014409 3
active_diff 5.035945875766762 3.2280798477680523 -7.558947036883501 3
active_diff -7.159262817427834 9.437574425740777 -2.5393292147656785 3
active_diff -3.3348722950065803 -6.851091413554718 7.739243137918815 3
active_diff 7.103780878544478 -8.160099328968961 -2.073541317305528 3
active_diff 7.1688312063766535 2.7778606248793167 2.044122900416797 3
active_diff 8.790367463319534 6.248093581540875 -6.320491468161632 3
active_diff -8.121834221836208 -1.8831725708919256 6.462002112303095 3
active_diff -7.181359744411244 -6.527772563565266 3.483665929127216 3
active_diff -8.717853573446188 5.878820252774206 0.13354116808730213 3
active_diff -0.3393647630429317 -1.4111258164072802 -10.779481205761469 3
active_diff 7.674936319447879 5.23187729908899 -4.574810440491194 3
active_diff 3.7429458432310327 11.246445464472933 -2.4841912816231893 3
active_diff -5.634458330201712 -5.286923122550564 -4.894083133735008 3
active_diff -0.004600234107045131 -4.216641136786908 7.679884441094352 3
active_diff -6.460234333688916 3.205191868644522 -9.17711547573595 3
active_diff 10.308609279861944 0.6746625034371554 -4.948618555640471 3
active_diff -4.037421734691898 -8.931447774360329 0.3826342709046975 3
active_diff 8.188620536990355 -3.3763470196528678 -0.4572515805463442 3
active_diff -3.5948168551010853 -4.159904163525259 -10.904962754151754 3
active_diff -7.618762106256969 4.226996845944123 0.6975610316494332 3
active_diff 8.10110592274657 -3.734164095401625 2.256513230911583 3
active_diff -4.9432814606481195 -9.157884439535675 -3.8820704159824126 3
active_diff 9.572189079133794 3.8012451239903573 -6.665870599534056 3
active_diff -9.549068632989561 7.873942779896769 -2.2385842995128167 3
active_diff -6.958559138406459 6.751584184611305 6.841084907559207 3
active_diff -5.071533159149553 10.259864751320558 2.418216857341828 3
active_diff 5.999455735501655 9.925435019420764 2.265935287669862 3
active_diff -5.732928355332399 0.6238936596810591 -4.849053941383049 3
active_diff -3.9784356300525436 9.421182049385568 -6.3979386194386905 3
active_diff -8.69760403370545 -4.882716703622961 -3.6264391485162837 3
active_diff 2.364928662138731 11.437957932949448 2.1813613639995446 3
active_diff 8.668073941393525 -4.681439404894933 -2.6643289939217287 3
active_diff -4.223938145204203 3.160377760425784 -12.278981867726822 3
active_diff 1.7899039706437188 4.496610563828122 7.56969197973312 3
active_diff 4.778975251779991 0.3084990261295978 -9.692323326716865 3
active_diff -5.1122727313330225 -9.796219583386073 2.0096893811021412 3
active_diff 9.710375553338011 -0.8365423405710585 -7.3607657395470385 3
active_diff -2.0898890466961446 5.316320740683308 6.642710933462375 3
active_diff 6.419744426591786 6.579508306245466 1.8312920857268775 3
active_diff -8.205927356206848 -5.590486724051819 -1.6352608083157576 3
active_diff -3.3740141575088707 9.721816569972676 -0.5786006898742788 3
active_diff 4.522092136753795 7.116722914784837 3.286887039030759 3
active_diff 1.3068643450766007 -4.51216843335143 -11.295746370000472 3
active_diff 3.555635057945744 0.9909977266288866 -11.73078536823034 3
active_diff 4.945472385223142 -2.084225462622969 6.96010423733147 3
active_diff -2.0281701195598485 -6.436620137340752 -10.892725343873806 3
active_diff -7.768473726244435 -3.3196924907972463 7.8922941185069995 3
active_diff -9.742304551815085 -4.504949361086239 -0.19822262373995803 3
active_diff 3.604928503612153 2.5598696416923925 -9.154923846768128 3
active_diff 2.7546983310109163 -8.367039719646305 -6.70455224804763 3
active_diff 10.152404464531605 -0.2966467124378447 3.779627371632184 3
active_diff 0.8822919082141876 5.70107276892212 -10.052588497669479 3
active_diff -9.498593644112052 -2.594894805397201 -5.638090738907481 3
active_diff -2.463911739531553 -10.0448525788914 -5.236392472263321 3
active_diff -2.7669453684409673 3.7295086152423527 8.655117859602623 3
active_diff -5.330249289659348 11.570767252403702 -3.0511008384728617 3
active_diff 0.04812013314608993 -1.167155053211154 9.36510658934201 3
active_diff -6.320529394354334 -8.237774525167367 2.5492488361250265 3
active_diff 8.41494830196283 1.6380317661962498 5.493206211890458 3
active_diff 8.662095984711149 4.300207881118549 -0.9466852588027428 3
active_diff 4.534043785729803 -7.814228748859253 0.21171396800815145 3
active_diff 4.78534504923505 9.31952913240681 -7.322491600291268 3
active_diff 8.454401039389117 -1.607078071904653 5.467675219758002 3
active_diff -9.523211876640342 2.5918986137780555 0.8086280461442092 3
active_diff -9.94483037543771 3.793812760987101 -8.515476664581318 3
active_diff -2.5853205142230093 -10.273579088202455 1.9981342697564157 3
active_diff -0.18423048850130663 1.3983191584442103 9.338802085508535 3
active_diff 1.7998088548443296 12.08438853422495 0.09363364117486749 3
active_diff 7.66239752677464 4.855096462813511 7.669524496406023 3
active_diff 8.596807545371869 2.2036632316774836 0.00956085918829197 3
active_diff -9.484037368564255 -2.9154518358065267 2.004499067767945 3
active_diff -5.09465565645984 -6.347900113699479 6.539047246443024 3
active_diff -6.7513490488545695 5.512610131861837 2.0473252543198943 3
active_diff -7.923524381392096 -3.885757995027803 -7.947394025896167 3
active_diff 1.655014318617439 1.7730438196429463 8.613937886774284 3
active_diff 2.5678074261028265 -10.653706226401164 3.255376821814416 3
active_diff 8.81259527142478 3.8046795511044165 1.2197301241870009 3
active_diff -1.5523585484287508 8.61161301426313 -7.618858207289884 3
active_diff -3.6811887631167 0.3737948186520092 -12.422671293968433 3
active_diff -7.677174800344858 5.344027703579626 3.85604399422753 3
active_diff 0.34408596073146214 13.61539229486681 1.3361006716882753 3
active_diff -0.8621804992889697 -7.837023356652299 4.492457864906927 3
active_diff -0.6648535832351287 6.8614382427961695 8.9009411534624 3
active_diff -6.042684724204347 10.319324826080509 -4.463445298828077 3
active_diff -9.589179051194325 2.0951322639514305 -2.955311369910604 3
active_diff -6.602099914208195 6.577101167671411 -5.802181095363539 3
active_diff 5.307723566832607 9.8475936074633 -4.775554481491788 3
active_diff -1.8173077265755304 0.13475393844283623 9.673592209961948 3
active_diff 3.3042084526368956 9.763902748706824 4.201758021790429 3
active_diff -8.50207770684944 8.538562520154658 3.060419744313159 3
active_diff -6.129146522364056 8.858986712159965 -6.36579002445275 3
active_diff 5.580621422404999 -7.429517470509511 -5.374336117134755 3
active_diff -1.7140687651699773 7.256681326961514 -10.372030522520811 3
active_diff -4.833870602484749 3.4549471920089063 8.610731147476372 3
active_diff -9.816049915699212 0.711083161788974 3.869260455731904 3
active_diff -2.6874685517811185 4.495691937871014 -11.666827040314216 3
active_diff -9.298830109383406 4.216346165496332 -2.229876375447928 3
active_diff -0.6960576427155836 -3.8567640283905926 10.937376182562419 3
active_diff 9.545401137957146 2.457258397033815 -2.2588609461133213 3
active_diff 5.736231114417883 -7.065095375882752 -7.6788163764845025 3
active_diff -10.719984970124191 1.341693992571137 5.775386064718657 3
active_diff -7.813831506001391 4.938191150496347 -8.274072605018368 3
active_diff -4.6826001580065 0.8090098263064184 9.683733169900886 3
active_diff 4.631243139081324 5.874898852275688 -8.478478049314624 3
active_diff 4.195760651957669 3.730079516409331 6.875072994541247 3
active_diff 9.160966000071332 6.789953533458265 2.6637407312599146 3
active_diff -11.094746505770168 1.4651862380156975 -0.677261067303362 3
active_diff 6.329877726332323 2.0009276070338307 6.996888433472236 3
active_diff 2.249216146149587 8.691169135728947 5.688445704758829 3
active_diff 3.283451849810988 -10.786364391209954 -3.6917302048119787 3
active_diff 10.504237033295913 4.078441534524601 -3.2981572858131756 3
active_diff -10.049787240551577 5.804644419264232 -4.753248410755518 3
active_diff 4.061059216021984 5.169275661765977 -11.362939319069488 3
active_diff -1.7518754064449433 -4.062928910719885 -12.158805026195866 3
active_diff -6.63366050406491 -8.112754255581585 -1.6491501765117726 3
active_diff -6.693479347115323 -3.7027606635711505 -10.601374877766277 3
active_diff 2.346574259768154 -10.012748835419213 -5.314820709598916 3
active_diff 1.893242892242428 -6.318838828278564 6.1733138340241895 3
active_diff 4.45607027783834 11.347732254050714 0.7439715652124614 3
active_diff 6.63804631589254 -0.7609265466054576 -8.150583212329867 3
active_diff -4.291658857303028 -5.340048627060077 -9.317499272741879 3
active_diff 10.097915083490719 -4.9756463114541996 -0.790762712958756 3
active_diff -9.581347170710218 -0.44543676072229677 1.9710375204342385 3
active_diff -5.6480610581563315 1.9721262871406462 -10.66740199639709 3
active_diff -1.2279901656341996 10.087006043205175 5.400489556905338 3
active_diff -0.5512248011573702 13.297667433355413 -2.86754846521963 3
active_diff -4.801856509757178 3.997944657338889 -10.211573029356167 3
active_diff 8.094420848527422 -1.994269669897728 1.19635298756081 3
active_diff 1.7835252459677875 10.496435460745179 -8.399267860334259 3
quiesc_diff 0.0 0.0 0.0 4
quiesc_diff -0.6611768657145145 1.8803200832106293 0.16505010426747171 4
quiesc_diff -0.7943727664376821 -0.6802350899656432 -1.7047733369341442 4
quiesc_diff 0.43803272769691315 2.857684279800691 -1.190124237644353 4
quiesc_diff 0.3246317526635507 -0.37630573373727844 -3.334330280601235 4
quiesc_diff 0.7220975356538584 1.2223508016478406 1.4509849218374435 4
quiesc_diff 0.9795860466075933 -1.7080827280716608 -0.350520429297606 4
quiesc_diff -1.3205004668435147 2.5666653310043803 -2.0972454947764567 4
quiesc_diff 0.7044870901861322 -2.2187897800131227 -2.2645473024822755 4
quiesc_diff -0.2606543746875317 4.690405933928516 -1.5812350549999916 4
quiesc_diff 1.9681358210539877 0.7496672314516699 -3.158037175666047 4
quiesc_diff -2.473976295120875 1.3853476040188295 -3.2259535799293673 4
quiesc_diff -1.199653841783709 -1.163568620945042 1.0986076297958434 4
quiesc_diff -2.6556646434519013 2.019243159409697 0.2171930170703471 4
quiesc_diff -2.4836465571591457 -1.7477552339555156 -1.6225857335052936 4
quiesc_diff 2.460095715176707 1.1091968402874157 2.4341219972260726 4
quiesc_diff -1.6238179622982762 1.0450532829016015 1.7063649622603256 4
quiesc_diff 2.1399450292254225 2.82451888237929 1.456792047721462 4
quiesc_diff 0.21416996255082577 2.9857542113825213 -3.309330963498026 4
quiesc_diff -3.713374971268919 -2.248708300418147 -3.1181839592105627 4
quiesc_diff 1.3737200031096362 -3.616254719511498 -0.8016723720137724 4
quiesc_diff -0.7484621935147002 -1.0226633879165457 -4.893397683108088 4
quiesc_diff 0.1829995591168183 -0.33459513083123804 2.5846924392468154 4
quiesc_diff -3.759325305587847 1.0760806110149015 1.5928301604185051 4
quiesc_diff -2.2883723321150597 0.6083448208243526 -1.376860069035063 4
quiesc_diff 0.35076337168608673 6.529802466999848 -1.088499087625405 4
quiesc_diff 2.308476360636181 2.606068600843685 -1.8520382547945848 4
quiesc_diff -4.095515805778776 2.545119464789879 -3.385762360473469 4
quiesc_diff 3.6549064135022333 1.8159399776860556 -3.2917061664214806 4
quiesc_diff -4.229880681387304 1.946476148671691 -5.289330657191432 4
quiesc_diff 1.8752523263151013 -1.6890312110146126 1.437612383189413 4
quiesc_diff 3.8298811519742175 0.28229384026356696 -0.4147672203324598 4
quiesc_diff -1.9809473523778658 -0.7234493079328065 -3.3141748664992083 4
quiesc_diff 2.6782589586189935 -2.488493461049619 -2.4419861252308954 4
quiesc_diff 1.8845719587196732 3.962074940164059 -0.360759708372546 4
quiesc_diff 2.324487761081937 -0.9962496355185071 -4.066215345667593 4
quiesc_diff -3.286377046868238 -0.6142063225921116 -0.14830185264419016 4
quiesc_diff -1.2074438547562218 -5.293837622007683 -2.502762778919593 4
quiesc_diff -0.8184887696798362 7.538733386378509 -2.359289325954663 4
quiesc_diff -4.067078549330395 0.7940036428031414 3.548775079113917 4
quiesc_diff 0.6167493219651998 3.0948966301014886 2.7243766448670335 4
quiesc_diff -1.5267962116307143 -0.8195272199174615 3.501992439959953 4
quiesc_diff 3.6924047628672927 4.048546123936471 -1.9152899177778253 4
quiesc_diff -3.187112927833433 -3.165723549923541 -0.40008791336770844 4
quiesc_diff -2.0035760447818567 -4.162339204068346 3.2322789626452435 4
quiesc_diff -0.4423674581750484 5.6360921631979455 -3.334134912681436 4
quiesc_diff -2.795532114268912 0.40899315554258386 -4.941568293701863 4
quiesc_diff 2.6364452884539746 -0.029818464644243425 4.068608143737069 4
quiesc_diff -1.7940780608146145 3.6524469937511492 -3.7087052191665535 4
quiesc_diff 0.39837169828561036 -4.803688499786642 0.4784435218561469 4
quiesc_diff -1.315069924208001 3.7225701166719114 0.5875884839040887 4
quiesc_diff -3.0430905444846803 -1.1949211460453928 1.8736935232972045 4
quiesc_diff -1.2892775850106597 2.191477371983886 3.3106699656608987 4
quiesc_diff -4.400413513677261 2.9969091922393694 0.21266443026854348 4
quiesc_diff 0.61843418645539 0.8118660045125683 -4.916078696223115 4
quiesc_diff -3.9863660685350633 -0.4071099606756816 -2.387436796457794 4
quiesc_diff 4.875007711287029 0.24515433522126173 -3.501432866129271 4
quiesc_diff -0.5337173255800001 2.8366278745549307 -5.158229538303226 4
quiesc_diff -0.9518213310282413 0.341820937548974 -6.341440357461525 4
quiesc_diff -4.8787341723709154 -0.7778749129738309 4.481734325531039 4
quiesc_diff 3.5062124625477633 -1.9516659661615734 2.5649952016715973 4
quiesc_diff 0.5863757423614584 -6.175728763700862 -2.569690106668908 4
quiesc_diff -0.5980560088394377 -2.9311988036556342 -0.47312797610010293 4
quiesc_diff 1.3847911481597985 2.293220034441401 -6.019839197990049 4
quiesc_diff 5.202572218841079 2.678817050837037 -2.3642506625749307 4
quiesc_diff -3.1961749559931913 2.9400003181286625 -1.512039378829252 4
quiesc_diff -4.247348932132555 4.458514124324322 -3.9477833374900855 4
quiesc_diff -3.756184706294956 -2.4014671080361802 3.300488378206566 4
quiesc_diff -3.205066835589575 -4.296445343741553 -2.049677523598466 4
quiesc_diff -5.617168876374172 -1.0293345639337725 -1.4110563659675113 4
quiesc_diff 2.355843201423583 3.317010700676939 -3.7208126427500985 4
quiesc_diff -2.7749463993459056 -0.5504041384401 5.041373444105016 4
quiesc_diff -2.6233173994719596 4.70716188762334 1.7360951613074929 4
quiesc_diff 0.4054104350863618 0.969349722652521 -1.8482491393954232 4
quiesc_diff -2.4793360230301262 3.671460502664616 -5.5875506124065195 4
quiesc_diff -5.166454127153885 -0.1564738447660805 0.8851593378939212 4
quiesc_diff -4.995666432072076 -1.6425094681072663 -4.528237711822934 4
quiesc_diff 0.7955182273212242 4.3963588611474265 -4.602477790857579 4
quiesc_diff 2.936638312344892 -2.9767510958383476 0.2699252548808182 4
quiesc_diff 0.22690890354587134 4.554000929469204 4.035497955704933 4
quiesc_diff 1.420558295015343 6.185730171622198 -2.8572641777904857 4
quiesc_diff 2.811365940251992 5.667971388385492 -1.1398981420225867 4
quiesc_diff -1.6581013494263805 2.2143643178203276 -6.690727053106766 4
quiesc_diff -2.986757027163226 -0.3817063165407548 -6.768649949659169 4
quiesc_diff 1.7652578728859145 -2.27205982003322 -5.501335656037702 4
quiesc_diff -2.108268386209565 5.3147033947069335 -2.0246030115474634 4
quiesc_diff -4.161337502444752 1.1451800472675069 -0.9254075129656629 4
quiesc_diff -0.4548686551750576 1.0365533769263233 -8.149860904690282 4
quiesc_diff 3.0234035864539943 -3.8105761302702117 -3.902456118631373 4
quiesc_diff 0.7520173945241249 8.696240663770798 -2.799388509072799 4
quiesc_diff 1.689393966810073 6.736196725120942 0.38305435687215916 4
quiesc_diff 5.240479091063343 1.6988486397970926 -0.47465005723956816 4
quiesc_diff 2.6509631134213407 0.8549716200487161 -5.0349116718805575 4
quiesc_diff -1.4802135359315216 -2.302093317864596 -6.245284892613491 4
quiesc_diff 3.6655255907813675 3.2239562402249016 0.1715794177927108 4
quiesc_diff -2.0357158158471176 2.6639632577685073 5.104990743916576 4
quiesc_diff -3.988302263097858 3.188041565396615 -6.838574080223925 4
quiesc_diff 4.2199893847303365 1.1915308041603991 4.0422631491717755 4
quiesc_diff 4.074887760221316 1.4939997964854492 1.3186071671310595 4
quiesc_diff 2.519214745356229 4.390755219853534 2.6412996321637587 4
quiesc_diff 0.24246101237751513 0.8203226028880688 4.216448966402992 4
quiesc_diff -2.456159970691472 -3.192156493728076 4.921631885679696 4
quiesc_diff 0.8350142681666953 -3.398055259567862 -3.874608041876588 4
quiesc_diff 0.3185689600634296 -1.3529352729414101 -6.552422999146348 4
quiesc_diff -0.48268265099727503 6.841376695838063 0.7026707053303485 4
quiesc_diff 0.5425670893785579 7.251685271069 -4.303940080951875 4
quiesc_diff 1.1228804553563623 -3.4282352346056513 -7.0015388636686975 4
quiesc_diff -3.5889205858898974 -4.9588105939853895 -4.876000892613181 4
quiesc_diff -7.472016979186832 -1.7427841849797012 -1.1862716829446307 4
quiesc_diff 1.2241998327856989 -1.44414216504595 4.141073607416863 4
quiesc_diff -4.448262646272052 -2.145833380181645 0.7700938799217096 4
quiesc_diff 2.0912538970487233 -6.567661807437997 -3.8273586753991586 4
quiesc_diff -1.0649633502002724 -6.75152054449334 -3.864695157312571 4
quiesc_diff -2.945389896658621 -1.5851045410695703 -4.974990164136356 4
quiesc_diff -3.5868929520466017 5.0805963146447555 -7.345631361110082 4
quiesc_diff -5.068544999677077 2.3173040615207032 2.726205457036299 4
quiesc_diff -5.645115348780546 0.6503760083126338 -2.7483720408963728 4
quiesc_diff 5.098907853879008 -1.1009399452786373 3.4249874271160485 4
quiesc_diff -1.4160562900998208 5.471808603347108 4.712472435459973 4
quiesc_diff -1.372486781930992 -0.9089294553925091 -7.844325593590189 4
quiesc_diff 3.8255001102681825 5.082378566299737 1.2939779585952678 4
quiesc_diff -0.8019265869903105 4.431129984981567 -6.368063175739668 4
quiesc_diff 2.1063089428735537 -3.533760346274865 2.174896085346542 4
quiesc_diff -3.7010644430093924 6.000233357948323 -5.098728627943662 4
quiesc_diff 5.325895488207141 -0.8801255775589395 -1.055643341634188 4
quiesc_diff 0.3062505210637441 2.6291639085903817 5.067344982004617 4
quiesc_diff -1.935392424243311 8.05582552080641 -0.7828560254514185 4
quiesc_diff 4.803832092365365 5.830836651187932 -1.199509708474254 4
quiesc_diff -5.399588894809514 -3.108953726507133 -2.4726915805175134 4
quiesc_diff -4.0895303252169235 4.727762956697491 -1.5883344141628146 4
quiesc_diff 6.375419730294983 1.4444494880679997 -4.0586176735090085 4
quiesc_diff 2.4741578617170283 2.6777040443119926 3.674923112214967 4
quiesc_diff -1.6284699312286688 6.42497393028251 -4.737996188227428 4
quiesc_diff -2.5435428088230254 -5.606388244476088 -0.6908414191231103 4
quiesc_diff 0.42831375849991493 4.754643797241466 1.6244987518296563 4
quiesc_diff -6.20065801398517 -0.07001086015710578 3.1583123067850565 4
quiesc_diff 3.93742184058787 -0.23351505816268237 -6.112047083355544 4
quiesc_diff 5.435957163163453 2.505876689673861 3.1512428042602445 4
quiesc_diff 4.043293526557182 -2.0168347107228533 -4.130346810949444 4
quiesc_diff -2.792248755992254 -5.0389893995170985 5.611742417761276 4
quiesc_diff -2.376284455010346 0.9328779904310233 -8.695216511958026 4
quiesc_diff -5.323886150768026 -0.7218128830597269 -6.273112955082735 4
quiesc_diff -3.1334330497121825 2.7593732812237546 2.4730486960424845 4
quiesc_diff -0.31623056859753473 -4.155572319617665 -5.3240228305265465 4
quiesc_diff 4.448031285104156 3.1599495078905266 -4.542542415003201 4
quiesc_diff -1.0035283535873316 3.1402230592895872 -8.338246334925115 4
quiesc_diff 6.895187734496915 3.6728162844794543 -1.9808210866689855 4
quiesc_diff -3.63956077648283 0.2909134553418311 6.636562049017021 4
quiesc_diff -4.582165575326374 4.978317268144079 0.41511991877378185 4
quiesc_diff 3.9199264271720637 5.40709387010336 -3.3653181635912834 4
quiesc_diff -3.9161545047060993 -5.660076748211663 1.6453556911666147 4
quiesc_diff -6.114731591289571 0.9263162308813875 -0.5561512827636218 4
quiesc_diff -1.659802753345867 6.136964410622099 2.7496553578063967 4
quiesc_diff 2.4762731809401695 4.924418280411902 -5.549164663910882 4
quiesc_diff -3.26485789606774 -3.1999988979953797 -6.339146903054285 4
quiesc_diff -5.2500238713455865 -3.201121947800548 4.363030935567098 4
quiesc_diff -3.6426244672291053 -0.956856682058883 -8.568383251597485 4
quiesc_diff -0.5660100126062333 -2.3711069932898603 4.320216178692671 4
quiesc_diff 4.523842981355606 -4.18960482525099 0.17109626257373745 4
quiesc_diff 5.571880132000021 0.27316278124870697 1.836845356638751 4
quiesc_diff -5.739507006359567 3.2724401414080115 -2.509236510440128 4
quiesc_diff 4.266172207980105 -2.787918279313111 -1.2634801682195147 4
quiesc_diff 1.7032280638042718 -5.683368327193763 1.7127503178426255 4
quiesc_diff -6.965979929112619 5.126609240365637 -1.0007452876422678 4
quiesc_diff -3.4620644901069357 6.6165208067576895 -2.711994846495895 4
quiesc_diff 2.2214514695033936 -4.639848881750423 -5.5362184960201075 4
quiesc_diff 0.787625615875993 3.6837287168297292 -7.327462588441167 4
quiesc_diff -6.390082795028571 -1.7313492316635841 1.035160667553563 4
quiesc_diff 2.2912730967700545 -5.297534370002089 -1.3773415974900263 4
quiesc_diff 3.3543102860725016 -5.122339656015786 2.692124774026814 4
quiesc_diff 4.274055447155563 -5.553686845256839 -1.431748034798346 4
quiesc_diff -5.134190562594688 -3.7589244491699794 -0.19294303357608455 4
quiesc_diff -4.274617058663241 6.917463970078632 -7.7367231273225645 4
quiesc_diff -2.728450174274552 5.779127035194054 -0.18077947554701268 4
quiesc_diff 3.67621988106423 -3.0490850577418533 -6.057468239443795 4
quiesc_diff -4.396885496913 0.9627772751716401 -7.220204564758271 4
quiesc_diff 7.610845572725118 0.19612641451995771 -2.3740943278110356 4
quiesc_diff -0.4065370607244012 -4.0955862959013905 -8.104047195833493 4
quiesc_diff 1.7857837533178587 0.9969456126454015 5.559289357889648 4
quiesc_diff 4.75654753230779 -2.2305219181015916 0.6319645419593896 4
quiesc_diff -1.2503880070408833 8.371131280047369 -4.125804764716123 4
quiesc_diff -3.726221641224507 -6.519875407996206 -2.0200562179699477 4
quiesc_diff 2.9868796893163116 7.595917573562002 -1.6421116732548007 4
quiesc_diff -3.9827346801063035 6.143376257188113 2.034880940367318 4
quiesc_diff 2.298249910915366 -1.5491346429523345 -7.288315979303681 4
quiesc_diff 5.6972439838242925 -2.5115539860197953 -2.633026206063679 4
quiesc_diff -0.8777744884192267 -5.2850356549562125 4.445589942919991 4
quiesc_diff -1.0633790660433329 -1.1309022168941056 5.897854176219129 4
quiesc_diff 1.685102436314461 0.5135749378932435 -6.881625981677863 4
quiesc_diff -8.807620023573136 -1.6691247860271339 0.300583656613318 4
quiesc_diff 0.5910215489330712 -1.8736458687007176 -8.46413167524797 4
quiesc_diff 3.5915206620446347 -0.7195036131176225 -2.250601750294936 4
quiesc_diff 0.6655507157669902 -5.647496687431824 -6.287097144157041 4
quiesc_diff 0.23336755327242653 7.75281209800773 -6.215292364073454 4
quiesc_diff 2.1660313746462236 -4.028174124682737 4.111901053554835 4
quiesc_diff -6.669285651096745 4.413284360785415 -3.8634839541902934 4
quiesc_diff 4.701041350351502 7.234168197690499 -3.59260405901461 4
quiesc_diff -5.138793893930687 6.3665466827938735 -1.1263453856656933 4
quiesc_diff 0.7921318584912244 8.440514940884423 -0.6955974447206861 4
quiesc_diff 2.7120118232387687 3.6216695855796264 5.422022007494715 4
quiesc_diff 2.62157134693477 7.138745605218293 -4.141526313200087 4
quiesc_diff 0.3509476167793903 10.141216001517611 -4.1227136039316825 4
quiesc_diff -2.049518019761237 7.926775462809407 1.30842349636592 4
quiesc_diff -6.3666698048334815 1.4340873141408936 1.3618413302465981 4
quiesc_diff 2.402726097420395 4.534928954795613 -8.144107302745903 4
quiesc_diff 4.570988581453571 6.927337627731886 1.093047619997339 4
quiesc_diff -3.2139853671656997 7.79434251803025 -4.361215037841502 4
quiesc_diff -4.048386943351926 6.111374981261891 5.031733440163562 4
quiesc_diff -4.079107929417003 4.347467365256568 3.2370226498885906 4
quiesc_diff -2.5722229891924075 7.408034319143388 3.9953963424695105 4
quiesc_diff -6.732253879767571 -1.8345188995551807 -3.247171993258009 4
quiesc_diff 1.2145087509772958 6.2165722791356295 2.740143205779981 4
quiesc_diff 2.8163319929836406 6.798894995928747 -6.158013616720003 4
quiesc_diff 5.2821415308155215 7.772795529944054 -1.2034839140248403 4
quiesc_diff 7.607939014072606 0.1726171993890766 -5.2586451110471355 4
quiesc_diff -1.8314052601711164 -2.7065437130440073 -8.591304047776 4
quiesc_diff -4.770115619679704 -3.9615865925980542 2.5670231119715763 4
quiesc_diff 1.1942991367506166 0.1363909208445806 -8.835392192623868 4
quiesc_diff 0.11200818646925859 5.901481665374665 -7.369456787575992 4
quiesc_diff 1.7288976569717944 -7.785399906968844 -2.2478167073867064 4
quiesc_diff 4.433360957893113 -4.886384616372231 -4.8269323551866306 4
quiesc_diff 2.808934926112386 8.392210418225785 0.3178877343287638 4
quiesc_diff -3.8710284588523387 2.4488404832967565 5.87007223913703 4
quiesc_diff 2.309977110956519 5.468656805971119 4.768564818513956 4
quiesc_diff 3.210041613337536 0.7253071217981939 -8.15823476618431 4
quiesc_diff -1.39211397116779 -6.552932575289434 0.6442671669767759 4
quiesc_diff 6.495386261426685 5.89413641574909 -0.13431600170643399 4
quiesc_diff 4.702463550366854 -4.265156005802574 -2.9154835889498587 4
quiesc_diff 3.081345576637186 3.042272509794151 -6.768587126455753 4
quiesc_diff -7.676413675239999 0.021628194541302603 0.3056425589243815 4
quiesc_diff -6.836187146737618 1.010350811255158 -7.230607574126171 4
quiesc_diff 5.91883189084505 5.341186580407236 -3.3710780649095273 4
