689
 Lattice="1.0 0.0 0.0 0.0 1.0 0.0 0.0 0.0 1.0"Properties=species:S:1:pos:R:3:Color:r:1
active_stem 1.6975561818655245 -6.319321120851017 2.3582484780423836 1
active_stem -2.695712360485552 -7.2756176068271206 -1.3425883756304784 1
active_stem 2.44445725504501 8.225835919378326 5.01222425981988 1
active_stem -0.8443160859675507 9.262965489407502 -5.237366557441101 1
active_stem -7.255856725867112 4.3481950834033185 2.0246850064286575 1
active_stem -7.2313222190985424 -0.7851319915845225 -0.11309423201972457 1
active_stem 2.637628063636871 8.642620111445423 0.0032356791797372164 1
active_stem -2.0364225683083044 8.75491845009931 0.6060397925369916 1
active_stem -0.9906681406457631 -7.726649144739148 0.776747206065133 1
active_stem 6.740643667466808 -2.1785582316174206 -0.704993069569245 1
active_stem 4.095332712232735 8.813942866921245 5.975936064825386 1
active_stem 1.2698991978117158 9.74734551077417 -1.5460608426743008 1
active_stem -2.647493614719976 8.539444846171387 -5.7117805945579345 1
active_stem -0.5424643864120273 9.743228852769143 -0.378682945347687 1
active_stem -8.839433196682725 4.088588073921722 0.8309975424301501 1
active_stem -7.107748858702799 -2.530995112262269 2.4130392227157733 1
active_stem 4.529119162023012 8.88295690610678 -0.6005023847667859 1
active_stem 7.149345852693713 -4.277893024418599 1.8561793096337127 1
active_stem -8.717263097101988 -0.8302968309720977 -1.4509805666391662 1
active_stem 5.752905814082902 -4.810446344818066 6.164321009605312 1
active_stem 3.5350671118142207 -6.406439477420771 0.12328493772142857 1
active_stem 0.8883735103493466 -8.496995409071726 -0.5237897033934095 1
active_stem 5.743772027340917 -6.813508182157377 0.9906464764534577 1
active_stem -2.954596573912453 10.244289299627562 -0.36284150463430076 1
active_stem -5.200195383291833 -7.565370555470534 -0.1364220640003665 1
active_stem 3.8639009433488614 -4.276556090845661 7.064225609139247 1
active_stem 8.833861821185732 1.47739003798951 1.1425671054402264 1
active_stem 7.914860771135984 3.1740703768063963 0.5992813548602951 1
active_stem 9.071337298960845 -4.690589637756498 1.4878990008804363 1
active_stem 9.504509904721893 -0.10177819003148558 2.170408949139101 1
active_stem -9.916700431165262 0.4039435818400394 -0.4321573802930214 1
active_stem 7.811213126344959 -5.554125159818643 -0.6814988069842932 1
active_stem 2.666622032286898 -8.068636515913857 2.3866566836041754 1
active_stem 1.5030884571182654 9.612176135845715 6.1039593881798275 1
active_stem 2.6970899347519843 -9.070825402456238 -1.1556631359639429 1
active_stem -1.708601782391022 10.526128600460709 1.4751474588116178 1
active_stem -4.586932579844446 8.564977359470106 -6.199555738780736 1
active_stem -3.5635200615353346 12.126103306323568 -0.0662134034302701 1
active_stem -1.9849144362606534 10.624253306972527 -6.157111566156943 1
active_stem 4.251733138536498 -8.231714675165563 0.5166807417659252 1
active_stem -2.467011658925178 -9.260541651004996 -1.2544264340097169 1
active_stem -9.264224622349875 0.6495550379664417 3.8315048196395085 1
active_stem 6.46565041524072 9.350349682257113 -0.7776765874982747 1
active_stem 5.861992534513114 9.638364290543086 6.422301821367707 1
active_stem 8.277460663608178 -1.2304750339355843 -1.5648371081276353 1
active_stem 2.1173381285003923 9.893257425023998 1.4746991321002099 1
active_stem 4.854206726964943 -5.0710647956913455 8.609557409388298 1
active_stem 1.6343666932638323 11.481575234554438 -2.4732127773192567 1
active_stem -7.851736416804192 6.949953533049433 0.9437797022239436 1
active_stem 6.353801337775158 -5.664935822460715 4.45880868124043 1
active_stem -10.655311374360611 3.3747977808644136 0.3915776278036075 1
active_stem -8.976189077578505 -2.8198195226141225 3.065351731006553 1
active_stem -8.232082623469669 5.8855503453841465 2.8514387758848003 1
active_stem 2.730173720822647 -8.989466346191676 4.4755993472918645 1
active_stem -8.70769559372755 -2.116792872817836 0.10370280688872677 1
active_stem -4.629171045458657 -9.954769084452737 -2.707681296436366 1
active_stem 9.523317237830772 4.306812890183889 0.23905615705348404 1
quiesc_stem -0.18018710754656173 -0.437099852419163 1.9433158068850132 2
quiesc_stem 1.6836069765381851 -0.004963060037449063 1.3606242891839724 2
quiesc_stem 0.14871449725341976 1.9865925697441917 -0.17701401115118254 2
quiesc_stem 0.49043175723963583 3.9269290953980196 0.16696779278784163 2
quiesc_stem -1.9396714065952545 -0.12726061932654287 0.470616159099337 2
quiesc_stem -0.49113041531081414 -2.723787436693743 1.663483194898324 2
quiesc_stem 0.5245241831065153 5.1480891952259675 -1.4165743497163317 2
quiesc_stem 0.8701940178570329 -0.48963673881117625 3.6444740496608317 2
quiesc_stem 1.7574275077105939 1.9603162827826162 -1.3650173809819792 2
quiesc_stem -2.50196863504008 0.5567707389948928 2.527525607081731 2
quiesc_stem 0.5401229861465965 6.894751842478342 -2.3907028186756607 2
quiesc_stem -0.6071440105303139 -1.0010829246001451 4.89182931137359 2
quiesc_stem 1.5103642462911848 5.215677619284174 1.3066453612072482 2
quiesc_stem -3.1964767387643054 -1.5833271149186523 1.0186222881212261 2
quiesc_stem -1.6682215295464355 -3.847684699440767 0.5010239691285379 2
quiesc_stem 2.311850325696465 0.8638715983824634 -2.9431252331097273 2
quiesc_stem -2.7398371396230363 -2.0507735889381284 -0.9839649700207233 2
quiesc_stem -0.5161290460405056 5.59980075975747 0.6009444556203916 2
quiesc_stem 0.07822293162103583 8.272278975529694 -3.7651362791736958 2
quiesc_stem -0.29714428250280767 -4.524601176922097 2.5116808447907064 2
quiesc_stem -4.097945196517944 -0.5880189612050992 -1.1100260855272237 2
quiesc_stem 3.623876401384698 -0.19845025322347612 0.9157453561260273 2
quiesc_stem 1.8736348850231268 -1.6355888806395946 4.940583657194013 2
quiesc_stem -1.845615286928119 -5.706700255117012 -0.21493176874619369 2
quiesc_stem -1.1523444588694773 6.23793611423349 -1.4351552723899328 2
quiesc_stem 3.64372423658161 -2.6102312742690352 0.8231583261189871 2
quiesc_stem 3.4331572209155055 2.5611031882314546 -2.27660117994036 2
quiesc_stem -1.8614931327999287 6.894218386138814 1.3182160098948317 2
quiesc_stem -5.82186494876259 -1.1557596183109897 3.1110427785864907 2
quiesc_stem 0.1281384929737237 -4.7253888038726855 0.4488111876019958 2
quiesc_stem 6.30002373471763 1.994237039402539 0.5821162227004613 2
quiesc_stem 3.156519205586581 -2.9277432205783267 5.767955992862753 2
quiesc_stem 5.553274879586429 -3.1289480756022137 1.11393181496307 2
quiesc_stem -1.098734826155936 -6.258175123134125 -1.9863845756993563 2
quiesc_stem 3.1739573922086164 -4.458159745200294 2.4403843108014276 2
quiesc_stem 2.249446118910461 6.1502273353805 -1.2738737420442454 2
quiesc_stem 2.1526094805012046 8.045600411072499 -2.1160487131378654 2
quiesc_stem -5.3232251997285776 -1.1362467911009522 0.3725848412704422 2
quiesc_stem -5.541123378736126 3.9317015899766203 1.0832909772516133 2
quiesc_stem -3.6467360423776336 -2.3562531226407852 2.807435287318282 2
quiesc_stem -0.2872708821844959 -6.498516519934039 2.1898723076320423 2
quiesc_stem 4.762949464284022 -1.8832014045139225 -0.6663927667134638 2
quiesc_stem -0.25570893860374244 7.768324213055238 -0.5110573280233465 2
quiesc_stem -6.547110162047579 -2.563550110649352 4.332576777412934 2
quiesc_stem 7.135415286162998 0.8225546897143898 1.9711019775600853 2
quiesc_stem -2.2550889564014915 -4.923904711673728 2.0813204946470276 2
quiesc_stem 2.125772761323723 -5.105247047459079 0.6896661643576512 2
quiesc_stem 4.785722295671897 -5.121698628346147 1.4596039854902227 2
quiesc_stem 4.637541216439786 -3.8620988461968055 4.801750337609468 2
quiesc_stem -5.3409880544684185 1.1098573348013754 4.3947565731454485 2
quiesc_stem -3.5867866599332046 -6.497671840565803 0.3704622872880383 2
quiesc_stem -1.787788389854868 8.106878532326727 -1.7565043791657873 2
quiesc_stem 4.26422663614604 -5.9499493214699095 3.205810228743484 2
active_diff -6.847658757383315 -5.672986851847606 3.1354466442393676 3
active_diff -0.7511468734344243 -5.401862127790213 -4.405698073453422 3
active_diff -0.7463941203350672 -5.493728500281197 6.365772928049157 3
active_diff -0.11245765843035227 4.484498712243223 10.097009820403155 3
active_diff -0.3165475827790691 10.053285307422469 -2.945274896549705 3
active_diff 3.5628464138681784 6.842194476029741 4.098582072924459 3
active_diff -3.1471835551446006 -6.0814146716748 4.314003339139863 3
active_diff 4.366531646295185 4.75223494338059 -2.401709251859966 3
active_diff 2.3126593923349614 7.246704311055067 -6.771962418233906 3
active_diff -1.609469476798061 -7.195650282708352 -4.6192545386574615 3
active_diff -0.7516586423403764 11.89537516873957 -3.5913269909509085 3
active_diff -6.26455863023925 -1.2395764671762863 -5.871368391651213 3
active_diff -4.721987256464405 5.7414903253843015 -2.80379579707661 3
active_diff -6.515827921410091 -3.374738711670772 -3.507324289050045 3
active_diff 3.5293708235286054 4.882637839354266 -8.178209270789317 3
active_diff -2.9363805064724806 -4.595132222962678 6.464041180442024 3
active_diff 2.4355679647148483 2.4921929026473197 -8.932025689012576 3
active_diff 1.028509197911382 -0.302646952584399 11.313531522124954 3
active_diff -0.5849256305943747 -1.692872933286377 8.771699170744657 3
active_diff -3.3547070048220764 5.960351813403457 8.039209647738893 3
active_diff 3.9719810777374787 5.207241279345378 8.216568426535082 3
active_diff -0.8264610952122285 5.663062786437317 -7.519820623468727 3
active_diff -1.2868672879392193 -3.4990712043314964 -8.39561904783772 3
active_diff -1.2658386227574863 -6.924572505052275 4.905083921517536 3
active_diff -5.5802448078006295 2.7383217747798696 6.530592281384419 3
active_diff -4.701812115479374 6.035657155509563 5.878397410471452 3
active_diff 7.430454160579516 4.09413044478641 2.609669540892479 3
active_diff 7.2095130430313485 2.834527104434944 5.640666804654446 3
active_diff 1.8533114865729095 0.162881689158765 -8.659058703595779 3
active_diff -7.040428698612066 -7.643910297803747 2.8556243435929884 3
active_diff 1.9572950044696236 -4.460486491797404 6.484847054183543 3
active_diff 6.265507579586222 -1.4335971316781682 3.370744421880226 3
active_diff 1.607691380688927 -6.22140605170389 -3.892061125505168 3
active_diff 3.8348988576557734 7.775863071800442 -5.587573117308645 3
active_diff -5.895512741887597 -3.76461037336697 0.8066197037887854 3
active_diff -7.498529910390127 2.9526074336439265 3.782311007340774 3
active_diff 6.325677005573064 4.60825588074553 -2.777234871149355 3
active_diff 4.357224316595458 8.048291642841193 1.8580926463315501 3
active_diff -4.314512626605715 4.433133866403118 9.126172218598153 3
active_diff -3.8829495044804245 6.779672375412838 3.719530147650315 3
active_diff 3.7000486903329213 9.162042037880562 -2.7152064434606555 3
active_diff -2.9984333760718545 -3.6692924576242136 -5.9535084643681015 3
active_diff -6.467128472019441 3.7613700034712734 -3.2264304822123 3
active_diff -3.758037021666137 -7.140836836951081 2.731447583989373 3
active_diff -4.378523649397275 -0.8726406609177899 7.433490958542341 3
active_diff 3.169523196766403 -1.7007962167501094 9.050018666218627 3
active_diff -1.195957889672688 6.605513487721952 8.126722399800487 3
active_diff -6.0002154256936295 -4.295700524204711 5.861854120329307 3
active_diff 5.139069648606715 -1.7283944679271954 6.5119633072987355 3
active_diff -2.004301065162028 9.046623207112896 5.647440386829332 3
active_diff 4.742100026973776 -4.013906247073332 -2.6349096651601274 3
active_diff -3.7397883547651283 4.5970196605163895 -5.5586932790571995 3
active_diff -1.9777010410172635 5.124940266440623 10.4297285294848 3
active_diff 4.726097276758442 -0.9313891451965676 -7.481888545931186 3
active_diff 0.9560906288541111 3.5179256396678427 -9.812313698773792 3
active_diff -3.359790375691055 -1.2749282248269043 -7.742789820852537 3
active_diff -8.281558243536288 -4.80811966686933 4.229035696835448 3
active_diff 3.66151020416811 -2.1495715297501605 10.935900291079959 3
active_diff 4.727024959532361 3.1486836756769385 -6.92186294557175 3
active_diff 7.5130608565281 0.6302565763557361 5.508019000478388 3
active_diff 1.7507492642432718 -2.53465335162855 -7.1324853832458786 3
active_diff 8.163563961134322 5.8416718467620505 3.248926194132399 3
active_diff 0.8373610343845034 6.2275453437340715 -8.475359928558744 3
active_diff -6.127713418018582 4.410116919114673 5.485891095897507 3
active_diff -6.751200950722175 0.6247282806795627 -6.641913606972855 3
active_diff 0.19679886620360693 2.364806098639228 10.91663557841965 3
active_diff -5.112742014713952 8.88423596450587 -3.543698825229275 3
active_diff -1.934999293295904 1.8617500196325296 -8.121948636181534 3
active_diff 3.5524584967208312 1.0918955912050108 10.551860306335175 3
active_diff 6.689678035373715 3.15063639732986 -4.947636031544823 3
active_diff -4.9670305341424985 -2.5517363341654153 -6.642508666375992 3
active_diff -3.767615495898144 -2.8374198994199373 6.9325449477913335 3
active_diff 7.175935405232121 -0.8450727828805127 -3.3687006520457814 3
active_diff 0.5565149257938833 -1.835035214552782 -8.82038195045078 3
active_diff -6.534119329659549 5.53784857718343 0.4243138176048056 3
active_diff -7.082929721812495 3.0808507882230916 7.805194934822252 3
active_diff -7.678267585029986 -0.56510134451682 7.268650901006596 3
active_diff -3.0725564206802494 -3.237452752540478 8.916593931852084 3
active_diff 4.163862910301236 9.976707926012624 1.364309287605073 3
active_diff 2.1976060946001676 -5.6654708757189365 -5.758538686520938 3
active_diff -2.0314720624096587 -8.18909324005686 6.25222635898651 3
active_diff 6.93504964020515 -2.3301486084474083 5.0284262003181315 3
active_diff -6.576427899381095 0.29907117429741814 1.620945377497924 3
active_diff -5.7778562794301935 7.688212895764418 6.211846780808402 3
active_diff 2.147130757639112 -0.138027807061187 12.963254633146773 3
active_diff -3.4030599984892382 -0.21009308073361055 9.302290423555485 3
active_diff -7.592564905688858 -0.44123551142055706 3.706086443550452 3
active_diff 5.593982749911527 7.938062532910967 -2.0215242961599666 3
active_diff 6.432764508320765 5.672719093383852 0.5068547205109043 3
active_diff 6.6188997758164945 6.496627843486091 -3.3672109192615878 3
active_diff -8.708265115094026 3.0427996710389387 -0.9827964630465117 3
active_diff 0.9363461462588122 -7.653608405385209 6.077664412330711 3
active_diff -5.977259585235857 -2.0478210476211776 7.684477942599304 3
active_diff 4.294708168907829 6.811049101562863 6.905599630112371 3
active_diff -5.37241032167236 5.959559828539739 8.383961838121046 3
active_diff 7.380590970528164 -1.0448732024417913 1.2371682201392686 3
active_diff -6.303603222321735 6.721835234585969 -3.5368816007500685 3
active_diff -4.214270299232062 2.097484173707409 8.753807330582804 3
active_diff -4.238214001048142 1.0914332092903771 -7.743382706506338 3
active_diff -5.854157106377301 -6.4337786432221975 4.823972397816505 3
active_diff -4.252040124903033 -8.596688558457098 1.4522069111758937 3
active_diff -0.3811500702360028 8.083544041857035 4.935755623271296 3
active_diff -3.2437275106124606 6.468804642318059 -6.926103409842137 3
active_diff -1.180060309444487 -1.2782933783916415 10.635549622549538 3
active_diff -6.42983741031605 7.274182502721711 2.70932112003124 3
active_diff -3.9050573099467103 8.34886038879272 4.959352805776211 3
active_diff 4.921013966969291 8.113685096999827 -3.942510732895497 3
active_diff -7.350026369598903 -3.613338680884417 -0.5577508404020362 3
active_diff 7.695678786252433 2.3187665864537803 3.6371254076189303 3
active_diff -6.39075907622518 -9.192283293471146 3.9421189123947133 3
active_diff 4.201205841932451 -4.051974121198857 -4.812206390729663 3
active_diff -0.8895822349302128 -8.908574771275159 -3.879219366882466 3
active_diff 0.024274426123573514 7.8149578343534625 -6.576037685082557 3
active_diff -0.010170191248071614 -4.373031044752518 -9.662993783514448 3
active_diff -8.131335626540892 2.7909028077667437 -3.7636529397668963 3
active_diff -4.770177179471719 8.42716305254303 -0.20292918126027182 3
active_diff 6.348842301278958 -3.575705117334655 -3.742320624947125 3
active_diff 5.707076608035534 -2.726907950557679 -6.041453807798096 3
active_diff -6.800359531979897 -4.296795256618724 -5.259138631526209 3
active_diff -7.061779753907778 5.074694420984118 -1.8154704636349317 3
active_diff -1.7104081653455574 6.205598063959152 12.091273967707165 3
active_diff 6.334580719614118 -0.09372569523823016 -6.374214652817647 3
active_diff 2.351924193286549 8.818233497394296 -4.1872637265706825 3
active_diff -1.8077627870188915 7.719791025786902 9.670769139943776 3
active_diff 4.742210579352565 5.968300720147588 -3.944450113389519 3
active_diff -0.15954924196147152 6.394317607879978 10.688933944450602 3
active_diff 4.809668491390003 5.651154879217878 -6.591962817322252 3
active_diff -0.9575725710896769 4.975726127080208 -9.468884101172529 3
active_diff 7.964065858983151 0.8420854344257905 -0.8726857365452401 3
active_diff 5.472176388900115 -2.4917796235288625 -8.4861532090334 3
active_diff -3.8417167166699255 7.8020098806984155 8.648403462327709 3
active_diff 2.0913155864225477 -2.6533953320744628 7.474659530468688 3
active_diff 5.764336814753152 4.270306306607678 6.270415353583553 3
active_diff 1.6718334967363857 -4.901167048909269 -7.928827212342108 3
active_diff 3.023730266369543 -1.5221618479565362 -8.531737094377787 3
active_diff -4.892261553543722 -6.112963101101239 -1.5891330277828484 3
active_diff 6.148980143142467 -4.617864012111266 -0.08116842057410256 3
active_diff -2.915240079162311 9.341406671757843 2.9057108280829995 3
active_diff -2.3164996972325236 -4.991181865086875 -7.290510652886382 3
active_diff -4.745741981173065 -4.535122213636425 -5.333558466864503 3
active_diff -0.3887286561036698 10.221372642223404 5.7468866325951495 3
active_diff -6.487106134758854 -4.988894027677083 -2.3149048412275492 3
active_diff 6.525786237993369 5.223510826669467 4.59481421353739 3
active_diff -6.013104905044747 3.8619539072382305 -7.862791242125159 3
active_diff -2.2849272816703268 2.884434318698478 10.020749744371365 3
active_diff 1.91839121592712 9.733545132922558 3.6864974185224906 3
active_diff -4.400960400829715 -8.10813718905346 -1.9742847157434116 3
active_diff 2.1049577555306787 6.061699998095381 11.330101628467661 3
active_diff 2.6063810745960128 3.1279624037163125 -10.872724052975979 3
active_diff -6.612068007582013 -5.867116555770447 6.93716248250953 3
active_diff -5.345335042120229 -7.646525002750002 -4.017375782267531 3
active_diff -7.865740825411244 0.49257046980103514 -3.186249338617495 3
active_diff 3.1084998225829126 8.532394530648741 -8.081022641762193 3
active_diff -8.925232163776268 3.0354590908033745 5.181473715208891 3
active_diff 4.906475870521182 1.0758813013552033 -7.431226708102136 3
active_diff 8.122415282466452 2.468571257497068 7.382127633764982 3
active_diff 4.809988358313564 -0.13349449009544023 9.033131638364747 3
active_diff 3.7468842470939148 1.05438440279805 -9.393714247814652 3
active_diff -3.880573035907564 -7.9032343051300735 4.692306250393695 3
active_diff 3.7506059311067155 5.892622244108739 -9.890221691692757 3
active_diff 6.621192516260914 -1.512810568215588 7.837419978548924 3
active_diff 4.565920962303522 4.073036830772584 9.753063035168434 3
active_diff -7.100415897043863 1.1291095736739911 5.345568341093609 3
active_diff 0.2303801554157226 10.212479445293198 2.1360191276630993 3
active_diff 5.819673652727312 2.246246553264615 8.096083405088555 3
active_diff -2.217478788112716 10.66823211124505 -2.8541651766666956 3
active_diff 4.482452020494669 8.591630483447311 3.79231554812621 3
active_diff -7.083973924650322 -5.880226654123074 0.30681505204118187 3
active_diff 0.8519708000452786 -5.327209088768978 7.908592236093755 3
active_diff -7.7208634109317265 -1.8222844211708702 -2.874318555108512 3
active_diff -8.327666724520627 1.5999932743191874 2.1719395343099905 3
active_diff 3.415786457235602 -7.075006154033047 -3.8455954449298564 3
active_diff 7.948472547591708 4.189911708765252 -1.5964838202293505 3
active_diff 1.46354895560588 -7.544076075049418 3.9219670973037712 3
active_diff 4.71286953753296 -7.67474488897472 -2.219534935253259 3
active_diff 6.082552589179157 6.378461931802576 2.9278867819364875 3
active_diff -1.2889138106199 -5.086114041777235 8.247134891859357 3
active_diff 4.797980355495168 10.809371697215347 -2.430863249221727 3
active_diff -1.6146435885326893 -1.8253102498786933 -9.622267668348593 3
active_diff 0.03685276423492967 0.6667942416287092 -9.327302558416383 3
active_diff 8.172540957675693 1.5452773005135874 -4.208466961597714 3
active_diff -6.4228946782261245 2.9837370627942454 -5.706955074667545 3
active_diff -2.190032856017404 12.242874675169466 -4.936809697811153 3
active_diff 3.184543372092062 3.36183884517955 11.194364293190079 3
active_diff 0.3492973325368688 -6.718471026227046 -5.433104301827163 3
active_diff 0.19956768793584723 -7.688803228807737 -2.503795249303685 3
active_diff 4.161611175497003 -6.901986617892781 5.66009887485988 3
active_diff 2.3828079525408272 8.459564355111612 8.433320681715534 3
active_diff -1.5892986598591199 0.9405954918886736 10.464388712866823 3
active_diff -2.455021709486239 -0.4934553294891115 -10.855120897592302 3
active_diff -6.5559099416036295 7.567591283507014 8.500424233160688 3
active_diff 4.398186526633839 0.5498958542085233 -11.216156742108542 3
active_diff -1.2792307686768958 -6.066726494579762 -8.619900332334085 3
active_diff 6.297087841632888 8.47246476392115 2.096853337364729 3
active_diff -9.597768955732361 -1.422824006201512 -3.437929194441322 3
active_diff -1.5418367259772925 8.550822112497114 7.816654366988429 3
active_diff -3.4341340428830622 10.276573434820351 6.31287264723138 3
active_diff -0.8833539927848422 9.551298521935125 3.6734212751735926 3
active_diff -6.347893368605923 -7.370387679603497 -2.1368733388401435 3
active_diff -3.841975406186812 6.199733615350574 9.964116361823502 3
active_diff -0.899879746941437 -7.01782000738835 7.651691759231396 3
active_diff 3.3779310092961885 -3.5049460279684226 -7.773431317633289 3
active_diff -10.30028796777783 1.4910351491597194 1.860662234122298 3
active_diff -2.4263033721833347 -9.140774729251113 0.8433920390519963 3
active_diff -7.108866433095068 5.351669764168357 6.952457494318539 3
active_diff -0.13694202688093848 4.327150218662582 12.090660232905176 3
active_diff -6.480350608261046 -5.870842747878831 -6.450763062292071 3
active_diff 5.094083766351134 3.2569181204996736 -8.884909847021303 3
active_diff -7.725609623230518 -4.249216784504004 1.4515243720799964 3
active_diff 6.367920097377843 1.0631784428088777 -8.79651766946242 3
active_diff -5.512060181522006 5.083855875874575 -4.519401143276302 3
active_diff 5.472082708818176 -5.712132836957405 -3.398553386811769 3
active_diff 3.1867107490151105 10.409385686258991 -1.2385148775425785 3
active_diff 0.25342063541041154 -2.447567166807953 -10.699993202439714 3
active_diff -3.3732556213420577 -6.59372396047716 6.234011311386862 3
active_diff 8.17999419903887 6.46716209117662 -4.617057298311765 3
active_diff 9.844461386914741 6.268788950003398 2.2528565057453447 3
active_diff -0.19041932969550157 7.908753874243729 -8.817712670848227 3
active_diff -9.283991749163048 -4.089382830018821 -0.37565229916073095 3
active_diff -9.305519439309927 -1.4429638600409425 8.031152577450754 3
active_diff 7.533219468141426 7.669226115050728 -1.6127603898509495 3
active_diff 5.380021824378089 5.483529832847288 -8.640831887195809 3
active_diff 3.62830350570145 10.74928093917725 3.475592859134041 3
active_diff 6.7638420643891735 2.010703112745589 9.843385696636407 3
active_diff -6.899539469256393 9.208601877948599 2.515926041050371 3
active_diff -3.399164461191996 -5.359822787946184 8.253197224804666 3
active_diff 5.272416099176693 6.8606204286501375 5.1363835834958085 3
active_diff -4.760847851316889 8.474435027882137 3.121973418613623 3
active_diff -1.039892166336272 9.275066040772206 -7.433728473794342 3
active_diff 0.4680194546057772 -2.385120961648224 10.877966190197913 3
active_diff 1.808159799981231 -4.550933802679889 -10.476643985823696 3
active_diff -8.308046196955347 -3.0640487150941125 -4.338844209935158 3
active_diff 5.068181058293442 -2.8809104565771166 8.144961073270782 3
active_diff 1.632314012804291 1.4028227032638287 -10.404457574511952 3
active_diff 8.221512984358663 -0.35295707274733984 -5.001057737327064 3
active_diff -1.5448310497298259 2.085036148134239 -10.070771882792492 3
active_diff -6.084619738671497 1.222647258791587 7.7340608894887986 3
active_diff 5.255150044046143 -9.349830231259027 -3.168229273973625 3
active_diff -8.53351579001907 1.7283136729646436 7.547428741202246 3
active_diff -8.1519737565966 -0.9249587723592803 1.7602505873741487 3
active_diff -4.8092297711251595 4.411386853442339 11.0638982091205 3
active_diff -9.546307543820149 -5.357707100091842 5.677608394588438 3
active_diff -4.722569744285338 10.386506878079155 -2.282371071780448 3
active_diff 9.123820651239555 3.056489711880413 2.3734246727492536 3
active_diff 0.7643676374680552 8.164739725839262 10.579466487433606 3
active_diff -1.310318616977804 2.679160004340752 12.193263368286033 3
active_diff -5.800604182972693 2.485851090244531 -9.298473825491294 3
active_diff -0.673090303862774 -0.23765394232333836 12.362500084179675 3
active_diff 7.030838062723458 0.0229610230728321 9.051337663424977 3
active_diff -2.5649030017631684 -5.535201578343346 -5.237869508841656 3
active_diff -7.075352225622902 -7.1474026323535504 -4.887960300941797 3
active_diff 2.83335557348549 -5.966199537183647 7.467367336095974 3
active_diff 0.6960612821661692 -9.621626750899972 -2.63678902109479 3
active_diff 5.82390911967301 -0.7323898017854874 10.649698709450869 3
active_diff -1.9064069397074634 9.716790379730737 9.718339209191775 3
active_diff 9.503417479975036 2.4468776910464705 4.483097251180014 3
active_diff -4.529041718256121 10.19838312395053 4.523567181505361 3
active_diff 4.313324098850225 6.156487003831011 9.943536143802364 3
active_diff 4.393674217491756 -3.7972059606074353 11.801484856473447 3
active_diff -8.911841576806582 0.556135388869064 5.970418395301259 3
active_diff -5.738790206611336 -10.861951445293881 4.829330756230952 3
active_diff -5.249420774652279 7.816044070249633 10.069027383942313 3
active_diff 1.5585514668281295 -9.553907441565944 6.036141982900283 3
active_diff 5.620132024737396 7.242343942173601 -7.492666002086326 3
active_diff -2.8245423973432535 4.554717513940802 -7.336482739544018 3
active_diff -3.5568485278604607 -3.511116395209872 -7.867444944905531 3
active_diff -5.104029727325878 5.93829666200381 -7.433879881642514 3
active_diff 7.854696179964985 -0.2815500494521297 3.754498396140636 3
active_diff -8.164455171027749 -5.17034795978327 7.9881656311322935 3
active_diff 1.2264239412767264 10.45936007309361 -4.3871455548074385 3
active_diff -4.4321421376146075 -5.782358016779366 -6.865243156831238 3
active_diff 2.8181958642178224 5.456692873155758 -11.605032774787565 3
active_diff 7.379463632176599 -3.173759966758395 -7.043174785467 3
active_diff -2.9377957769460523 4.4110542635843295 12.03240905690369 3
active_diff 6.808007542630045 2.5535833557067456 -6.852767468795561 3
active_diff -8.381807522272469 2.654691781179937 -5.94017100910948 3
active_diff -7.787996612772946 5.1864099946777795 -3.7003169435134633 3
active_diff 5.07550029002958 -7.884118540014506 4.1767838126130385 3
active_diff -2.755111209265543 -8.860748823175326 2.921296404008828 3
active_diff -7.4876770007724796 6.928097203214758 -1.1961888944494863 3
active_diff -8.375184695915738 -4.342570317407932 -2.446908661034666 3
active_diff -2.901645487569544 11.265020517186741 3.4529995642668103 3
active_diff 4.953564990413401 -0.8018336954273 -9.464682994349799 3
active_diff -0.3968646053867928 3.7216880552303957 -11.271077905951996 3
active_diff -6.110987909678387 8.363796896122963 -1.6855657908120558 3
active_diff -2.5711320684003 -4.688471534110816 -9.363085238041853 3
active_diff 3.630254540502266 11.900525252178609 1.245191685110539 3
active_diff 5.71002095315471 -5.193731631994772 -5.460177645252945 3
active_diff 1.74699527880816 -8.088444501730972 -4.595454223345384 3
active_diff -2.3163897499643067 6.298465398283169 -8.693011198187145 3
active_diff 4.156035510687637 1.9272665139774567 12.265876120030377 3
active_diff -6.037078481667491 6.238592300506441 4.403310613617831 3
active_diff 0.9643098600209941 11.010050840096074 -0.025421819958484027 3
active_diff -7.305848197099055 -7.860248463463848 0.480842181421156 3
active_diff -2.7000859743925463 -8.385371652459565 -3.2096413610798997 3
active_diff -3.6651649133506035 6.614099967327565 12.201056712585954 3
active_diff -3.5209679692162643 -9.313919082672884 6.970675221042482 3
active_diff 1.3031028774328486 11.876079057537089 2.4218552552084924 3
active_diff 9.635431802231558 1.618186960603321 -1.649990248827441 3
active_diff -9.353149925072648 4.9485711677928865 4.785382096458922 3
active_diff -6.1575818812970775 -0.0680774423958711 -8.421699164417573 3
active_diff -2.5925866749828232 -8.497792581423548 -5.775933408754971 3
active_diff -2.272530383094255 12.50182673521219 -2.057359003969223 3
active_diff 3.3900309381181266 -2.577489948756276 -10.190684476767883 3
active_diff -7.15402411220213 7.4436900825286525 -5.1969146993829485 3
active_diff -0.4421263342499375 -8.315597423640325 3.7275663031233286 3
active_diff 5.620753200075199 5.934068636067551 -1.3867228397028628 3
active_diff -9.768936748123776 1.1063774808758875 -3.153291290651213 3
active_diff 8.691518797349694 0.5592890722536417 7.206734571018403 3
active_diff -5.626779501660527 -8.094263196058817 5.915343313071368 3
active_diff -0.7707948345668502 -7.581925622837485 -6.847261187319434 3
active_diff -0.023160104017459493 -9.288558096549345 1.5669172037965167 3
active_diff 7.857397339786605 6.530167721293003 5.315549694358048 3
active_diff 1.5828998239774932 9.09012629126757 -6.508815358094268 3
active_diff 3.6684920548266415 -0.1954792215718284 14.260235411104027 3
active_diff 7.972328180280341 4.597960992002224 -3.9123269044668767 3
active_diff 0.8757446015973216 -3.207504439682512 8.963064810530822 3
active_diff 3.5556780835711956 4.493514344922807 12.801090651104253 3
active_diff -3.795597472857847 2.5029069185700608 11.274668568063198 3
active_diff 8.095316681398117 -0.024778837426346914 -7.3202882248396355 3
active_diff 4.012951273819508 9.676952614211705 -4.992463136857308 3
active_diff 9.23974907104822 -0.3550485600376091 5.289566264093108 3
active_diff 1.1564577218534469 -5.9115011382788945 9.796948800762433 3
active_diff 8.72158975552869 -3.202566111562878 4.811257794242301 3
active_diff 8.506904590399804 4.200288352588612 4.968750600162681 3
active_diff 4.706302452465519 9.113656153504825 -7.027855189865327 3
active_diff 9.572224908042546 1.5191723259934071 -5.636823839058924 3
active_diff -7.815636854594999 -6.732440578331624 4.528492302054493 3
active_diff 4.876693906650852 -7.632715290890762 -5.09247552854193 3
active_diff 2.1291766324852186 -0.5890114150337531 -10.491694832547328 3
active_diff -5.868927180318733 -3.600283972525171 -8.087199044867605 3
active_diff -2.5932526501252164 3.8492062534554865 -9.23329196765608 3
active_diff -1.1920060188794317 -3.3707256307919424 9.675172317901207 3
active_diff -8.209643805518251 -1.056231254680593 -5.443550446767213 3
active_diff 6.299629717500062 5.3709480210536595 -5.047906220816138 3
active_diff 6.295296594867285 4.7756624432054835 9.035026009488018 3
active_diff -7.503541745226417 -3.024963387344762 6.215742670589106 3
active_diff 3.33494019055061 7.36125416007461 12.223579210517096 3
active_diff -3.977039737117506 -9.87935244243591 4.399643845960559 3
active_diff 8.01910154123317 6.5373296305601585 1.3647494908728457 3
active_diff 6.9523921490889915 -2.796059902293888 -9.796258096148605 3
active_diff 5.559767848355465 10.16236765117102 4.402377313009002 3
active_diff 7.993024121167312 -4.700572437897244 -3.9193507192219723 3
active_diff 2.4131662755155063 -7.504045796012214 -6.515622612431608 3
active_diff -8.826786228323865 -8.493425213498238 2.560241229562168 3
active_diff -5.193538948039353 0.24759250978763808 10.066953114843045 3
active_diff -0.1978247219943544 -0.02860491205106408 -11.187771986952782 3
active_diff 9.171262426198869 -1.1712920560124516 0.3554006706637606 3
active_diff 0.3588679268195685 13.135857712348395 -4.699448734348998 3
active_diff 3.570557871585988 -3.6083687768281725 9.497610129083563 3
active_diff -9.93158569640731 3.4049150079686 -3.1455196985080005 3
active_diff 9.621248721763747 3.6261566357333144 -2.53669660931122 3
active_diff -0.593253776282491 11.494147134008603 -1.586102030736194 3
active_diff 7.521372268046353 -7.0290604371404575 1.8815306494050743 3
active_diff -4.722297706082861 -1.7133289748853244 9.215361480412087 3
active_diff -5.160033184729823 -9.549304867782997 -0.3862052544594924 3
active_diff -6.626471734546271 -3.062185004360197 9.281221299703542 3
active_diff -1.8784895118205474 -6.625224223809889 9.38006928542201 3
active_diff 6.7875924797600575 7.87487083365763 4.052021627557165 3
active_diff -3.607070011908154 1.6324109283814958 -9.562448503122676 3
active_diff 5.310662759363163 11.761063478196839 -4.113551427933519 3
active_diff 7.656663979071161 4.742874589392135 6.712882438563118 3
active_diff 0.8246968656105385 9.693971246698073 8.213026635520984 3
active_diff -1.50498009681877 13.09397503799368 -6.61202039784707 3
active_diff 2.312058527527627 -6.742565523385338 -8.37532868842652 3
active_diff -3.226787455417445 -2.138795544531977 10.580674797439709 3
active_diff -4.32806740527526 -0.9428759684148604 -9.460980989783183 3
active_diff 6.795289683942584 8.269848785424582 -4.622733813349125 3
active_diff -9.274852166725553 4.9248206527304434 -1.3528993371186222 3
active_diff -5.085701055483897 -4.118557388684714 7.720794395118675 3
active_diff -5.888603748912876 2.9552809791983075 9.432624050890688 3
active_diff -7.254637271731606 8.992288352319209 5.867601077293206 3
active_diff 6.171030291959336 7.492414223282327 7.028712835950353 3
active_diff -9.180453430226109 3.6474616722860307 2.9526659865857274 3
active_diff -0.5244398059738342 12.083676137327734 6.463411702584409 3
active_diff 2.844791585785408 2.9395214761189625 -12.849501846497715 3
active_diff -3.1164628776623466 0.4004094957895906 11.637405567596499 3
quiesc_diff 0.0 0.0 0.0 4
quiesc_diff 0.2500474137478514 -0.29177817256230215 -1.9627383393856181 4
quiesc_diff -0.024259624330964985 1.4455783561657165 2.599981157651809 4
quiesc_diff 1.02128648678532 1.544772612112462 4.302036923223779 4
quiesc_diff -0.5198254763673225 1.5504403257903414 -2.0790428422779845 4
quiesc_diff 0.9340456003209529 -1.7278124793634388 0.675097031074254 4
quiesc_diff -1.578394000666025 -1.444117340596412 2.958664644742427 4
quiesc_diff 0.1469381643728649 1.3275501849496796 -3.9514066510776846 4
quiesc_diff 1.4999126689445552 1.9736699029790707 6.195965140353183 4
quiesc_diff -1.488833148670757 -0.8535650834124517 -2.7755666462501063 4
quiesc_diff -1.6056789551004162 2.650140846349023 2.819394255510833 4
quiesc_diff 0.4949438242513313 3.5875262302719215 6.816855932725559 4
quiesc_diff 2.813387663062592 1.6453657890476512 1.3574164497415488 4
quiesc_diff 0.3954070283990201 3.1178309694373247 -4.807653073729396 4
quiesc_diff 1.1562466232606108 2.9743591219540413 2.0811031666434014 4
quiesc_diff -2.497166624184781 1.343946748760888 -1.8611383040197926 4
quiesc_diff -2.3416807227910335 -2.5550483981091867 -3.3900628180248136 4
quiesc_diff -2.2857813140186485 1.7806588330525235 0.9605664578204759 4
quiesc_diff -0.737796644116155 4.451655789529333 2.8557838663724753 4
quiesc_diff -0.9324191866209459 -1.7603284262690269 -0.17843287838945068 4
quiesc_diff -1.9722519710695843 -3.2659485359216234 3.683790147596588 4
quiesc_diff 1.7805464760950838 -1.3517506414888363 -2.6935125762550016 4
quiesc_diff 2.4183350536814947 2.8612027242307736 3.7405504481938703 4
quiesc_diff -0.004921591554277516 -2.485945401785587 3.6210685009229895 4
quiesc_diff -1.7988001949366488 5.941708492902903 3.664495438142918 4
quiesc_diff 2.4467087602028705 3.515091502281968 0.6520069606504981 4
quiesc_diff -0.9913467283066528 3.2396613616985546 -3.0403960556261014 4
quiesc_diff -2.3830663929455302 3.0939143007531387 -0.8995798272720708 4
quiesc_diff -3.518018555153404 -4.13789499517531 4.605915431776996 4
quiesc_diff -0.9583525539986258 1.2451891229176015 4.357056726300784 4
quiesc_diff 2.1112370957698454 -2.911719981792411 -0.42607652869513724 4
quiesc_diff 2.558143864027067 -1.2810575948479004 2.628207805425863 4
quiesc_diff 4.5307327794797105 2.6627471577147386 1.2322729249096278 4
quiesc_diff -3.080289800522713 3.4100474017952953 3.9365624977880294 4
quiesc_diff -0.019909783154540728 -1.0350182916576187 -4.120683325002567 4
quiesc_diff -1.4823336957862205 1.803252627871173 -5.00931987601264 4
quiesc_diff -0.917016552517059 4.663590685255464 7.7379711172475805 4
quiesc_diff 1.9658215187258954 1.4703165320537714 8.074678617090273 4
quiesc_diff 1.8654048926722668 -0.006404978616585344 -0.818543270588266 4
quiesc_diff -2.6099786598624584 -1.8420064509455985 -5.239275460894307 4
quiesc_diff 1.2956054157813854 -3.253521982378185 -2.308677631124293 4
quiesc_diff 2.222155706958063 3.803572477095418 -5.246683653595532 4
quiesc_diff 0.03949222387761131 3.2441147469526577 4.687155520643167 4
quiesc_diff 2.416072328220954 3.7677797775419797 5.52327671054686 4
quiesc_diff 4.81538184788917 4.496433316500319 0.48623674687815277 4
quiesc_diff -0.3664803954103103 -3.4482639887389226 -1.0897982395660104 4
quiesc_diff -0.003712095508160651 5.329138653232855 4.496254438922213 4
quiesc_diff 1.9920731306713155 0.2309322759788961 9.644149075131454 4
quiesc_diff -4.902892383404426 2.8927134029975905 3.295871184782395 4
quiesc_diff 2.8922274858283656 4.152569784331 -1.1905821159026138 4
quiesc_diff -4.4636513524482515 0.2791923911349099 2.800932221890905 4
quiesc_diff -3.2899758616571786 5.323045441284684 2.483965404834567 4
quiesc_diff 3.6912001693768355 -0.41561282181872883 -1.5249571355605906 4
quiesc_diff -1.3305083690599704 -4.961404385329747 4.528535441745959 4
quiesc_diff 4.441425914221891 -0.7099393426057229 2.9846803308325507 4
quiesc_diff -1.4461416695119507 3.597301020099029 1.0651321713942883 4
quiesc_diff -3.715093802997407 3.169466875180523 0.7924057282492153 4
quiesc_diff -2.933233400361935 -0.900243557167548 4.3256363008971555 4
quiesc_diff 2.6907839542363465 0.44398723076576974 4.269637071557058 4
quiesc_diff -4.3321883603169145 -2.8461824649603518 -0.037481626056446116 4
quiesc_diff 0.8879901712278975 -3.46317087486674 5.120314631031901 4
quiesc_diff -3.2666981617669117 4.851028804544066 -1.2625447259842728 4
quiesc_diff 1.1171585049333659 0.01086126170623647 6.1662752822062314 4
quiesc_diff -3.1656901214555093 -0.19964769722883124 -3.647657664934474 4
quiesc_diff 1.5364277891284057 3.1817296222103035 -2.9332356625533613 4
quiesc_diff 2.817015789780609 -0.9975518218173741 -4.366914667185809 4
quiesc_diff -3.842547147138588 0.4104797360178375 0.7704481558671269 4
quiesc_diff 3.6051116159888297 2.1637762657579556 5.638854850041232 4
quiesc_diff 0.7547500403944404 -2.8759382996031393 -4.2251614668549475 4
quiesc_diff -0.47811035225330956 4.997625648684831 -3.844230608240297 4
quiesc_diff -4.189727011661587 -2.3997252712466968 -2.6413307962350188 4
quiesc_diff 0.43692761389872536 -4.975407934029068 -2.8543709534778814 4
quiesc_diff -1.6177566144500901 0.3057590350033921 6.019138611174703 4
quiesc_diff 1.9631329214481203 1.394568228551365 -4.839637099326669 4
quiesc_diff -1.936059056343135 3.274165451320399 6.722564846486772 4
quiesc_diff -5.349101274029481 -4.678162631966805 4.009889461479453 4
quiesc_diff 3.7068354548927744 1.6831346170916337 -0.4315286469290993 4
quiesc_diff 0.962804002211024 4.684305318248001 8.42252790609306 4
quiesc_diff -1.5751730311827472 -1.2381398055559583 -6.840688082749977 4
quiesc_diff 0.023081774627212143 0.7945906351473153 -5.8751045777266775 4
quiesc_diff -3.267480793902017 2.0355460073720635 -4.137947611174698 4
quiesc_diff -2.9189140593190377 1.4686021541701433 4.683070838452868 4
quiesc_diff -4.441566962785796 1.0417740875416042 -2.218907791343566 4
quiesc_diff 2.073028133192337 6.015294985970683 3.0513577779884837 4
quiesc_diff 0.16648989528325323 4.535379930312495 -6.19982831043194 4
quiesc_diff 3.4238629658427637 4.482437484993056 3.1401243758413577 4
quiesc_diff 2.329919800177113 5.252475724214261 -6.62111672970406 4
quiesc_diff 1.821297218538338 -3.310112485439053 1.5171844711561864 4
quiesc_diff -4.024115659533153 -4.269206637318134 1.3336833588805412 4
quiesc_diff 5.498575056480097 4.550263959756151 2.3651591246207504 4
quiesc_diff -4.327705682739519 -0.8638467213506036 -5.54360656064679 4
quiesc_diff 2.7322279192221037 3.147978428345982 -7.066030454378822 4
quiesc_diff 0.009976091330992531 1.2373644102572066 7.30859410639568 4
quiesc_diff -2.55659308375001 6.473128632835276 -2.8397086813832972 4
quiesc_diff 4.569465348105007 1.2845112929475304 2.908702928191273 4
quiesc_diff -4.189931641104504 1.33424534292242 6.221401932224157 4
quiesc_diff 0.909836931667734 6.714280905967829 5.6128605085073 4
quiesc_diff -2.517610512999057 2.756182711226684 -6.430631301414447 4
quiesc_diff 1.252692224416644 1.4915349663133668 -7.290140528161908 4
quiesc_diff 1.2521845475489455 -1.2986017305953041 -5.641308125704512 4
quiesc_diff -2.3123471350772817 -3.8541887648366293 -1.7355938673846083 4
quiesc_diff 1.4916279719557086 5.110664279778231 -3.4597373845017305 4
quiesc_diff -2.181684460420092 4.020512701299234 -4.4451619681363885 4
quiesc_diff -6.041799169734505 -2.291552046317819 -1.894251633963971 4
quiesc_diff -5.219330503845144 4.433232762825713 -1.375120941032366 4
quiesc_diff -3.792980084971683 3.527739222874234 7.420808812316093 4
quiesc_diff -3.568410926091105 -4.085621537322481 -3.780548251594524 4
quiesc_diff 2.9052392435139716 5.420207516939722 6.538263555314606 4
quiesc_diff -2.4046232608649873 -0.6068647866884124 7.615371251124287 4
quiesc_diff -5.061923921179288 6.0526659393333455 1.911380037240306 4
quiesc_diff 0.027964589218596125 6.254533415930014 2.451751692226048 4
quiesc_diff -3.9618891508352467 2.9812959015124867 -2.309264472631845 4
quiesc_diff 1.8889778375566713 -0.7053504327132893 7.879851467033084 4
quiesc_diff -5.610884874746727 0.9045709622002793 -0.022555968540316607 4
quiesc_diff 0.6132497581680414 2.63339482786354 8.97900074462983 4
quiesc_diff 2.5235014959375714 6.912651224718748 1.0003228255730936 4
quiesc_diff 4.116914098811291 1.1288132031481606 -3.76260721647034 4
quiesc_diff 3.981171465577546 -1.742624230828517 -5.812462545272215 4
quiesc_diff 3.318235194849624 -2.615901765063296 -2.500030429842338 4
quiesc_diff -2.0687332880727847 -2.588325199075932 5.563023493626675 4
quiesc_diff 5.384171441229698 -1.1199863320564956 1.1440710623138166 4
quiesc_diff 5.392630757037177 -0.4072020250366766 -2.5761770049843356 4
quiesc_diff 1.57155666008449 -4.627800402357671 3.64506044310071 4
quiesc_diff -6.468507725515574 2.3371649554542864 2.182221992721261 4
quiesc_diff -2.2653310906307214 5.400923726620822 6.457975846778875 4
quiesc_diff 2.3448008119461576 -4.699587939494071 -1.4097436689573468 4
quiesc_diff 3.995240045639755 -0.7656505477431135 5.183513841370493 4
quiesc_diff 3.0665293454756974 -2.8605529285832043 3.744782340761792 4
quiesc_diff 0.013718197145057592 3.900573523620553 -8.090246685890357 4
quiesc_diff -4.507042031727407 4.745198315796605 4.362884098922544 4
quiesc_diff -2.1613067313340686 7.873291041365654 4.035410346906763 4
quiesc_diff 4.1895351580669 6.090332731512513 2.2299491343220006 4
quiesc_diff -1.0230026168664543 -3.120209993636474 -6.449638673221788 4
quiesc_diff 0.8493020346261032 -4.18853873806054 -5.731195998115188 4
quiesc_diff -5.200507102823522 2.546567144993444 -4.185557336246921 4
quiesc_diff -4.685811962036894 -1.459512270723049 5.110293481578825 4
quiesc_diff 3.6050529066006893 1.007764000816834 -5.914104991710281 4
quiesc_diff -0.08288621486835712 -1.4341890158603015 6.853095757862626 4
quiesc_diff 5.456567160738948 1.7500201826005108 -1.3979474374558554 4
quiesc_diff 5.342009622432999 2.8519983812195306 4.925037201758518 4
quiesc_diff -0.06612761536359074 6.5628691205087275 -5.0190851091967055 4
quiesc_diff -5.13715694846571 -0.5081157525339717 -3.512876327744941 4
quiesc_diff 3.948198812556736 2.680543125293697 7.540234135832666 4
quiesc_diff -1.7889967830358828 5.823011716647967 -5.715025374619391 4
quiesc_diff 6.158956469144416 0.9070436144225031 4.062408318577316 4
quiesc_diff -2.18099379289572 1.9890929581116314 8.235375364042794 4
quiesc_diff 6.066383331558635 2.6011422594721947 2.512109718572094 4
quiesc_diff -2.451004725024046 0.29272484275275645 -5.892485912214544 4
quiesc_diff -4.411977035583648 3.0103173507566225 -7.019520988114554 4
quiesc_diff 3.8155834294051205 -5.895660934151753 -2.0470880685021835 4
quiesc_diff 2.324934184385489 -4.1104051895829 -4.122140830559127 4
quiesc_diff -4.2233676360498364 1.3668734693173707 -5.7624959736004415 4
quiesc_diff -6.3528034256947485 1.5798440886975886 -2.459024131277512 4
quiesc_diff -4.526495851649731 -5.840998219625738 -3.753604260736932 4
quiesc_diff 2.250532895846889 5.908049974472029 9.34133327876917 4
quiesc_diff 5.12607939118371 2.9693642872818597 -3.2601343010992503 4
quiesc_diff 5.725374975777198 -3.5552488267245907 3.0603770945647404 4
quiesc_diff 4.567980537280288 4.8417879410817495 4.740706217684114 4
quiesc_diff 0.3458877184287109 8.219503779265175 2.257287414972517 4
quiesc_diff -3.9169377362271085 7.61503418008867 1.4133718881626365 4
quiesc_diff 4.5846933074784015 -1.7876274649690593 -3.865819195719324 4
quiesc_diff 5.769466176900552 0.12159363970044323 -4.467835063749614 4
quiesc_diff 2.799871528202297 -5.863510611391003 4.627029314323995 4
quiesc_diff 2.398701338936975 6.8419142424675865 -3.883991404637514 4
quiesc_diff 3.9111383762192427 6.862661720500421 -2.128985482636576 4
quiesc_diff 6.307172868338081 3.6857679321177335 -0.5708257800670757 4
quiesc_diff 2.535155024781709 3.0643038882725793 9.326272292298288 4
quiesc_diff 0.7496628029884139 -6.553666410378796 -0.07186964132206974 4
quiesc_diff -0.3207020114205264 0.31325395118841837 9.051199010497676 4
quiesc_diff -3.5055587095961385 6.6811859347265035 -0.4921743491309649 4
quiesc_diff -3.7597995665239585 7.999010969550946 -2.366446328866357 4
quiesc_diff 3.561012958262568 0.38020173026806314 7.55794465250441 4
quiesc_diff 0.9073228994802827 -5.816252181522817 5.288183723662165 4
quiesc_diff -0.2241573354592753 -4.814983561931518 -7.2981203305005025 4
quiesc_diff 5.443755203175913 1.7353461390474618 -5.614441686154282 4
quiesc_diff 4.1162969177236715 4.439693197438335 -5.159623313429632 4
quiesc_diff 0.8943811934070252 7.6143524967143055 7.398814665725767 4
quiesc_diff 7.006701344693624 1.9755797802469146 -2.6414131103414245 4
quiesc_diff 2.419098117834902 7.976932685125936 2.871877687219676 4
quiesc_diff 0.46447312122615103 -0.5193561178805648 -7.316880430401103 4
quiesc_diff -1.7295606129849848 -3.2055346405677976 7.434924773557613 4
quiesc_diff 2.592027723097777 -0.480054362227296 -6.880178768940937 4
quiesc_diff -6.054975896884854 -0.40030952080154103 6.112031797742466 4
quiesc_diff -4.899757853729442 -3.9776601163507297 -1.6383463357776678 4
quiesc_diff 6.235242486736285 0.10776048255538506 -0.18570930854097445 4
quiesc_diff -6.977101766574595 2.3450604538174935 -0.264302590077372 4
quiesc_diff -5.497619197372956 -5.611892769209423 1.4948704402499555 4
quiesc_diff -3.1130221653292223 -5.586051243381197 -2.335236970688999 4
quiesc_diff -1.7741819364045899 -0.16595622891380812 -8.517237465745076 4
quiesc_diff -6.026213389268431 0.755804016755026 -4.782555602943068 4
quiesc_diff -2.5920470606861725 5.170996022406658 0.5928438778677125 4
quiesc_diff -3.9436423891580157 6.426590731636647 -4.776955964877034 4
quiesc_diff 0.21204225948348576 -3.5431000595033577 7.000927761383727 4
quiesc_diff 4.642342602880785 6.630743426526502 0.3583397470203611 4
quiesc_diff 5.233182937058668 1.2258567123433404 6.324194681681303 4
quiesc_diff -2.252313812203543 8.24943326818447 -3.7069779402320795 4
quiesc_diff 3.864093942299818 -4.348673416368921 -0.1408209845370194 4
quiesc_diff -4.878666008201534 -2.7099069186685885 -4.493127330590014 4
quiesc_diff 1.8995603361570368 -6.5803230301272375 -1.92413305218773 4
quiesc_diff -0.4263396321462075 2.600153504568868 -6.6085642723929965 4
quiesc_diff -5.452544127506359 6.599391003785809 -0.9422380909691301 4
quiesc_diff -2.894350735259108 7.2964428573407325 6.564472380743189 4
