32
 Lattice="1.0 0.0 0.0 0.0 1.0 0.0 0.0 0.0 1.0"Properties=species:S:1:pos:R:3:Color:r:1
active_stem -0.18018710754656173 -0.437099852419163 1.9433158068850132 1
active_stem 1.6836069765381851 -0.004963060037449063 1.3606242891839724 1
active_stem 0.14871449725341976 1.9865925697441917 -0.17701401115118254 1
active_stem 0.49043175723963583 3.9269290953980196 0.16696779278784163 1
active_stem 0.9340456003209529 -1.7278124793634388 0.675097031074254 1
active_stem -1.9396714065952545 -0.12726061932654287 0.470616159099337 1
active_stem -0.49113041531081414 -2.723787436693743 1.663483194898324 1
active_stem 2.813387663062592 1.6453657890476512 1.3574164497415488 1
active_stem 0.5245241831065153 5.1480891952259675 -1.4165743497163317 1
active_stem 0.8701940178570329 -0.48963673881117625 3.6444740496608317 1
active_stem 1.7574275077105939 1.9603162827826162 -1.3650173809819792 1
active_stem -2.2857813140186485 1.7806588330525235 0.9605664578204759 1
active_stem -0.9324191866209459 -1.7603284262690269 -0.17843287838945068 1
active_diff 0.0 0.0 0.0 3
active_diff 0.2500474137478514 -0.29177817256230215 -1.9627383393856181 3
active_diff -0.024259624330964985 1.4455783561657165 2.599981157651809 3
active_diff 1.02128648678532 1.544772612112462 4.302036923223779 3
active_diff -0.5198254763673225 1.5504403257903414 -2.0790428422779845 3
active_diff -1.578394000666025 -1.444117340596412 2.958664644742427 3
active_diff 0.1469381643728649 1.3275501849496796 -3.9514066510776846 3
active_diff 1.4999126689445552 1.9736699029790707 6.195965140353183 3
active_diff -1.488833148670757 -0.8535650834124517 -2.7755666462501063 3
active_diff -1.6056789551004162 2.650140846349023 2.819394255510833 3
active_diff 0.4949438242513313 3.5875262302719215 6.816855932725559 3
active_diff 0.3954070283990201 3.1178309694373247 -4.807653073729396 3
active_diff 1.1562466232606108 2.9743591219540413 2.0811031666434014 3
active_diff -2.497166624184781 1.343946748760888 -1.8611383040197926 3
active_diff -2.3416807227910335 -2.5550483981091867 -3.3900628180248136 3
active_diff -0.737796644116155 4.451655789529333 2.8557838663724753 3
active_diff -1.9722519710695843 -3.2659485359216234 3.683790147596588 3
active_diff 1.7805464760950838 -1.3517506414888363 -2.6935125762550016 3
active_diff 2.4183350536814947 2.8612027242307736 3.7405504481938703 3
