285
 Lattice="1.0 0.0 0.0 0.0 1.0 0.0 0.0 0.0 1.0"Properties=species:S:1:pos:R:3:Color:r:1
active_stem -4.662116178765329 6.02869747950304 0.8870454521293374 1
active_stem -1.633501660048589 3.985601958661615 7.67288164563108 1
active_stem 5.943977943838604 7.721475331493801 -2.383019593228719 1
active_stem -4.523306586163591 6.419793237434494 4.037726331141661 1
active_stem -1.898849445237925 4.053922016432037 9.654023468570912 1
active_stem -5.079553078916342 3.4399954950022362 6.268115651521024 1
active_stem -3.5253201991013423 4.626632936605639 7.773389857297764 1
active_stem 7.14807940902833 6.969707777054609 -4.153649652016556 1
active_stem -6.4148858142809155 4.875198209767946 5.8717828956290825 1
active_stem 5.911810646945856 9.399756737369623 -3.470372704091097 1
active_stem 4.9246430471193365 9.440273108988633 -1.6508827502896173 1
active_stem -5.7612551968356716 6.744363495735781 2.3969181527782766 1
active_stem -1.8437372235107066 4.133744025649632 11.65166985616326 1
quiesc_stem 0.0 0.0 0.0 2
quiesc_stem 1.6148943738575403 0.39288233528345967 -1.1125464628074992 2
quiesc_stem -0.4154408769435689 1.0301974586666658 1.6631602670581997 2
quiesc_stem 2.3208883752038 2.1690334472546797 -1.7014944210402252 2
quiesc_stem -0.6307843659745245 3.0077259935750895 1.4557763830292818 2
quiesc_stem 0.060805412977955206 1.9621660831610774 -0.38237019215008955 2
quiesc_stem -1.515515091365096 4.581690329751348 2.315943699308564 2
quiesc_stem 0.43060107977912226 2.5933068830079096 -2.2437977237998665 2
quiesc_stem 3.821850853798847 3.182092779794931 -2.5505070396760816 2
quiesc_stem -2.18304742132162 1.6927470654200767 2.323913717948005 2
quiesc_stem 0.36026796617818924 4.741415918660983 1.34561959208865 2
quiesc_stem 0.10845408139791995 5.8859037526948335 2.9663408405395897 2
quiesc_stem -3.5461754660188314 3.1252355282143367 2.623678188359853 2
quiesc_stem -0.2784470212495915 1.6920502290370727 5.565727621937705 2
quiesc_stem -2.7089830739641587 5.747211315759303 1.2126780895454539 2
quiesc_stem 6.1512198920398165 6.220677580481103 -1.0744306631087648 2
quiesc_stem 4.1433894970852485 5.732524250104244 -0.5687312204963164 2
quiesc_stem -4.075941335925076 3.2605685305075967 4.547485117750838 2
quiesc_stem -3.2539010112192717 5.201881409063025 3.0862536491306916 2
active_diff 5.955207162982448 5.827543843898849 -3.025590542567226 3
active_diff 5.906111973793762 5.520620281780937 4.513693784167085 3
active_diff -1.9005114661000184 0.758943101357718 -7.530306394561457 3
active_diff -0.36735345672819664 2.040357318853605 -7.61635359962029 3
active_diff 6.343991052454505 7.548581159230433 1.3848168479417176 3
active_diff 4.408865010668691 2.7604673019424384 5.055113748090006 3
active_diff -3.4542726255665688 7.821584306519115 2.9838654545722374 3
active_diff -1.9794567802478704 8.759971198654947 -2.5280884850224425 3
active_diff -6.877205496520556 3.6437699986707273 0.755626741749206 3
active_diff 0.40146763656969536 7.7699082011559 3.5702202114941795 3
active_diff 1.107565948193092 5.42704281721545 8.227671323470883 3
active_diff 6.879090633990517 2.506107322638836 -2.2481395191546776 3
active_diff 5.609958646855522 2.822814644895863 -5.804064183684366 3
active_diff -2.4891281758470196 5.749897992944708 -7.806940193330366 3
active_diff 7.564955156595699 3.3656168916323588 2.8254241006039376 3
active_diff 3.875503324906063 4.032143025366161 -6.805232624665392 3
active_diff 2.9268549882850112 9.874744637985382 -2.1585506311164036 3
active_diff -1.057833817522173 5.56119913061886 6.0869131035919315 3
active_diff -4.973944185333867 2.1748627968687813 -6.915504490453408 3
active_diff -1.781547954267333 6.084360337732396 -9.973818144359278 3
active_diff -2.506529779017233 9.894687584797143 0.5721824932578448 3
active_diff 1.613532449594638 5.13873540656931 -8.813973261129645 3
active_diff 4.263282546090566 6.067192486615581 5.514878230897349 3
active_diff 2.2305583554029065 9.74010318059032 -0.17375060392438457 3
active_diff 3.6110879535201548 4.353555996063459 -8.761447902604502 3
active_diff -6.862099584390809 5.387441142741909 -0.22385411704907887 3
active_diff 2.7278942429644157 6.785200906189807 -9.031571864151633 3
active_diff 1.779186869211063 10.485807403812025 -3.678241449895526 3
active_diff 3.5337045365292212 4.9290061607740245 8.492113309547564 3
active_diff 4.672863935060613 7.6470259129293545 -0.8018410713618643 3
active_diff 0.3108554544518528 6.7317269006423155 9.517264992660985 3
active_diff -3.3684873875003403 9.760644853974638 3.4662398799218894 3
active_diff -4.552779077201475 6.216869442884632 -2.138020112086021 3
active_diff -0.08583257088847929 5.953597421812081 -7.778540304240952 3
active_diff -2.826271886089252 8.087992737403269 -4.794074203240546 3
active_diff 8.12796334112972 4.007553340654714 4.6339979529982145 3
active_diff -2.9963436210891725 2.4276503591868277 -7.651004264303557 3
active_diff 2.1746104406674247 7.58160552113132 -5.408269411601145 3
active_diff -6.631564728009046 2.9014817333907192 -4.126817084715443 3
active_diff 5.162429030719036 7.6969310605845145 6.24664853618308 3
active_diff -5.451730607057276 4.57356623036655 3.8289512818032634 3
active_diff 5.204933910360658 4.067289503875695 6.342937509121591 3
active_diff 2.057560016296102 9.104297759508565 3.7730814200813025 3
active_diff -1.2070057411070423 11.147496816766555 1.433406217493196 3
active_diff 7.759458339173359 5.894428551112104 3.8614862805964236 3
active_diff 4.734402665971692 4.6139340147965635 -4.780595715823891 3
active_diff 7.004262187425903 2.781018841817153 -0.2710821758199826 3
active_diff 0.5237617281392898 9.036647473240027 -2.1982510611672454 3
active_diff -0.9297096391658703 8.858631317298043 4.591322085423995 3
active_diff 0.18830038122839304 3.52035165565864 9.081247409110416 3
active_diff -0.11549186121258104 9.715297806838949 2.5567224260979353 3
active_diff -5.535866504144214 5.135119351233532 -4.7679786693312955 3
active_diff -4.746721990282995 2.405442324491169 -8.889131394282423 3
active_diff 2.518010053553076 10.521897592208404 1.7536709225013938 3
active_diff -4.397390019804639 7.440329945724883 -5.929303292693626 3
active_diff 6.188891610900475 7.9385187523667415 3.4598307307090965 3
active_diff -3.1729535978862824 5.329896337958101 5.512308445454881 3
active_diff -2.588735834472105 7.840393292073513 -9.459234828152333 3
active_diff -3.024997907185746 7.3277466460005 6.122239959714687 3
active_diff 2.9111935304040166 3.2735713036323744 9.930373255823842 3
active_diff 5.790076130493329 3.6523890056806305 -7.614965636557086 3
active_diff -6.293456923451035 4.853633649416437 -2.7051689311899487 3
active_diff 4.171892955051204 8.182228967557815 -4.906418632883057 3
active_diff 2.6553404878076154 1.157955465885136 -6.877397372442718 3
active_diff 1.8332916204765795 6.855032674633895 6.857953582481845 3
active_diff 0.6303149014873809 3.3901730734500246 -8.7038531516472 3
active_diff -5.456043421657037 7.821222739974071 0.4914032860655627 3
active_diff -3.8550258986192225 8.256655570071594 -1.3173885002122094 3
active_diff 3.4380376412346845 8.64445307955528 7.089030981334109 3
active_diff 6.444644528546616 9.460374215115325 0.806097408816951 3
active_diff -5.917448676756198 2.063419946402883 2.621486858407199 3
active_diff 8.00388525355212 6.689367136886 -0.4845483375814885 3
active_diff -0.9005841523450782 7.405056299592982 6.845506066401651 3
active_diff -6.751504094265945 2.827701377478609 -1.9722790625784392 3
active_diff -0.280023718094079 10.270104333275569 -0.19028291488083698 3
active_diff -0.17408558277772035 7.66412137396965 -6.567632850319901 3
active_diff -2.7283181134086987 10.250987886149012 -3.6308468181629414 3
active_diff 8.037758913056056 4.932147028013118 1.6351121870688468 3
active_diff -4.406350585736174 5.996072694457127 -8.320414873674094 3
active_diff 4.502299643205362 2.4269297303863775 7.292605650132002 3
active_diff 6.229664001597073 3.578321071584136 -3.8207394155884895 3
active_diff 0.372734287474181 6.140522935248181 -10.02097022395183 3
active_diff 4.123626243922932 10.274050674353898 0.18845657899435203 3
active_diff -2.829006720259141 10.279974680072367 -1.544292613966984 3
active_diff 9.520226932202377 3.760773952740533 2.6813297545237997 3
active_diff 3.4493427167472603 11.712748159425994 -2.749100907365823 3
active_diff -5.069113772189323 8.9728283256989 2.725166248008162 3
active_diff -0.40979373860656143 10.188835370306617 -3.540241091071419 3
active_diff -1.6412917563525449 9.284056594220383 -5.873543212774839 3
active_diff -1.0494072717756446 2.527858664900299 -9.432157837687235 3
active_diff -8.129472419093918 5.741839296336603 -1.7298979565787516 3
active_diff 2.8826569776671604 8.7504376021225 -8.694091161137546 3
active_diff -3.2710672227365465 11.64429530503682 1.1674600104117008 3
active_diff -4.470676267378962 4.1006240213395735 -7.110863414186346 3
active_diff 0.566250585422555 7.879764650782626 5.56039059119607 3
active_diff 4.966439334852437 9.415703272604617 5.2429503134579205 3
active_diff -4.81386055661531 7.531095322565013 -3.622825418611227 3
active_diff 7.442589057530988 3.6213849512558234 -5.865311580915854 3
active_diff -0.49663228850326385 7.675981005454024 -8.708399639198852 3
active_diff -2.0161821829843003 6.021297489983058 7.780984504131602 3
active_diff -7.363749479265681 4.139735616831996 -5.516289218358236 3
active_diff 2.2514329592228464 7.47630157171912 8.712456960301898 3
active_diff -4.793452219716871 10.003779248182822 -1.0587093683630637 3
active_diff -7.999369129387028 4.8013220161929215 1.9391900513369191 3
active_diff -5.753987074365733 7.379393446474519 5.288563240882047 3
active_diff -2.61212932299551 7.679998003545343 -7.297445672378881 3
active_diff -2.134826182866241 6.79128480528232 -11.811058545171669 3
active_diff -1.7767283599521475 8.561099895214559 8.22243545184555 3
active_diff 1.1786189671906042 9.13672179823395 -6.6081098925981285 3
active_diff -5.618495162536011 5.858973442643627 -6.630559609629256 3
active_diff -0.05723295637226919 4.91734418055184 10.491256368485924 3
active_diff -6.074901477036538 2.442973722079176 4.578818600103979 3
active_diff -1.0381582571039811 13.098266697042153 1.840821731870553 3
active_diff 4.059370716868934 5.036304674653929 -10.587070209098194 3
active_diff 6.709126907020288 6.014215337891028 6.277646997151736 3
active_diff 3.8782457893587168 6.662651806972634 7.384951730459688 3
active_diff 6.755777003264276 4.798365173464078 -8.939412859817338 3
active_diff 8.19265994917931 8.144281331292978 0.9077795168166316 3
active_diff 3.157342892971092 8.792290893347227 -6.660658271616935 3
active_diff 4.1594086861970165 10.173160414573744 -5.096250443479278 3
active_diff 8.69988333335649 3.176577545511985 0.7129921310310317 3
active_diff -3.145773543399602 4.078992482475066 -8.769369093047823 3
active_diff -3.973377051569139 9.045087288464565 5.73324366636508 3
active_diff 0.12284971347226328 11.665153943048828 2.9325606118393917 3
active_diff -0.9484651593921315 9.917252505842262 6.288074692502076 3
active_diff 7.485042312188522 4.447371973321486 -2.528928350654434 3
active_diff 8.598624153707018 3.143069279247794 -1.4497136049933999 3
active_diff -0.024584708128144672 7.572967137293391 11.300462895746211 3
active_diff -4.523738757688889 3.5089095158932633 -10.542200853041205 3
active_diff 3.066956854142233 11.189571206074337 3.557242200679812 3
active_diff 5.080757394768627 5.531430124467734 -7.352499306957779 3
active_diff 4.007050471762891 5.2283730654983565 10.412093278701809 3
active_diff -7.058024827791978 5.764139920310161 3.877460716435625 3
active_diff 9.282358129160674 6.47750601902742 1.885788033857143 3
active_diff 5.197229906117776 9.596889582114827 2.94367837499606 3
active_diff 0.5691552911439374 11.999619667249522 0.34606745551010926 3
active_diff 2.0212918715244776 3.947993263804025 11.589659264070061 3
active_diff 6.779134761012219 10.198383929920388 -1.0224150864202175 3
active_diff 9.260452185226624 6.937656832264506 -2.020579513499143 3
active_diff 0.21639830661726017 3.8957992936899224 -10.594095246696678 3
active_diff 2.0371178020910827 10.490340090020329 5.214770975397534 3
active_diff -6.075356501946123 7.096185252365723 -8.255826859399036 3
active_diff 1.3981342288744392 11.561087994826778 -5.320974092743853 3
active_diff 5.314806438511495 6.476940134908111 -5.219161169603005 3
active_diff 5.52286201077183 5.282965521505362 7.898911012472151 3
active_diff -5.805740862045805 8.82745050333494 -5.625256480814003 3
active_diff 6.334377705395863 2.913068315234068 4.536351959610098 3
active_diff -6.11311311320219 9.704252917509532 0.6412591199310699 3
active_diff -4.123183345067977 11.41766032511941 -2.798244628846235 3
active_diff -2.7086681891080335 1.1374574816646255 -9.32016939908382 3
active_diff 1.8992332743640143 5.589089263659579 10.057153161005274 3
active_diff 8.01140596324561 7.830361713334498 4.295865361736331 3
active_diff 3.5735992716823786 1.8134284932492564 -8.528807653455573 3
active_diff -1.8008782994579522 10.899974785132907 3.960738671683617 3
active_diff 4.050524465772412 10.387574466376298 7.85479055233199 3
active_diff -2.4529120845614463 9.745249890297067 -8.865035157027894 3
active_diff -4.702065118535645 6.0299404953199724 6.5947852974757 3
active_diff -6.744278659298083 6.733898623834611 -3.2164060468848867 3
active_diff -8.254030522170915 3.6875451523783007 -0.9707387407673902 3
active_diff 8.108634228442366 4.535481279519585 6.562966194511954 3
active_diff 5.51074539639476 3.4449774056260356 8.687817495628375 3
quiesc_diff -0.8202284261076312 0.16058360808397992 -1.8169860301663656 4
quiesc_diff 2.059651358824962 1.6723791542862623 0.3588743180993079 4
quiesc_diff 2.140120106519837 1.7220318038925235 2.356637916484136 4
quiesc_diff 1.2055154675175022 0.8012904405072507 -3.0271251973157844 4
quiesc_diff -1.5846261639889594 1.9997173545887883 -1.63454929924549 4
quiesc_diff 1.2532090704294985 3.101396642940834 3.5015140909494753 4
quiesc_diff 0.020186639204415435 1.5644631786946164 -4.4457734766498564 4
quiesc_diff -1.728640006994345 0.6261996125967131 -3.536866879543002 4
quiesc_diff 1.5365149841727952 3.5856876237059208 0.10279028040309984 4
quiesc_diff -0.9104949539094711 3.853891824241642 -1.306549074117026 4
quiesc_diff 2.0170183978094083 2.5081198700220155 -3.6814922905210836 4
quiesc_diff -2.4064257306306693 0.47014427526964525 -0.6387881246957212 4
quiesc_diff -0.9153198449932634 2.8022125422497908 -5.707836918416101 4
quiesc_diff 3.9491635445408217 2.326436031150533 0.31467814340249556 4
quiesc_diff -3.6072626497521743 1.2891687365459656 -3.7136404827974157 4
quiesc_diff 2.2584330236692702 4.148180347068586 2.1253714091734945 4
quiesc_diff 3.591928713982035 0.6925589332332669 -1.0734420562817262 4
quiesc_diff 1.7290452943242245 4.434962760683563 -1.697671832884653 4
quiesc_diff -2.17151792091203 2.5793430000733686 0.18742550210395104 4
quiesc_diff 3.898148868804199 2.6297393112616794 2.6488740402720543 4
quiesc_diff -0.8591313144636649 5.530275140484142 -0.21700754045863513 4
quiesc_diff -0.08954497900411429 1.4674308651745023 3.587379280564664 4
quiesc_diff -1.0599493184771858 2.996148838696909 -3.5605715314039985 4
quiesc_diff -0.6980762427510894 6.86342551411807 1.2651433780228045 4
quiesc_diff 3.683863402358845 0.8986914095987395 -3.060665600642173 4
quiesc_diff 1.1980368112483406 3.3278213319589924 -5.3116329820481365 4
quiesc_diff -1.6471752142897997 4.941946261440547 4.278819466063607 4
quiesc_diff 0.32935142429590536 3.5720449431924535 5.211770570881874 4
quiesc_diff -1.8128742850680535 4.060481191602985 -6.9771501315975115 4
quiesc_diff 4.646066195001367 4.164499279177556 0.6832567537876053 4
quiesc_diff 4.972990352039621 4.128838174908377 3.4218024864619068 4
quiesc_diff 2.4275295156692502 5.339172276341375 0.4652605241943276 4
quiesc_diff -2.82461826884949 2.389520790866615 -5.189002516195924 4
quiesc_diff -3.9551726938859115 1.3875605609274049 0.2328369108657784 4
quiesc_diff -0.12333832985551785 5.407250473523849 -2.290145208670299 4
quiesc_diff 2.8327950196130756 1.8478120156168338 4.228637062613712 4
quiesc_diff -3.330771679017456 3.327455641741299 -1.2604896196124697 4
quiesc_diff 3.2623335402595415 5.320008138930613 3.3977720453763975 4
quiesc_diff 2.415027564600515 6.2848776976196925 -2.025151681069517 4
quiesc_diff -1.3952346399981426 2.9597441788303205 3.848483633379569 4
quiesc_diff -1.783244218300127 0.6742803718558885 -5.535543096616877 4
quiesc_diff 5.128249367633848 4.490953251372779 -1.7887937149989328 4
quiesc_diff -3.902468367603645 3.9867227346574916 -4.653105963336789 4
quiesc_diff -1.568353707006577 3.2288633264748277 5.822718845559015 4
quiesc_diff 1.4730856404340498 4.672695392809923 -3.6669274920621744 4
quiesc_diff 2.581470837640391 3.846127915609912 4.798084956453745 4
quiesc_diff -5.83628393336408 1.940857546036451 0.6268964888208749 4
quiesc_diff 2.6650012518149557 8.111907892649493 -1.250894732666863 4
quiesc_diff 2.8878511986189475 1.9198313558377058 6.22658151424079 4
quiesc_diff 3.340777952317027 7.103604763327722 0.6949457257802575 4
quiesc_diff 2.5612999760078434 7.1914024443694675 3.477992338093333 4
quiesc_diff 0.9687419985122608 5.156792690785508 6.250882821845175 4
quiesc_diff -1.1572279738670286 4.599713061571669 -8.788049605621005 4
quiesc_diff -4.955269456675994 2.1480985397602383 -4.915770775917649 4
quiesc_diff -2.3480394715083133 6.814836796491955 4.311535466253016 4
quiesc_diff 5.247120637490254 5.881254960436436 1.5148116154953168 4
quiesc_diff -3.7090271954003198 3.7651708275971734 0.6668810207213368 4
quiesc_diff -1.5695826876802856 8.592368451299468 1.766374698290642 4
quiesc_diff 5.786558980742786 2.889947209250377 2.0437301739457094 4
quiesc_diff 5.216959107198258 1.819248745961437 -1.3731857584976173 4
quiesc_diff -0.59688831184264 7.348955766933043 -2.2157747299390866 4
quiesc_diff 4.795154434503405 2.209702863928487 -4.083544483253052 4
quiesc_diff -1.5759240638787588 4.554811374236195 -5.006410229366863 4
quiesc_diff -3.2724747730441814 4.767267797644802 -2.6474079396538657 4
quiesc_diff 3.218257790030637 3.337443893230189 -5.048695855139675 4
quiesc_diff 3.6172195061708807 5.070186191479387 -3.177587002935727 4
quiesc_diff 1.5385721393565197 4.430505283023539 -6.945072235395177 4
quiesc_diff -2.5415070088898286 6.510111298898616 -0.6747554246346843 4
quiesc_diff -0.0850766296454481 2.7291209316831573 7.264872185935723 4
quiesc_diff -3.7513760281356046 5.547864629423611 -5.894076184317182 4
quiesc_diff 3.052853104628305 8.608167982734102 1.9807873960075586 4
quiesc_diff 4.520787935302524 6.863320316857467 3.2120839815174813 4
quiesc_diff 1.1799670447427673 7.397320352937033 -3.137400237337051 4
quiesc_diff -4.95275139258083 2.1249842735304707 -2.492545715362609 4
quiesc_diff -1.2670524585950527 6.497939962753917 -5.365366521879741 4
quiesc_diff 6.545505808787511 4.679907978301102 0.3276122311983794 4
quiesc_diff 1.1502775239139857 5.872693117434402 -5.234026844625643 4
quiesc_diff -3.0277475285692783 6.535379279549366 -3.549566663698015 4
quiesc_diff 3.4353962844994457 0.9998210773117984 -5.042593167848121 4
quiesc_diff 4.270358261108599 6.9543121873813725 -3.330815585010864 4
quiesc_diff 3.135598527507704 7.882317052495408 5.264838212259132 4
quiesc_diff 2.630222821186665 2.4101844665561627 8.148346704359067 4
quiesc_diff 3.2395763428403432 4.550669488205683 6.55037440643334 4
quiesc_diff -5.202192717224952 4.362541920013436 1.85583202996418 4
quiesc_diff -3.2495312296917587 7.916714666119945 0.5581957788115186 4
quiesc_diff -5.044851616590995 4.357299943164962 -1.2237379879058474 4
quiesc_diff 1.111372696827389 6.828974651564773 0.24566974343431408 4
quiesc_diff -0.5169185834062285 8.285103322116887 -0.12985271971523948 4
quiesc_diff -0.5522919729458255 7.982003247693445 -4.112419676590913 4
quiesc_diff 1.108717740268472 8.586333309250024 1.2004909306020277 4
quiesc_diff 2.73755808752297 6.030238365783733 -7.002402506822802 4
quiesc_diff 1.5805301586329672 5.683288502767611 4.417362533170334 4
