192
 Lattice="1.0 0.0 0.0 0.0 1.0 0.0 0.0 0.0 1.0"Properties=species:S:1:pos:R:3:Color:r:1
active_stem 0.5245241831065153 5.1480891952259675 -1.4165743497163317 1
active_stem 1.7574275077105939 1.9603162827826162 -1.3650173809819792 1
active_stem 0.5401229861465965 6.894751842478342 -2.3907028186756607 1
active_stem 1.5103642462911848 5.215677619284174 1.3066453612072482 1
active_stem -3.1964767387643054 -1.5833271149186523 1.0186222881212261 1
active_stem -1.6682215295464355 -3.847684699440767 0.5010239691285379 1
active_stem 2.311850325696465 0.8638715983824634 -2.9431252331097273 1
active_stem -2.7398371396230363 -2.0507735889381284 -0.9839649700207233 1
active_stem -0.5161290460405056 5.59980075975747 0.6009444556203916 1
active_stem -4.4636513524482515 0.2791923911349099 2.800932221890905 1
active_stem 0.07822293162103583 8.272278975529694 -3.7651362791736958 1
active_stem -0.29714428250280767 -4.524601176922097 2.5116808447907064 1
active_stem -4.097945196517944 -0.5880189612050992 -1.1100260855272237 1
active_stem 3.623876401384698 -0.19845025322347612 0.9157453561260273 1
active_stem 1.8736348850231268 -1.6355888806395946 4.940583657194013 1
active_stem -1.845615286928119 -5.706700255117012 -0.21493176874619369 1
active_stem 1.821297218538338 -3.310112485439053 1.5171844711561864 1
active_stem -1.1523444588694773 6.23793611423349 -1.4351552723899328 1
active_stem 3.64372423658161 -2.6102312742690352 0.8231583261189871 1
active_stem 3.4331572209155055 2.5611031882314546 -2.27660117994036 1
active_stem -1.8614931327999287 6.894218386138814 1.3182160098948317 1
active_stem -5.82186494876259 -1.1557596183109897 3.1110427785864907 1
active_stem 0.1281384929737237 -4.7253888038726855 0.4488111876019958 1
active_stem 6.30002373471763 1.994237039402539 0.5821162227004613 1
active_stem 3.156519205586581 -2.9277432205783267 5.767955992862753 1
active_stem 5.553274879586429 -3.1289480756022137 1.11393181496307 1
active_stem 2.5235014959375714 6.912651224718748 1.0003228255730936 1
active_stem 3.5628464138681784 6.842194476029741 4.098582072924459 1
active_stem -1.098734826155936 -6.258175123134125 -1.9863845756993563 1
active_stem 3.1739573922086164 -4.458159745200294 2.4403843108014276 1
active_stem 2.249446118910461 6.1502273353805 -1.2738737420442454 1
active_stem 2.1526094805012046 8.045600411072499 -2.1160487131378654 1
active_stem -5.3232251997285776 -1.1362467911009522 0.3725848412704422 1
active_stem -5.541123378736126 3.9317015899766203 1.0832909772516133 1
active_stem -3.6467360423776336 -2.3562531226407852 2.807435287318282 1
active_stem -0.2872708821844959 -6.498516519934039 2.1898723076320423 1
quiesc_stem -0.18018710754656173 -0.437099852419163 1.9433158068850132 2
quiesc_stem 1.6836069765381851 -0.004963060037449063 1.3606242891839724 2
quiesc_stem 0.14871449725341976 1.9865925697441917 -0.17701401115118254 2
quiesc_stem 0.49043175723963583 3.9269290953980196 0.16696779278784163 2
quiesc_stem -1.9396714065952545 -0.12726061932654287 0.470616159099337 2
quiesc_stem -0.49113041531081414 -2.723787436693743 1.663483194898324 2
quiesc_stem 0.8701940178570329 -0.48963673881117625 3.6444740496608317 2
quiesc_stem -2.50196863504008 0.5567707389948928 2.527525607081731 2
quiesc_stem -0.6071440105303139 -1.0010829246001451 4.89182931137359 2
active_diff 1.4999126689445552 1.9736699029790707 6.195965140353183 3
active_diff -2.3416807227910335 -2.5550483981091867 -3.3900628180248136 3
active_diff -0.737796644116155 4.451655789529333 2.8557838663724753 3
active_diff -1.9722519710695843 -3.2659485359216234 3.683790147596588 3
active_diff 1.7805464760950838 -1.3517506414888363 -2.6935125762550016 3
active_diff -1.7988001949366488 5.941708492902903 3.664495438142918 3
active_diff -0.9913467283066528 3.2396613616985546 -3.0403960556261014 3
active_diff -3.518018555153404 -4.13789499517531 4.605915431776996 3
active_diff 2.558143864027067 -1.2810575948479004 2.628207805425863 3
active_diff 4.5307327794797105 2.6627471577147386 1.2322729249096278 3
active_diff -3.080289800522713 3.4100474017952953 3.9365624977880294 3
active_diff -0.019909783154540728 -1.0350182916576187 -4.120683325002567 3
active_diff -1.4823336957862205 1.803252627871173 -5.00931987601264 3
active_diff -0.917016552517059 4.663590685255464 7.7379711172475805 3
active_diff 1.9658215187258954 1.4703165320537714 8.074678617090273 3
active_diff -2.6099786598624584 -1.8420064509455985 -5.239275460894307 3
active_diff 1.2956054157813854 -3.253521982378185 -2.308677631124293 3
active_diff 2.222155706958063 3.803572477095418 -5.246683653595532 3
active_diff 2.416072328220954 3.7677797775419797 5.52327671054686 3
active_diff 4.81538184788917 4.496433316500319 0.48623674687815277 3
active_diff -0.003712095508160651 5.329138653232855 4.496254438922213 3
active_diff 1.9920731306713155 0.2309322759788961 9.644149075131454 3
active_diff -4.902892383404426 2.8927134029975905 3.295871184782395 3
active_diff 2.8922274858283656 4.152569784331 -1.1905821159026138 3
active_diff -3.2899758616571786 5.323045441284684 2.483965404834567 3
active_diff 3.6912001693768355 -0.41561282181872883 -1.5249571355605906 3
active_diff -1.3305083690599704 -4.961404385329747 4.528535441745959 3
active_diff 4.441425914221891 -0.7099393426057229 2.9846803308325507 3
active_diff -3.715093802997407 3.169466875180523 0.7924057282492153 3
active_diff -2.933233400361935 -0.900243557167548 4.3256363008971555 3
active_diff 2.6907839542363465 0.44398723076576974 4.269637071557058 3
active_diff -4.3321883603169145 -2.8461824649603518 -0.037481626056446116 3
active_diff 0.8879901712278975 -3.46317087486674 5.120314631031901 3
active_diff -3.2666981617669117 4.851028804544066 -1.2625447259842728 3
active_diff 1.1171585049333659 0.01086126170623647 6.1662752822062314 3
active_diff -3.1656901214555093 -0.19964769722883124 -3.647657664934474 3
active_diff 1.5364277891284057 3.1817296222103035 -2.9332356625533613 3
active_diff 2.817015789780609 -0.9975518218173741 -4.366914667185809 3
active_diff -3.842547147138588 0.4104797360178375 0.7704481558671269 3
active_diff 3.6051116159888297 2.1637762657579556 5.638854850041232 3
active_diff 0.7547500403944404 -2.8759382996031393 -4.2251614668549475 3
active_diff -0.47811035225330956 4.997625648684831 -3.844230608240297 3
active_diff -4.189727011661587 -2.3997252712466968 -2.6413307962350188 3
active_diff 0.43692761389872536 -4.975407934029068 -2.8543709534778814 3
active_diff -1.6177566144500901 0.3057590350033921 6.019138611174703 3
active_diff 1.9631329214481203 1.394568228551365 -4.839637099326669 3
active_diff -1.936059056343135 3.274165451320399 6.722564846486772 3
active_diff -5.349101274029481 -4.678162631966805 4.009889461479453 3
active_diff 3.7068354548927744 1.6831346170916337 -0.4315286469290993 3
active_diff 0.962804002211024 4.684305318248001 8.42252790609306 3
active_diff -1.5751730311827472 -1.2381398055559583 -6.840688082749977 3
active_diff 0.023081774627212143 0.7945906351473153 -5.8751045777266775 3
active_diff -3.267480793902017 2.0355460073720635 -4.137947611174698 3
active_diff -2.9189140593190377 1.4686021541701433 4.683070838452868 3
active_diff -4.441566962785796 1.0417740875416042 -2.218907791343566 3
active_diff 2.073028133192337 6.015294985970683 3.0513577779884837 3
active_diff 0.16648989528325323 4.535379930312495 -6.19982831043194 3
active_diff 3.4238629658427637 4.482437484993056 3.1401243758413577 3
active_diff 2.329919800177113 5.252475724214261 -6.62111672970406 3
active_diff -4.024115659533153 -4.269206637318134 1.3336833588805412 3
active_diff 5.498575056480097 4.550263959756151 2.3651591246207504 3
active_diff -4.327705682739519 -0.8638467213506036 -5.54360656064679 3
active_diff 2.7322279192221037 3.147978428345982 -7.066030454378822 3
active_diff 0.009976091330992531 1.2373644102572066 7.30859410639568 3
active_diff -2.55659308375001 6.473128632835276 -2.8397086813832972 3
active_diff -6.847658757383315 -5.672986851847606 3.1354466442393676 3
active_diff 4.569465348105007 1.2845112929475304 2.908702928191273 3
active_diff -4.189931641104504 1.33424534292242 6.221401932224157 3
active_diff 0.909836931667734 6.714280905967829 5.6128605085073 3
active_diff -0.7511468734344243 -5.401862127790213 -4.405698073453422 3
active_diff -2.517610512999057 2.756182711226684 -6.430631301414447 3
active_diff 1.252692224416644 1.4915349663133668 -7.290140528161908 3
active_diff 1.2521845475489455 -1.2986017305953041 -5.641308125704512 3
active_diff -2.3123471350772817 -3.8541887648366293 -1.7355938673846083 3
active_diff 1.4916279719557086 5.110664279778231 -3.4597373845017305 3
active_diff -2.181684460420092 4.020512701299234 -4.4451619681363885 3
active_diff -6.041799169734505 -2.291552046317819 -1.894251633963971 3
active_diff -5.219330503845144 4.433232762825713 -1.375120941032366 3
active_diff -3.792980084971683 3.527739222874234 7.420808812316093 3
active_diff -3.568410926091105 -4.085621537322481 -3.780548251594524 3
active_diff -0.7463941203350672 -5.493728500281197 6.365772928049157 3
active_diff 2.9052392435139716 5.420207516939722 6.538263555314606 3
active_diff -2.4046232608649873 -0.6068647866884124 7.615371251124287 3
active_diff -5.061923921179288 6.0526659393333455 1.911380037240306 3
active_diff 0.027964589218596125 6.254533415930014 2.451751692226048 3
active_diff -3.9618891508352467 2.9812959015124867 -2.309264472631845 3
active_diff 1.8889778375566713 -0.7053504327132893 7.879851467033084 3
active_diff -5.610884874746727 0.9045709622002793 -0.022555968540316607 3
active_diff 0.6132497581680414 2.63339482786354 8.97900074462983 3
active_diff -0.11245765843035227 4.484498712243223 10.097009820403155 3
active_diff 4.116914098811291 1.1288132031481606 -3.76260721647034 3
active_diff -0.3165475827790691 10.053285307422469 -2.945274896549705 3
active_diff 3.981171465577546 -1.742624230828517 -5.812462545272215 3
active_diff 3.318235194849624 -2.615901765063296 -2.500030429842338 3
active_diff -2.0687332880727847 -2.588325199075932 5.563023493626675 3
active_diff 5.384171441229698 -1.1199863320564956 1.1440710623138166 3
active_diff 5.392630757037177 -0.4072020250366766 -2.5761770049843356 3
active_diff -3.1471835551446006 -6.0814146716748 4.314003339139863 3
active_diff 1.57155666008449 -4.627800402357671 3.64506044310071 3
active_diff -6.468507725515574 2.3371649554542864 2.182221992721261 3
active_diff -2.2653310906307214 5.400923726620822 6.457975846778875 3
active_diff 2.3448008119461576 -4.699587939494071 -1.4097436689573468 3
active_diff 3.995240045639755 -0.7656505477431135 5.183513841370493 3
active_diff 3.0665293454756974 -2.8605529285832043 3.744782340761792 3
active_diff 4.366531646295185 4.75223494338059 -2.401709251859966 3
active_diff 0.013718197145057592 3.900573523620553 -8.090246685890357 3
active_diff -4.507042031727407 4.745198315796605 4.362884098922544 3
active_diff -2.1613067313340686 7.873291041365654 4.035410346906763 3
active_diff 4.1895351580669 6.090332731512513 2.2299491343220006 3
active_diff -1.0230026168664543 -3.120209993636474 -6.449638673221788 3
active_diff 0.8493020346261032 -4.18853873806054 -5.731195998115188 3
active_diff -5.200507102823522 2.546567144993444 -4.185557336246921 3
active_diff -4.685811962036894 -1.459512270723049 5.110293481578825 3
active_diff 3.6050529066006893 1.007764000816834 -5.914104991710281 3
active_diff -0.08288621486835712 -1.4341890158603015 6.853095757862626 3
active_diff 5.456567160738948 1.7500201826005108 -1.3979474374558554 3
active_diff 2.3126593923349614 7.246704311055067 -6.771962418233906 3
active_diff 5.342009622432999 2.8519983812195306 4.925037201758518 3
active_diff -0.06612761536359074 6.5628691205087275 -5.0190851091967055 3
active_diff -5.13715694846571 -0.5081157525339717 -3.512876327744941 3
quiesc_diff 0.0 0.0 0.0 4
quiesc_diff 0.2500474137478514 -0.29177817256230215 -1.9627383393856181 4
quiesc_diff -0.024259624330964985 1.4455783561657165 2.599981157651809 4
quiesc_diff 1.02128648678532 1.544772612112462 4.302036923223779 4
quiesc_diff -0.5198254763673225 1.5504403257903414 -2.0790428422779845 4
quiesc_diff 0.9340456003209529 -1.7278124793634388 0.675097031074254 4
quiesc_diff -1.578394000666025 -1.444117340596412 2.958664644742427 4
quiesc_diff 0.1469381643728649 1.3275501849496796 -3.9514066510776846 4
quiesc_diff -1.488833148670757 -0.8535650834124517 -2.7755666462501063 4
quiesc_diff -1.6056789551004162 2.650140846349023 2.819394255510833 4
quiesc_diff 0.4949438242513313 3.5875262302719215 6.816855932725559 4
quiesc_diff 2.813387663062592 1.6453657890476512 1.3574164497415488 4
quiesc_diff 0.3954070283990201 3.1178309694373247 -4.807653073729396 4
quiesc_diff 1.1562466232606108 2.9743591219540413 2.0811031666434014 4
quiesc_diff -2.497166624184781 1.343946748760888 -1.8611383040197926 4
quiesc_diff -2.2857813140186485 1.7806588330525235 0.9605664578204759 4
quiesc_diff -0.9324191866209459 -1.7603284262690269 -0.17843287838945068 4
quiesc_diff 2.4183350536814947 2.8612027242307736 3.7405504481938703 4
quiesc_diff -0.004921591554277516 -2.485945401785587 3.6210685009229895 4
quiesc_diff 2.4467087602028705 3.515091502281968 0.6520069606504981 4
quiesc_diff -2.3830663929455302 3.0939143007531387 -0.8995798272720708 4
quiesc_diff -0.9583525539986258 1.2451891229176015 4.357056726300784 4
quiesc_diff 2.1112370957698454 -2.911719981792411 -0.42607652869513724 4
quiesc_diff 1.8654048926722668 -0.006404978616585344 -0.818543270588266 4
quiesc_diff 0.03949222387761131 3.2441147469526577 4.687155520643167 4
quiesc_diff -0.3664803954103103 -3.4482639887389226 -1.0897982395660104 4
quiesc_diff -1.4461416695119507 3.597301020099029 1.0651321713942883 4
