893
 Lattice="1.0 0.0 0.0 0.0 1.0 0.0 0.0 0.0 1.0"Properties=species:S:1:pos:R:3:Color:r:1
active_stem -2.9330337658403653 5.534573250664752 15.192353483048848 1
active_stem -9.444494855339983 6.089539540308592 7.945738362323952 1
active_stem 9.380922656374478 9.740755523650744 -5.815248510045593 1
active_stem -9.22615808546322 11.198708667136408 3.6146568091412288 1
active_stem 7.0043364430236705 14.58112940789762 -0.24911211636714226 1
active_stem -3.357379761239286 6.2401347334981985 17.01502006532076 1
active_stem 9.944134367547198 11.149321065993318 -4.321636094244133 1
active_stem -6.931780216206933 5.044863929142836 11.710240173120841 1
active_stem -5.930164826104871 7.0360517914411975 12.167763044243213 1
active_stem 6.640308025596221 12.97957587288505 -7.130014691657054 1
active_stem -10.104284828837628 6.241632070438337 9.827637682997274 1
active_stem -2.760919506727017 7.859482391380746 13.468556695071975 1
active_stem 5.814057586788926 14.301250584317303 -8.383205088017966 1
active_stem -10.545244886067035 6.318375118186217 6.29165745494614 1
active_stem -4.592577065848419 6.628076364024512 15.416333340337166 1
active_stem -11.082462683095763 11.898615153952022 3.3611530606054143 1
active_stem -3.765663505054834 8.513466873008964 15.069429518132477 1
active_stem -10.155638007655888 6.891490329469322 11.718417176802534 1
active_stem -6.9805367077752445 5.509204043496207 13.654979503399387 1
active_stem 10.016671671669979 12.216018672727978 -2.6314010350594215 1
active_stem 8.184631275775526 16.031873512559923 -0.9578050333395367 1
quiesc_stem 0.0 0.0 0.0 2
quiesc_stem 1.6148943738575403 0.39288233528345967 -1.1125464628074992 2
quiesc_stem -0.4154408769435689 1.0301974586666658 1.6631602670581997 2
quiesc_stem 2.3208883752038 2.1690334472546797 -1.7014944210402252 2
quiesc_stem -0.6307843659745245 3.0077259935750895 1.4557763830292818 2
quiesc_stem 0.060805412977955206 1.9621660831610774 -0.38237019215008955 2
quiesc_stem -1.515515091365096 4.581690329751348 2.315943699308564 2
quiesc_stem 0.43060107977912226 2.5933068830079096 -2.2437977237998665 2
quiesc_stem 3.821850853798847 3.182092779794931 -2.5505070396760816 2
quiesc_stem -2.18304742132162 1.6927470654200767 2.323913717948005 2
quiesc_stem 0.36026796617818924 4.741415918660983 1.34561959208865 2
quiesc_stem 0.10845408139791995 5.8859037526948335 2.9663408405395897 2
quiesc_stem -3.5461754660188314 3.1252355282143367 2.623678188359853 2
quiesc_stem -0.2784470212495915 1.6920502290370727 5.565727621937705 2
quiesc_stem -2.7089830739641587 5.747211315759303 1.2126780895454539 2
quiesc_stem 6.1512198920398165 6.220677580481103 -1.0744306631087648 2
quiesc_stem 4.1433894970852485 5.732524250104244 -0.5687312204963164 2
quiesc_stem -4.662116178765329 6.02869747950304 0.8870454521293374 2
quiesc_stem -1.633501660048589 3.985601958661615 7.67288164563108 2
quiesc_stem -4.075941335925076 3.2605685305075967 4.547485117750838 2
quiesc_stem -3.2539010112192717 5.201881409063025 3.0862536491306916 2
quiesc_stem 5.943977943838604 7.721475331493801 -2.383019593228719 2
quiesc_stem -4.523306586163591 6.419793237434494 4.037726331141661 2
quiesc_stem -5.079553078916342 3.4399954950022362 6.268115651521024 2
quiesc_stem -3.5253201991013423 4.626632936605639 7.773389857297764 2
quiesc_stem 7.14807940902833 6.969707777054609 -4.153649652016556 2
quiesc_stem -6.4148858142809155 4.875198209767946 5.8717828956290825 2
quiesc_stem 5.911810646945856 9.399756737369623 -3.470372704091097 2
quiesc_stem 4.9246430471193365 9.440273108988633 -1.6508827502896173 2
quiesc_stem -5.7612551968356716 6.744363495735781 2.3969181527782766 2
quiesc_stem -1.8437372235107066 4.133744025649632 11.65166985616326 2
quiesc_stem -5.484055472821884 4.151032506802297 8.093164741593705 2
quiesc_stem 5.274141411386754 11.390173778128094 -1.926088625706336 2
quiesc_stem -7.404275457445836 7.882589031723337 2.467111118596419 2
quiesc_stem -3.8435624321336057 5.084162616929814 9.69416794774369 2
quiesc_stem -2.2941497176538195 5.0884397867439395 13.35040014342735 2
quiesc_stem 9.146531184303084 9.807543518945636 -3.071251282949002 2
quiesc_stem -8.12019854491386 9.704558967716327 2.8768423538811514 2
quiesc_stem -4.880238743094276 5.548451845795955 11.340296052798658 2
quiesc_stem -2.8227662699820044 6.665494717985586 11.865257467337084 2
quiesc_stem -6.165009980281014 4.545659185416247 9.931797587840398 2
quiesc_stem -4.056482315871046 6.032948668753499 13.396081486073676 2
active_diff 3.850197356472356 13.56134562809373 -3.3987184538084225 3
active_diff -5.191949159168508 10.388678007964206 6.575767254791701 3
active_diff 2.0438383790430414 12.746326571349536 -6.796872350476191 3
active_diff -6.5125131169833 2.5414818552383247 -9.818364918721011 3
active_diff 4.540418195359654 8.69554579648117 11.216841609856234 3
active_diff 3.3224386560435617 13.960197492473373 -0.4470471392145466 3
active_diff 7.228828909297393 12.660900954425163 2.1899931653982616 3
active_diff -6.271448673828502 8.473043753046852 9.038455157273988 3
active_diff -4.113220187951986 13.050797071336333 -3.9526990903371524 3
active_diff 1.9874969296449567 14.445111005715761 3.981568457040456 3
active_diff -6.45393465365422 4.508699290804853 -9.46252208145004 3
active_diff -1.921387260700131 14.885969056574107 -0.4894525762778561 3
active_diff 3.864389541892805 13.190713541227245 9.773124504806777 3
active_diff 4.305009462729904 13.59305243107675 2.418941640391878 3
active_diff 0.5799469281664758 13.926041492859124 -7.478997356628384 3
active_diff -5.471509842376056 14.371565393283307 -0.7942729526221608 3
active_diff -9.94322672666453 6.84781643001848 4.0264579820715225 3
active_diff -9.810001137603678 8.79015166890807 0.01634179685520154 3
active_diff -7.252044929091667 6.653731527750602 9.393688098442937 3
active_diff -4.816130365839712 14.797236624270768 2.486948257810227 3
active_diff 11.43876585343998 8.498465194866386 -0.5803364368071044 3
active_diff -8.095361506436634 9.380203407829617 -1.3127636921719628 3
active_diff 5.2976015650940536 2.4385855857899177 -9.32692713195324 3
active_diff -8.16530265762101 3.353687818986973 7.429051909259368 3
active_diff 11.883069552893687 6.479115582273794 4.083713699370866 3
active_diff 2.6466796490206095 9.031061780647162 12.846890997286142 3
active_diff 1.3425035769048284 13.041313052024302 7.861148953527671 3
active_diff -7.306046798856194 8.393748472224516 -9.151221232600635 3
active_diff 2.4761477485889625 11.749265809606433 -10.858134480502093 3
active_diff 10.89419611555562 10.147934419072898 -1.9546526027701887 3
active_diff -3.732141817598216 13.272005927614106 5.638428321717276 3
active_diff 7.351311828525348 7.156957312778989 -9.373139629282477 3
active_diff 3.993075020935954 5.931133451830691 -14.42345439597812 3
active_diff -10.568598032416647 6.248684319323561 -0.27928315126474834 3
active_diff -2.057627625997868 11.79884204914919 -11.763322811017112 3
active_diff -7.9971256826545005 7.847263772509166 -6.566690763526311 3
active_diff 7.15246217007302 11.145826194558932 -6.517593064398434 3
active_diff 5.970401054278398 10.309683734633737 8.98131490354219 3
active_diff 8.516484285222411 6.039633318044446 9.968989111676109 3
active_diff -9.19555804637845 9.83858127221102 -3.4514767590225346 3
active_diff 7.814814868998709 5.106177129978471 -10.607852429705154 3
active_diff 5.440100157088921 11.068742357571534 -8.742978689195606 3
active_diff -7.923559043256464 10.137090446618565 5.144691622891004 3
active_diff 7.197307260281313 4.043565695683423 11.60053642824739 3
active_diff -4.947561940203101 9.441899320371583 -9.322546603588327 3
active_diff -1.23509087617524 13.984500817220185 -3.644983697700466 3
active_diff 8.270967262467783 12.775263287021506 -3.5050150103888393 3
active_diff 4.384891095763127 3.2210430460360118 -11.509245540136103 3
active_diff 12.73896844446184 7.034642315035903 0.08819143464987639 3
active_diff 8.562014987888183 13.309431944733188 -1.1663218397904669 3
active_diff 3.3852623067535776 14.128553789164952 -7.335416466121226 3
active_diff 7.389125173989493 6.027456217471384 11.766018407751305 3
active_diff -2.3218889828811773 9.602521100010277 -16.791991256842238 3
active_diff -10.45514040873912 6.2429775617705205 -6.02890991909235 3
active_diff 9.078064384122234 10.710126591733369 6.468911095584512 3
active_diff 1.5447787919671199 15.145877043507607 -5.614490037486708 3
active_diff 12.714718356793414 5.3903098793657955 1.5264264703329373 3
active_diff -1.5763930799224801 14.612987402085404 -5.512741020898995 3
active_diff 4.669907755442562 11.830958445432024 -10.423999301755982 3
active_diff 5.112638838558597 14.043955100624943 8.056063638745545 3
active_diff -9.808690770375646 7.233967855844266 -9.095682531208162 3
active_diff -0.14712898937556063 15.521543417258505 -1.6112949449538159 3
active_diff 1.3104299618865036 5.286749778220318 15.010608381853942 3
active_diff -4.056998756418064 9.32745472718225 10.723469599971274 3
active_diff -6.2447612859184165 8.855445946413068 11.001375518836129 3
active_diff -5.23468960919378 15.171336036662868 -2.612041665947301 3
active_diff -2.616560195936626 10.806134009116226 9.289085143931484 3
active_diff 11.751352274210127 11.261195768567102 -3.378005154811668 3
active_diff 9.197087354904918 6.051892198422197 -6.906059182205254 3
active_diff -5.737909746085382 11.83079084727114 5.302096341156837 3
active_diff 7.749771277710536 9.078532777812796 -9.758856882636717 3
active_diff -10.923587458866821 7.43274957560304 1.795038242929438 3
active_diff 10.653108873598903 8.735519639180623 -4.543288960605276 3
active_diff -1.082348000965017 14.701557176332837 4.639184436976061 3
active_diff 7.812111937287143 5.110621525804526 -12.60784566507019 3
active_diff -10.101708738479783 6.888470348347205 -3.921125372200142 3
active_diff 10.266526560247645 6.473956302398246 9.103705585375907 3
active_diff -1.3780275315517936 9.536917967623436 14.007020088043513 3
active_diff -6.5826196599098825 2.7824555362990715 -11.802556632662714 3
active_diff 10.637169801569353 10.742935011295232 3.811116740945277 3
active_diff 11.821328399913423 5.9402025704581805 6.823532626836427 3
active_diff -0.8831617866496 7.696077540252904 15.20465944286694 3
active_diff 4.840803138983084 13.31260579734173 4.402294757265938 3
active_diff 1.225411539697553 3.7181416289458737 -13.432357412143219 3
active_diff 3.798946863300449 7.996816590870832 -12.627938882335837 3
active_diff 3.4943131210024125 7.264806333584492 13.480231516377717 3
active_diff -3.6750081587077457 11.127587669909818 -9.636801603960834 3
active_diff 11.024123764148525 4.203245855215638 -4.412011213390306 3
active_diff 3.5835854829045486 12.044394249918836 11.450465882974049 3
active_diff 5.713402903788551 13.552591924846556 -5.40016087668005 3
active_diff -9.237675633129152 10.985553877898425 -1.6562288348117409 3
active_diff 8.15258136396885 11.216415796373834 8.902206214505929 3
active_diff 3.2949046520140968 14.772829472506558 10.855989288698112 3
active_diff -4.737575808797256 8.29089275591804 -13.852133493602963 3
active_diff 1.7944474967966424 6.399919438563953 -14.50986950888549 3
active_diff -10.00318683316142 4.418535123961626 -2.3711807082251743 3
active_diff -1.5193916095485875 13.369258714146387 -10.647933422105826 3
active_diff 6.39510496489653 3.054396413047921 -10.88136056972207 3
active_diff -2.443013756533043 5.490607760898397 -14.18052579760997 3
active_diff 6.832014636857182 8.14358925377839 11.977801269127278 3
active_diff -4.069020200823018 15.434960543818377 0.744784487160187 3
active_diff -8.158995380506273 3.742231505116888 9.390937232672531 3
active_diff 2.1308500537774506 15.556606848007595 -0.624793510520134 3
active_diff -6.427932785332969 13.279607423086693 -3.1516235053123136 3
active_diff 12.27612599007843 6.5939790363839155 -2.8345358459135075 3
active_diff 1.146018197400206 14.197366119325622 5.840950110730228 3
active_diff 1.4250439391402028 10.526523051557085 13.367661368518487 3
active_diff 4.103748918715899 4.820826630906842 14.55602829227499 3
active_diff 6.9263804307034444 7.224575342859775 -11.880798990845488 3
active_diff -7.348634490052324 14.708588669691906 1.3922788557273513 3
active_diff -3.502541800530555 11.824252856652619 7.670520160848115 3
active_diff 6.385345111518316 14.445922630143986 6.510459304157518 3
active_diff -9.937969546151704 8.381767026320476 5.309800465650168 3
active_diff -11.02954707058132 6.8176551954416444 -2.1404113377001925 3
active_diff -4.801583493264111 6.2468613258870125 -14.87248070144102 3
active_diff -7.8160940705983295 13.426537936439562 -1.4674449709865631 3
active_diff 8.603244783716924 13.519624349073991 3.3619893836628028 3
active_diff 11.789305528281442 8.65084611074709 2.879526408092657 3
active_diff -7.182651281410488 8.463754663199815 -11.258417726113862 3
active_diff 0.4156525934838132 11.622249366399869 -11.890320379008957 3
active_diff -0.1462958201803706 7.379573954756898 -15.214346209463606 3
active_diff 3.348424133170086 12.081208672271513 -12.62701770017144 3
active_diff -0.37224528013953284 11.97737112847724 9.715374154812457 3
active_diff -5.625489906515693 9.931301201505823 -11.139384370488152 3
active_diff -8.150758153175962 5.419636820309013 -10.00195032395468 3
active_diff 10.714508243451219 8.891011244880918 7.7974020544499485 3
active_diff -8.527468824906308 8.194268158456804 9.400073663209406 3
active_diff 9.393601067955736 8.416740797929833 -7.979801800663547 3
active_diff 0.9627855987140146 15.762562535188453 1.302387030132165 3
active_diff -0.9089433444340735 8.990084587136788 -14.07575997927989 3
active_diff 5.64245147893699 7.204327417755888 13.935147095423012 3
active_diff 5.58484570932458 3.560954453576063 12.683821065313115 3
active_diff 6.3121374952632845 12.398088915604278 -3.3482267779036405 3
active_diff -5.216884084401716 14.474996227951618 -4.820790540571349 3
active_diff 7.878581234718344 13.34118554647229 -5.382717117083385 3
active_diff -6.691900074829626 8.63237334508304 -13.328914135812704 3
active_diff 13.17479153568901 7.825055889100829 4.804753926835092 3
active_diff -11.554643782407892 4.350638119050497 0.48126378634525024 3
active_diff -7.297565147233783 11.40766018067924 6.556705855479092 3
active_diff 2.1608416856537884 10.379823533937914 11.403073565994346 3
active_diff 0.7334170909537101 13.052434315551146 -9.622374247447858 3
active_diff 1.5886787021356275 8.997102782952629 -14.947831397145753 3
active_diff 3.7192464229011044 13.453556205625768 -9.239415213642358 3
active_diff 11.059803906622106 10.500724718884035 1.7292240705530642 3
active_diff -8.435757351736134 9.73092646358049 -7.076020838374241 3
active_diff -9.981954077777251 4.800781169627697 -8.474344342320839 3
active_diff 5.595441975890959 9.137626511639143 -10.91027127496237 3
active_diff 4.769265528568248 15.053612137939174 -2.435155088671488 3
active_diff -4.934235284065881 11.369090393091529 10.373612110964698 3
active_diff -5.525583446403274 11.89345858427332 -6.671295142704718 3
active_diff -7.330892142044758 9.427151894503638 6.980844047473917 3
active_diff 6.173051339220667 12.253643211939211 8.557104563490178 3
active_diff 5.09719037108415 15.02387901880557 1.2677749781368657 3
active_diff 5.84499583004719 10.075563639233986 11.844239369460889 3
active_diff -8.85745528158743 12.185013635846332 1.509346919801996 3
active_diff 8.80448500661149 10.335228126276673 -7.635776444646673 3
active_diff -2.3756764212206027 15.390196670887132 -2.370775480937713 3
active_diff 1.837169220523642 10.209575840334397 -12.272700149226099 3
active_diff -3.8867749688642648 14.73654879150291 -6.810865069251273 3
active_diff -4.577113331057325 3.976281136792878 -14.51232270419796 3
active_diff 0.43074339751232554 15.463081595794257 3.2382206156194084 3
active_diff -10.439340489614562 8.195862233100712 7.7351615052848715 3
active_diff -7.418940101621683 10.34731614457191 -9.56453521947972 3
active_diff -4.654374623917366 10.798411759040896 -13.487189628879323 3
active_diff 0.9831308045930649 8.489862116911656 14.824334682187006 3
active_diff 0.7076676966132149 15.951473097024932 -3.8303437765574815 3
active_diff 4.850450893687569 6.695428130522503 -16.060757134309302 3
active_diff 12.605868864705673 9.07769936069775 -2.0976888488156646 3
active_diff -8.896672875023237 4.521184114746619 5.592807543235186 3
active_diff -4.006736025957539 12.872849417381325 -8.329735925726071 3
active_diff -4.27604551567617 13.718696998619691 7.510495589285675 3
active_diff -11.03407022151789 9.964760981753518 1.0755621893997223 3
active_diff -1.7777455873692611 3.1433938507523744 -14.594737975502222 3
active_diff -2.4385774845702706 16.737919894482122 1.9501828920627666 3
active_diff -9.39124345128159 11.19108328760005 -4.911766292189333 3
active_diff 1.7345287502710487 15.302412953469132 -8.357941278891893 3
active_diff -7.293793065031661 11.729791300831266 -4.703621614994127 3
active_diff 8.69964916208775 9.167155720582441 10.72396016964737 3
active_diff -7.5923990658118115 11.619949235880515 -7.54630074031471 3
active_diff 10.93970914334508 3.786321875917013 -6.3705037537520095 3
active_diff -7.889865999759288 13.156376941101138 3.793499734658031 3
active_diff 0.12543349681756388 14.306720082100451 8.819003571092486 3
active_diff 7.780697114634762 12.231104526444511 5.875657679134102 3
active_diff -3.215948932585796 14.46027829824874 3.869667908091263 3
active_diff -0.5103885044262044 5.842606552826838 16.228432624213145 3
active_diff -1.8867238343430324 14.700537182038362 8.050752925272146 3
active_diff 5.651434212764528 6.467998594317553 -13.286519214578458 3
active_diff 11.797213537903383 9.642547322814584 6.238946173779977 3
active_diff 3.228673726592655 14.961215614878506 7.0444892874745815 3
active_diff 9.542394128086709 4.729290105996223 -9.05475092726097 3
active_diff 9.524980318395746 12.818921638904778 0.8385074422800521 3
active_diff 6.394262761436375 3.211022565017487 -12.875218021801464 3
active_diff -5.928094858484162 15.971975008328007 -5.940269779294367 3
active_diff 3.8845786650839864 7.5803747897040035 15.416234965394548 3
active_diff 1.8029664074984217 17.489465995671065 0.7439063709114941 3
active_diff 9.681713627249485 13.912518597335922 -4.351445783350737 3
active_diff -2.638838519910318 15.453539076195488 9.744066731732662 3
active_diff 10.526164507404516 6.509534348911412 -8.32877404639947 3
active_diff 5.723924032641678 13.790789334741579 10.199786572201424 3
active_diff -2.9896007134851414 16.244907802532076 4.74366105231573 3
active_diff 7.345733148526416 8.60226833349316 13.855487822469012 3
active_diff 6.803798335742761 14.301138268906831 -2.9785339637541783 3
active_diff 8.480130386201827 9.727038143555845 12.631404318103355 3
active_diff 4.082862564963294 3.310765730445328 -13.484271769451876 3
active_diff -2.897760014745361 11.983218707995725 10.881378544522498 3
active_diff 6.4154252810667405 7.796744519695673 15.682016718076731 3
active_diff -4.2785198250600915 12.90760332787289 -10.320408161845489 3
active_diff -0.46832730029592773 9.46914668386146 16.031785890826924 3
active_diff -10.186215897138235 13.076870719215158 0.3097694235951449 3
active_diff 9.526526267172578 13.116541464379083 5.46567963205092 3
active_diff 2.8547490602675802 16.598905957407524 -5.198936344758992 3
active_diff -0.20210363700742517 4.30204232641484 -15.012931894760971 3
active_diff 11.723773757446041 9.232112798813525 -6.1579319367156 3
active_diff 6.453293813065287 15.349644340846853 4.727576794410348 3
active_diff -10.135985775748061 10.746677097607865 -6.797679401187988 3
active_diff -12.54759050667675 5.22544168683195 1.9808555709855182 3
active_diff 8.14502957834404 6.052446574248268 -14.340511652038554 3
active_diff -11.187734472161326 8.674898955726086 -9.243858217333178 3
active_diff 2.8722648649699565 16.22947642831322 3.7992891678731615 3
active_diff -9.151904663126528 14.713591665862548 -0.7197132286699436 3
active_diff -6.523692008896781 13.621156925403849 -6.808545787628382 3
active_diff -4.80173681284056 16.352103893210046 -4.1671426739448245 3
active_diff -8.888170648461907 4.211126164229751 11.193280492780676 3
active_diff -0.4493388195692311 16.923918594265857 2.1935146497738507 3
active_diff 1.4970434727905924 12.166227088109686 10.79633286829714 3
active_diff 12.153741310554889 10.765810127625903 7.8548572538383965 3
active_diff -6.67062060601091 13.418434312980622 6.082761876176135 3
active_diff 5.783567462610763 3.6386911286071673 14.67240515308159 3
active_diff -9.826236832707702 10.479875560891697 5.656859168682132 3
active_diff 5.810719775245517 9.492390916597754 -12.866747108209339 3
active_diff -2.7685639254527836 16.333031523806298 -7.259024580864844 3
active_diff -0.6839556951677387 11.193164062096285 13.126614976471629 3
active_diff -3.775623056443732 4.866699792786164 -16.113811997561776 3
active_diff 9.580245304666297 7.087519989363599 11.299532616257364 3
active_diff 9.927682086164175 14.515023752420417 -0.3407906350962604 3
active_diff 0.7063045832171077 17.279244654647467 -2.038070643949227 3
active_diff 7.401585123429351 13.801748088087201 8.8638227297352 3
active_diff 10.519867512948018 14.081767784490562 2.028221308171779 3
active_diff -11.689664538698311 7.826058342766447 -4.695286291695073 3
active_diff -5.156489457110395 8.732812470686042 -15.757184233335725 3
active_diff -10.97868803724013 10.720727335913423 -3.65706313499132 3
active_diff 3.5196049413574926 14.936915534422509 12.836541116915164 3
active_diff -4.659555755639112 6.590696338222148 -16.837577545374575 3
active_diff -9.106369291150843 9.219558579049975 -9.428487514724706 3
active_diff 9.0196768187111 11.134848435104725 -9.456298305464339 3
active_diff -6.112896609540223 4.959543812151413 -11.38096735563398 3
active_diff 1.7862002039942204 4.194452453555647 -15.292100424593034 3
active_diff 12.985626494442377 7.888823720132616 6.79476655264822 3
active_diff 0.3549956956228296 15.742544702357058 6.834281147305058 3
active_diff -7.956910375035043 15.594695581563554 3.0789367903666727 3
active_diff 8.21098551801901 8.672110902529715 -12.38521010604221 3
active_diff -6.63176568774105 12.378811285171288 10.059201155850097 3
active_diff -0.07282307282207254 15.234522683443341 10.579650232275839 3
active_diff 10.964477224307993 9.289355738114578 9.741325194216499 3
active_diff 3.6865544442913545 12.93057826976084 -14.405848546419012 3
active_diff -8.692753767202724 6.547279910709272 -11.56229061217655 3
active_diff -8.163198146731766 13.261664596287313 -8.535724352639237 3
active_diff 3.7336575081077026 13.756596358022172 -11.216271047196928 3
active_diff 1.6046698713178225 13.27935417662097 -11.806478246524613 3
active_diff 2.167123845843546 14.640304750385532 8.734777570634108 3
active_diff 2.7023890719405825 16.806636439782643 -2.077642150401052 3
active_diff 3.501042099572813 9.960130608373346 14.398308386783219 3
active_diff 9.188181616412463 7.700473116759987 -9.948030882625607 3
active_diff 11.770974726296126 7.238552141215399 10.177031686305563 3
active_diff 4.944447360879105 11.284066044766744 13.158976754074468 3
active_diff -10.161059569648824 8.037360846980649 -6.861799519122543 3
active_diff -1.4418280655825109 5.9026883749412615 -15.862137161678959 3
active_diff -1.37473236358834 15.943818763147666 -4.021246161626346 3
active_diff -7.07662625600563 15.521961406746673 -1.1108014835708373 3
active_diff 11.698408032744217 11.83034252502671 -1.2316407375336995 3
active_diff -10.273693444934736 5.314592952169209 -10.385073416201294 3
active_diff 5.8743498327142545 11.605208092587429 10.501969631212054 3
active_diff -6.00075754851121 8.454173865183403 13.576289384610465 3
active_diff 1.7868478620345147 9.174418763573895 -16.930074577757377 3
active_diff -4.652823333160041 14.267667974305837 9.396408987113446 3
active_diff -0.8154349141285666 16.617030334719676 5.148811735670885 3
active_diff -10.974872096656474 9.19629060530962 -1.5578649281634773 3
active_diff 13.343936674464628 7.758997583801442 -4.060305859612586 3
active_diff 13.26478373614901 7.150160833249254 2.8028685928359813 3
active_diff -10.019835208986226 12.835187142852073 -5.861395122465263 3
active_diff 4.386438587171022 15.187626073365948 4.929411270529078 3
active_diff 5.579442647651037 11.91918596121892 -12.203033361383113 3
active_diff -3.386896422823364 10.024944517908647 12.474032610646235 3
active_diff 9.063367756522588 12.389997465473908 7.554184267046607 3
active_diff 0.46399058455104364 14.650790273918087 -10.793983221466302 3
active_diff -5.591487283942228 12.208004179552676 7.304067720413921 3
active_diff 2.9723581186481924 13.693962357743716 -5.300263681014242 3
active_diff 8.65325413786799 12.290115052264234 -7.179579831285508 3
active_diff -8.522945908100901 10.309106010796345 0.40604738926050454 3
active_diff -1.0078827571065387 14.123222763951103 -8.678962538163395 3
active_diff 1.6988084110646595 11.128681461209789 -14.043604196339073 3
active_diff 14.610867654367109 5.881512789961133 1.9305768655244484 3
active_diff 8.674635927271819 4.68110362322143 12.788410748467587 3
active_diff -11.317797831792102 9.634694477476788 4.584371830782737 3
active_diff 4.246798783194606 15.150400312824356 -4.546591494374113 3
active_diff -10.738324409045113 4.699537076789844 4.833525087119362 3
active_diff 7.185252075883324 2.65176314229554 -8.701362684018978 3
active_diff 6.519080016615861 12.368274820090555 -9.81396787756049 3
active_diff -8.248933309674568 3.0816970645422543 -10.650838607224577 3
active_diff 11.844138624784025 12.340174724158592 1.6939717233787805 3
active_diff -2.1003651575893225 14.62616195040848 -12.091077209519552 3
active_diff 13.944584106914364 8.294787807113252 1.0672339328317977 3
active_diff -4.594318950890948 17.117530940650983 1.689780827301059 3
active_diff -7.360278813489525 10.013662390615352 9.702490653721533 3
active_diff 3.2487915593503955 7.6178475251070035 -15.198720649481938 3
active_diff -12.038303291425994 7.577829994018258 -0.008472835581156801 3
active_diff -0.6554538933116961 10.92690878132927 -13.646277571071687 3
active_diff -5.752254068350808 11.166202244551531 -8.706713830376643 3
active_diff -7.377955406510924 4.085436784753336 -13.094717967928219 3
active_diff -0.37640860435412093 7.569845671961577 17.227779616857504 3
active_diff 12.320310379440226 11.795734241760341 3.5689358675126686 3
active_diff 5.241285045304292 16.97766031470647 -2.7094472491477215 3
active_diff 5.675785169286017 15.963008218608024 8.045996834502976 3
active_diff 6.159427380888578 14.236835704949812 2.801926341252539 3
active_diff -2.5145033291628365 11.369616942672298 -15.875327743630823 3
active_diff -0.7626974119607993 16.191115161761747 -6.433290929420701 3
active_diff -4.590510672731095 15.040010839651316 6.00905149901488 3
active_diff 4.472391892054421 5.82016055032341 16.248787600538172 3
active_diff 0.771834445935605 11.862863471269247 14.704639917572628 3
active_diff -5.893483758209043 15.708009103582572 3.904623523475295 3
active_diff 4.214585125264511 15.745152875312668 -0.5812446009253522 3
active_diff 5.138057401355057 16.989280756083666 0.8996365572391294 3
active_diff 12.84847260423579 4.597858404272576 -5.130365057814512 3
active_diff -8.799576908746781 12.44973662850674 7.367900866040576 3
active_diff -10.979835865591902 11.945642987559747 -1.8638501871218303 3
active_diff -8.39066617931729 12.700018250543136 -3.341443565982123 3
active_diff -2.703589983053796 13.067784398688149 9.017852821074728 3
active_diff -11.911950137524476 7.1777379355350455 4.150070003047094 3
active_diff -11.331210112148675 4.806603444474348 -3.815395771532013 3
active_diff -5.641235505367803 12.517898765001119 -13.750761321207644 3
active_diff -7.745836050750361 11.851908670529395 -10.840991395490526 3
active_diff -0.5522943316485319 7.775525778428744 -17.132258449900217 3
active_diff 1.6249279642301389 6.235689785559897 16.74283350261401 3
active_diff 13.45303157698335 6.24273054542004 7.939785987998391 3
active_diff 13.651597995369235 10.777379681359404 -1.9652600270391023 3
active_diff 3.8078718455025298 15.83002991931852 -8.297902910844497 3
active_diff 10.667425955813123 5.816050756813583 -10.301047310324643 3
active_diff -8.97417728440955 10.389048546226084 7.592700870830718 3
active_diff 4.294612323823188 9.102818335285525 -14.218874422386545 3
active_diff 7.81205699683974 12.408578290012795 10.471534651816569 3
active_diff -7.244278439488034 10.123892678242154 -14.54145206143396 3
active_diff -10.081679726625666 3.7911111081830606 7.0600535414282835 3
active_diff 10.525642961307627 11.158094387267022 -6.640333941474775 3
active_diff -9.942333454843821 8.69143370550336 3.0003825259979315 3
active_diff 4.711340709665225 8.888988345033175 13.20011301703004 3
active_diff -2.457277721870604 11.988858032952946 -13.713751924511884 3
active_diff 11.358041704797046 4.098301337917598 -8.301220378044363 3
active_diff -12.536760148417848 7.971469823713933 -2.7705069983608728 3
active_diff -2.290123184031287 16.80822272377582 -0.07838730436270147 3
active_diff 6.461205976280804 7.534046866239311 -14.772389590130906 3
active_diff 0.906690772020065 17.921864210514553 -4.109536676425533 3
active_diff -7.229452997605718 14.684978351582675 -4.32742021506132 3
active_diff 0.4897609567407539 16.344489071848642 -9.526115282922463 3
active_diff -0.5217093955046196 13.227924587845115 -12.627313991489018 3
active_diff 6.052653854895885 15.518899625632212 -5.536332892908785 3
active_diff -6.611629186600222 11.007317958142831 -12.506760419609513 3
active_diff 3.2380341152208114 16.773946610018406 7.88942639897096 3
active_diff 7.879663460775632 14.496414037874326 1.7346843613003557 3
active_diff -9.195596522757361 8.381609416456511 -5.057339121854418 3
active_diff 11.022122634372506 9.532384680353477 -8.301136883289402 3
active_diff -7.722235879433767 7.1844131038616155 11.263794388201013 3
active_diff -12.325112149742862 11.267533012602925 0.2780687566984523 3
active_diff -11.961975293111815 9.436181603046371 8.113567524946934 3
active_diff 9.087158664215819 6.3802799011585565 -11.478371467546227 3
active_diff 1.8864417435490504 9.72327186001681 16.11380346939193 3
active_diff -3.12599298797583 14.594563160629804 -8.839631490872565 3
active_diff -3.0394185987284987 6.851855040078128 18.892438230155793 3
active_diff 12.501138125991211 9.996708248385502 0.2112650456928017 3
active_diff -9.078315633505845 8.929513056808222 -11.69376331639612 3
active_diff 8.828371765675394 14.42158371679923 -6.7721910250278725 3
active_diff 1.839018627780731 6.921566869888066 -16.440127878036044 3
active_diff -3.11101695546376 14.761801800466806 -4.21356591015775 3
active_diff 3.974303164319662 8.174985194956502 -17.082165989473044 3
active_diff -7.720829990980581 9.512912760428518 12.179916382109218 3
active_diff 12.116384180950146 11.832753762716383 -5.259513370681532 3
active_diff -0.41316550757368814 12.92666381649095 11.475251686764734 3
active_diff -9.519856336490053 14.257574669149838 3.4322587265973334 3
active_diff 12.971543417948443 9.732955889801588 4.075917647742271 3
active_diff -9.419756874286078 9.218880927029105 10.867721683482882 3
active_diff 7.526928432214876 10.487325339722927 -11.160871356070599 3
active_diff -3.2060957809469546 17.07134314894211 -3.0665845109991414 3
active_diff 7.501110451726468 6.14683624337245 13.759309080730546 3
active_diff 3.308717822978512 12.768597565149502 13.294368626541534 3
active_diff 8.868515816628594 15.497408845717898 3.227826184785517 3
active_diff -2.7008774582675907 18.68025094314277 1.5520009974376983 3
quiesc_diff -0.8202284261076312 0.16058360808397992 -1.8169860301663656 4
quiesc_diff 2.059651358824962 1.6723791542862623 0.3588743180993079 4
quiesc_diff 2.140120106519837 1.7220318038925235 2.356637916484136 4
quiesc_diff 1.2055154675175022 0.8012904405072507 -3.0271251973157844 4
quiesc_diff -1.5846261639889594 1.9997173545887883 -1.63454929924549 4
quiesc_diff 1.2532090704294985 3.101396642940834 3.5015140909494753 4
quiesc_diff 0.020186639204415435 1.5644631786946164 -4.4457734766498564 4
quiesc_diff -1.728640006994345 0.6261996125967131 -3.536866879543002 4
quiesc_diff 1.5365149841727952 3.5856876237059208 0.10279028040309984 4
quiesc_diff -0.9104949539094711 3.853891824241642 -1.306549074117026 4
quiesc_diff 2.0170183978094083 2.5081198700220155 -3.6814922905210836 4
quiesc_diff -2.4064257306306693 0.47014427526964525 -0.6387881246957212 4
quiesc_diff -0.9153198449932634 2.8022125422497908 -5.707836918416101 4
quiesc_diff 3.9491635445408217 2.326436031150533 0.31467814340249556 4
quiesc_diff -3.6072626497521743 1.2891687365459656 -3.7136404827974157 4
quiesc_diff 2.2584330236692702 4.148180347068586 2.1253714091734945 4
quiesc_diff 3.591928713982035 0.6925589332332669 -1.0734420562817262 4
quiesc_diff 1.7290452943242245 4.434962760683563 -1.697671832884653 4
quiesc_diff -2.17151792091203 2.5793430000733686 0.18742550210395104 4
quiesc_diff 3.898148868804199 2.6297393112616794 2.6488740402720543 4
quiesc_diff -0.8591313144636649 5.530275140484142 -0.21700754045863513 4
quiesc_diff -0.08954497900411429 1.4674308651745023 3.587379280564664 4
quiesc_diff -1.0599493184771858 2.996148838696909 -3.5605715314039985 4
quiesc_diff -0.6980762427510894 6.86342551411807 1.2651433780228045 4
quiesc_diff 3.683863402358845 0.8986914095987395 -3.060665600642173 4
quiesc_diff 1.1980368112483406 3.3278213319589924 -5.3116329820481365 4
quiesc_diff -1.6471752142897997 4.941946261440547 4.278819466063607 4
quiesc_diff 0.32935142429590536 3.5720449431924535 5.211770570881874 4
quiesc_diff -1.8128742850680535 4.060481191602985 -6.9771501315975115 4
quiesc_diff 4.646066195001367 4.164499279177556 0.6832567537876053 4
quiesc_diff 4.972990352039621 4.128838174908377 3.4218024864619068 4
quiesc_diff 2.4275295156692502 5.339172276341375 0.4652605241943276 4
quiesc_diff -2.82461826884949 2.389520790866615 -5.189002516195924 4
quiesc_diff -3.9551726938859115 1.3875605609274049 0.2328369108657784 4
quiesc_diff -0.12333832985551785 5.407250473523849 -2.290145208670299 4
quiesc_diff 2.8327950196130756 1.8478120156168338 4.228637062613712 4
quiesc_diff -3.330771679017456 3.327455641741299 -1.2604896196124697 4
quiesc_diff 3.2623335402595415 5.320008138930613 3.3977720453763975 4
quiesc_diff 2.415027564600515 6.2848776976196925 -2.025151681069517 4
quiesc_diff -1.3952346399981426 2.9597441788303205 3.848483633379569 4
quiesc_diff -1.783244218300127 0.6742803718558885 -5.535543096616877 4
quiesc_diff 5.128249367633848 4.490953251372779 -1.7887937149989328 4
quiesc_diff -3.902468367603645 3.9867227346574916 -4.653105963336789 4
quiesc_diff -1.568353707006577 3.2288633264748277 5.822718845559015 4
quiesc_diff 1.4730856404340498 4.672695392809923 -3.6669274920621744 4
quiesc_diff 2.581470837640391 3.846127915609912 4.798084956453745 4
quiesc_diff -5.83628393336408 1.940857546036451 0.6268964888208749 4
quiesc_diff 2.6650012518149557 8.111907892649493 -1.250894732666863 4
quiesc_diff 5.955207162982448 5.827543843898849 -3.025590542567226 4
quiesc_diff 2.8878511986189475 1.9198313558377058 6.22658151424079 4
quiesc_diff 3.340777952317027 7.103604763327722 0.6949457257802575 4
quiesc_diff 2.5612999760078434 7.1914024443694675 3.477992338093333 4
quiesc_diff 0.9687419985122608 5.156792690785508 6.250882821845175 4
quiesc_diff -1.1572279738670286 4.599713061571669 -8.788049605621005 4
quiesc_diff -4.955269456675994 2.1480985397602383 -4.915770775917649 4
quiesc_diff -2.3480394715083133 6.814836796491955 4.311535466253016 4
quiesc_diff 5.906111973793762 5.520620281780937 4.513693784167085 4
quiesc_diff 5.247120637490254 5.881254960436436 1.5148116154953168 4
quiesc_diff -3.7090271954003198 3.7651708275971734 0.6668810207213368 4
quiesc_diff -1.5695826876802856 8.592368451299468 1.766374698290642 4
quiesc_diff 5.786558980742786 2.889947209250377 2.0437301739457094 4
quiesc_diff 5.216959107198258 1.819248745961437 -1.3731857584976173 4
quiesc_diff -1.9005114661000184 0.758943101357718 -7.530306394561457 4
quiesc_diff -0.59688831184264 7.348955766933043 -2.2157747299390866 4
quiesc_diff 4.795154434503405 2.209702863928487 -4.083544483253052 4
quiesc_diff -1.5759240638787588 4.554811374236195 -5.006410229366863 4
quiesc_diff -3.2724747730441814 4.767267797644802 -2.6474079396538657 4
quiesc_diff 3.218257790030637 3.337443893230189 -5.048695855139675 4
quiesc_diff 3.6172195061708807 5.070186191479387 -3.177587002935727 4
quiesc_diff 1.5385721393565197 4.430505283023539 -6.945072235395177 4
quiesc_diff -2.5415070088898286 6.510111298898616 -0.6747554246346843 4
quiesc_diff -0.0850766296454481 2.7291209316831573 7.264872185935723 4
quiesc_diff -3.7513760281356046 5.547864629423611 -5.894076184317182 4
quiesc_diff 3.052853104628305 8.608167982734102 1.9807873960075586 4
quiesc_diff -0.36735345672819664 2.040357318853605 -7.61635359962029 4
quiesc_diff 4.520787935302524 6.863320316857467 3.2120839815174813 4
quiesc_diff 6.343991052454505 7.548581159230433 1.3848168479417176 4
quiesc_diff 4.408865010668691 2.7604673019424384 5.055113748090006 4
quiesc_diff 1.1799670447427673 7.397320352937033 -3.137400237337051 4
quiesc_diff -4.95275139258083 2.1249842735304707 -2.492545715362609 4
quiesc_diff -1.2670524585950527 6.497939962753917 -5.365366521879741 4
quiesc_diff -3.4542726255665688 7.821584306519115 2.9838654545722374 4
quiesc_diff 6.545505808787511 4.679907978301102 0.3276122311983794 4
quiesc_diff 1.1502775239139857 5.872693117434402 -5.234026844625643 4
quiesc_diff -3.0277475285692783 6.535379279549366 -3.549566663698015 4
quiesc_diff -1.9794567802478704 8.759971198654947 -2.5280884850224425 4
quiesc_diff 3.4353962844994457 0.9998210773117984 -5.042593167848121 4
quiesc_diff -6.877205496520556 3.6437699986707273 0.755626741749206 4
quiesc_diff 0.40146763656969536 7.7699082011559 3.5702202114941795 4
quiesc_diff 1.107565948193092 5.42704281721545 8.227671323470883 4
quiesc_diff 4.270358261108599 6.9543121873813725 -3.330815585010864 4
quiesc_diff 6.879090633990517 2.506107322638836 -2.2481395191546776 4
quiesc_diff 5.609958646855522 2.822814644895863 -5.804064183684366 4
quiesc_diff 3.135598527507704 7.882317052495408 5.264838212259132 4
quiesc_diff 2.630222821186665 2.4101844665561627 8.148346704359067 4
quiesc_diff -2.4891281758470196 5.749897992944708 -7.806940193330366 4
quiesc_diff 7.564955156595699 3.3656168916323588 2.8254241006039376 4
quiesc_diff 3.2395763428403432 4.550669488205683 6.55037440643334 4
quiesc_diff 3.875503324906063 4.032143025366161 -6.805232624665392 4
quiesc_diff -5.202192717224952 4.362541920013436 1.85583202996418 4
quiesc_diff -3.2495312296917587 7.916714666119945 0.5581957788115186 4
quiesc_diff 2.9268549882850112 9.874744637985382 -2.1585506311164036 4
quiesc_diff -1.057833817522173 5.56119913061886 6.0869131035919315 4
quiesc_diff -4.973944185333867 2.1748627968687813 -6.915504490453408 4
quiesc_diff -1.781547954267333 6.084360337732396 -9.973818144359278 4
quiesc_diff -5.044851616590995 4.357299943164962 -1.2237379879058474 4
quiesc_diff 1.111372696827389 6.828974651564773 0.24566974343431408 4
quiesc_diff -2.506529779017233 9.894687584797143 0.5721824932578448 4
quiesc_diff 1.613532449594638 5.13873540656931 -8.813973261129645 4
quiesc_diff 4.263282546090566 6.067192486615581 5.514878230897349 4
quiesc_diff -0.5169185834062285 8.285103322116887 -0.12985271971523948 4
quiesc_diff 2.2305583554029065 9.74010318059032 -0.17375060392438457 4
quiesc_diff 3.6110879535201548 4.353555996063459 -8.761447902604502 4
quiesc_diff -6.862099584390809 5.387441142741909 -0.22385411704907887 4
quiesc_diff 2.7278942429644157 6.785200906189807 -9.031571864151633 4
quiesc_diff 1.779186869211063 10.485807403812025 -3.678241449895526 4
quiesc_diff 3.5337045365292212 4.9290061607740245 8.492113309547564 4
quiesc_diff 4.672863935060613 7.6470259129293545 -0.8018410713618643 4
quiesc_diff 0.3108554544518528 6.7317269006423155 9.517264992660985 4
quiesc_diff -3.3684873875003403 9.760644853974638 3.4662398799218894 4
quiesc_diff -4.552779077201475 6.216869442884632 -2.138020112086021 4
quiesc_diff -0.08583257088847929 5.953597421812081 -7.778540304240952 4
quiesc_diff -2.826271886089252 8.087992737403269 -4.794074203240546 4
quiesc_diff 8.12796334112972 4.007553340654714 4.6339979529982145 4
quiesc_diff -2.9963436210891725 2.4276503591868277 -7.651004264303557 4
quiesc_diff 2.1746104406674247 7.58160552113132 -5.408269411601145 4
quiesc_diff -6.631564728009046 2.9014817333907192 -4.126817084715443 4
quiesc_diff 5.162429030719036 7.6969310605845145 6.24664853618308 4
quiesc_diff -5.451730607057276 4.57356623036655 3.8289512818032634 4
quiesc_diff 5.204933910360658 4.067289503875695 6.342937509121591 4
quiesc_diff 2.057560016296102 9.104297759508565 3.7730814200813025 4
quiesc_diff -1.2070057411070423 11.147496816766555 1.433406217493196 4
quiesc_diff 7.759458339173359 5.894428551112104 3.8614862805964236 4
quiesc_diff 4.734402665971692 4.6139340147965635 -4.780595715823891 4
quiesc_diff -0.5522919729458255 7.982003247693445 -4.112419676590913 4
quiesc_diff 7.004262187425903 2.781018841817153 -0.2710821758199826 4
quiesc_diff 1.108717740268472 8.586333309250024 1.2004909306020277 4
quiesc_diff 0.5237617281392898 9.036647473240027 -2.1982510611672454 4
quiesc_diff -0.9297096391658703 8.858631317298043 4.591322085423995 4
quiesc_diff 0.18830038122839304 3.52035165565864 9.081247409110416 4
quiesc_diff -0.11549186121258104 9.715297806838949 2.5567224260979353 4
quiesc_diff -5.535866504144214 5.135119351233532 -4.7679786693312955 4
quiesc_diff -4.746721990282995 2.405442324491169 -8.889131394282423 4
quiesc_diff 2.518010053553076 10.521897592208404 1.7536709225013938 4
quiesc_diff -4.397390019804639 7.440329945724883 -5.929303292693626 4
quiesc_diff 6.188891610900475 7.9385187523667415 3.4598307307090965 4
quiesc_diff -3.1729535978862824 5.329896337958101 5.512308445454881 4
quiesc_diff -2.588735834472105 7.840393292073513 -9.459234828152333 4
quiesc_diff -3.024997907185746 7.3277466460005 6.122239959714687 4
quiesc_diff 2.9111935304040166 3.2735713036323744 9.930373255823842 4
quiesc_diff 5.790076130493329 3.6523890056806305 -7.614965636557086 4
quiesc_diff -6.293456923451035 4.853633649416437 -2.7051689311899487 4
quiesc_diff 4.171892955051204 8.182228967557815 -4.906418632883057 4
quiesc_diff -1.898849445237925 4.053922016432037 9.654023468570912 4
quiesc_diff 2.6553404878076154 1.157955465885136 -6.877397372442718 4
quiesc_diff 1.8332916204765795 6.855032674633895 6.857953582481845 4
quiesc_diff 0.6303149014873809 3.3901730734500246 -8.7038531516472 4
quiesc_diff -5.456043421657037 7.821222739974071 0.4914032860655627 4
quiesc_diff -3.8550258986192225 8.256655570071594 -1.3173885002122094 4
quiesc_diff 3.4380376412346845 8.64445307955528 7.089030981334109 4
quiesc_diff 6.444644528546616 9.460374215115325 0.806097408816951 4
quiesc_diff -5.917448676756198 2.063419946402883 2.621486858407199 4
quiesc_diff 2.73755808752297 6.030238365783733 -7.002402506822802 4
quiesc_diff 8.00388525355212 6.689367136886 -0.4845483375814885 4
quiesc_diff -0.9005841523450782 7.405056299592982 6.845506066401651 4
quiesc_diff 1.5805301586329672 5.683288502767611 4.417362533170334 4
quiesc_diff -6.751504094265945 2.827701377478609 -1.9722790625784392 4
quiesc_diff -0.280023718094079 10.270104333275569 -0.19028291488083698 4
quiesc_diff -0.17408558277772035 7.66412137396965 -6.567632850319901 4
quiesc_diff -2.7283181134086987 10.250987886149012 -3.6308468181629414 4
quiesc_diff 8.037758913056056 4.932147028013118 1.6351121870688468 4
quiesc_diff -4.406350585736174 5.996072694457127 -8.320414873674094 4
quiesc_diff 4.502299643205362 2.4269297303863775 7.292605650132002 4
quiesc_diff 6.229664001597073 3.578321071584136 -3.8207394155884895 4
quiesc_diff 0.372734287474181 6.140522935248181 -10.02097022395183 4
quiesc_diff 4.123626243922932 10.274050674353898 0.18845657899435203 4
quiesc_diff -2.829006720259141 10.279974680072367 -1.544292613966984 4
quiesc_diff 9.520226932202377 3.760773952740533 2.6813297545237997 4
quiesc_diff 3.4493427167472603 11.712748159425994 -2.749100907365823 4
quiesc_diff -5.069113772189323 8.9728283256989 2.725166248008162 4
quiesc_diff -0.40979373860656143 10.188835370306617 -3.540241091071419 4
quiesc_diff -1.6412917563525449 9.284056594220383 -5.873543212774839 4
quiesc_diff -1.0494072717756446 2.527858664900299 -9.432157837687235 4
quiesc_diff -8.129472419093918 5.741839296336603 -1.7298979565787516 4
quiesc_diff 2.8826569776671604 8.7504376021225 -8.694091161137546 4
quiesc_diff -3.2710672227365465 11.64429530503682 1.1674600104117008 4
quiesc_diff -4.470676267378962 4.1006240213395735 -7.110863414186346 4
quiesc_diff 0.566250585422555 7.879764650782626 5.56039059119607 4
quiesc_diff 4.966439334852437 9.415703272604617 5.2429503134579205 4
quiesc_diff -4.81386055661531 7.531095322565013 -3.622825418611227 4
quiesc_diff 7.442589057530988 3.6213849512558234 -5.865311580915854 4
quiesc_diff -0.49663228850326385 7.675981005454024 -8.708399639198852 4
quiesc_diff -2.0161821829843003 6.021297489983058 7.780984504131602 4
quiesc_diff -7.363749479265681 4.139735616831996 -5.516289218358236 4
quiesc_diff 2.2514329592228464 7.47630157171912 8.712456960301898 4
quiesc_diff -4.793452219716871 10.003779248182822 -1.0587093683630637 4
quiesc_diff -7.999369129387028 4.8013220161929215 1.9391900513369191 4
quiesc_diff -5.753987074365733 7.379393446474519 5.288563240882047 4
quiesc_diff -2.61212932299551 7.679998003545343 -7.297445672378881 4
quiesc_diff -2.134826182866241 6.79128480528232 -11.811058545171669 4
quiesc_diff -1.7767283599521475 8.561099895214559 8.22243545184555 4
quiesc_diff 1.1786189671906042 9.13672179823395 -6.6081098925981285 4
quiesc_diff -5.618495162536011 5.858973442643627 -6.630559609629256 4
quiesc_diff -0.05723295637226919 4.91734418055184 10.491256368485924 4
quiesc_diff -6.074901477036538 2.442973722079176 4.578818600103979 4
quiesc_diff -1.0381582571039811 13.098266697042153 1.840821731870553 4
quiesc_diff 4.059370716868934 5.036304674653929 -10.587070209098194 4
quiesc_diff 6.709126907020288 6.014215337891028 6.277646997151736 4
quiesc_diff 3.8782457893587168 6.662651806972634 7.384951730459688 4
quiesc_diff 6.755777003264276 4.798365173464078 -8.939412859817338 4
quiesc_diff 8.19265994917931 8.144281331292978 0.9077795168166316 4
quiesc_diff 3.157342892971092 8.792290893347227 -6.660658271616935 4
quiesc_diff 4.1594086861970165 10.173160414573744 -5.096250443479278 4
quiesc_diff 8.69988333335649 3.176577545511985 0.7129921310310317 4
quiesc_diff -3.145773543399602 4.078992482475066 -8.769369093047823 4
quiesc_diff -3.973377051569139 9.045087288464565 5.73324366636508 4
quiesc_diff 0.12284971347226328 11.665153943048828 2.9325606118393917 4
quiesc_diff -0.9484651593921315 9.917252505842262 6.288074692502076 4
quiesc_diff 7.485042312188522 4.447371973321486 -2.528928350654434 4
quiesc_diff 8.598624153707018 3.143069279247794 -1.4497136049933999 4
quiesc_diff -0.024584708128144672 7.572967137293391 11.300462895746211 4
quiesc_diff -4.523738757688889 3.5089095158932633 -10.542200853041205 4
quiesc_diff 3.066956854142233 11.189571206074337 3.557242200679812 4
quiesc_diff 5.080757394768627 5.531430124467734 -7.352499306957779 4
quiesc_diff 4.007050471762891 5.2283730654983565 10.412093278701809 4
quiesc_diff -7.058024827791978 5.764139920310161 3.877460716435625 4
quiesc_diff 9.282358129160674 6.47750601902742 1.885788033857143 4
quiesc_diff 5.197229906117776 9.596889582114827 2.94367837499606 4
quiesc_diff 0.5691552911439374 11.999619667249522 0.34606745551010926 4
quiesc_diff 2.0212918715244776 3.947993263804025 11.589659264070061 4
quiesc_diff 6.779134761012219 10.198383929920388 -1.0224150864202175 4
quiesc_diff 9.260452185226624 6.937656832264506 -2.020579513499143 4
quiesc_diff 0.21639830661726017 3.8957992936899224 -10.594095246696678 4
quiesc_diff 2.0371178020910827 10.490340090020329 5.214770975397534 4
quiesc_diff -6.075356501946123 7.096185252365723 -8.255826859399036 4
quiesc_diff 1.3981342288744392 11.561087994826778 -5.320974092743853 4
quiesc_diff 5.314806438511495 6.476940134908111 -5.219161169603005 4
quiesc_diff 5.52286201077183 5.282965521505362 7.898911012472151 4
quiesc_diff -5.805740862045805 8.82745050333494 -5.625256480814003 4
quiesc_diff 6.334377705395863 2.913068315234068 4.536351959610098 4
quiesc_diff -6.11311311320219 9.704252917509532 0.6412591199310699 4
quiesc_diff -4.123183345067977 11.41766032511941 -2.798244628846235 4
quiesc_diff -2.7086681891080335 1.1374574816646255 -9.32016939908382 4
quiesc_diff 1.8992332743640143 5.589089263659579 10.057153161005274 4
quiesc_diff 8.01140596324561 7.830361713334498 4.295865361736331 4
quiesc_diff 3.5735992716823786 1.8134284932492564 -8.528807653455573 4
quiesc_diff -1.8008782994579522 10.899974785132907 3.960738671683617 4
quiesc_diff 4.050524465772412 10.387574466376298 7.85479055233199 4
quiesc_diff -2.4529120845614463 9.745249890297067 -8.865035157027894 4
quiesc_diff -4.702065118535645 6.0299404953199724 6.5947852974757 4
quiesc_diff -6.744278659298083 6.733898623834611 -3.2164060468848867 4
quiesc_diff -8.254030522170915 3.6875451523783007 -0.9707387407673902 4
quiesc_diff 8.108634228442366 4.535481279519585 6.562966194511954 4
quiesc_diff 5.51074539639476 3.4449774056260356 8.687817495628375 4
quiesc_diff -6.294231580691231 7.728693055684881 7.182270096863354 4
quiesc_diff -5.894196867924526 7.539800769528994 -1.466863635759765 4
quiesc_diff 9.651400886205424 4.593397589557815 -0.32971363255251473 4
quiesc_diff -5.290319021800711 12.579318086881207 -1.663191521438394 4
quiesc_diff 5.964791800138602 8.765462573714785 -5.573765837817196 4
quiesc_diff 7.617494523932503 7.353667589120222 7.452694204383116 4
quiesc_diff -3.028270619253656 2.0876413579651962 -11.050777641252866 4
quiesc_diff 8.247304597130304 5.358986414441934 -5.288099266891916 4
quiesc_diff 2.461471702877482 10.537985339143072 -7.344993122925298 4
quiesc_diff 9.680785943573461 3.862514865576518 -2.970017492005853 4
quiesc_diff -1.728865323367026 11.831105897762264 -0.3722352753795277 4
quiesc_diff 0.43144690794263707 8.511514892843767 7.846227124364498 4
quiesc_diff 7.04335203704416 5.981763962536028 -7.352948896794685 4
quiesc_diff -0.4012495065018942 11.32707172293398 -1.883836647545847 4
quiesc_diff -2.0474657526537667 5.985300057613226 10.15171017244514 4
quiesc_diff -4.091608152284955 5.400052546815183 -11.028864162186945 4
quiesc_diff 3.114365631569483 6.499605534396096 11.671887621485196 4
quiesc_diff 1.2529587619301832 5.11750655068375 13.018610944328335 4
quiesc_diff -1.179553131177445 10.957213909545285 -6.867194077111089 4
quiesc_diff -3.676957560629109 7.060940401900282 8.182192381308779 4
quiesc_diff 1.8833428721948957 9.885667182485598 7.294729123783681 4
quiesc_diff -0.5081834822827802 11.86818721458378 6.285664914624229 4
quiesc_diff -3.1038351712934134 9.277832193415325 -10.750916707763366 4
quiesc_diff -7.752358711995187 2.754004064447492 3.0167067193501973 4
quiesc_diff 6.960964240150181 11.3878444979774 0.6709224699665719 4
quiesc_diff -6.485849160460976 3.287221652433828 -7.606012363422222 4
quiesc_diff 7.878546198327308 11.59568632185838 -1.9382974571344542 4
quiesc_diff -8.195048109428905 3.8050735206304793 -2.966411098055307 4
quiesc_diff -0.378179998202894 12.17943758099923 -3.7312997475185177 4
quiesc_diff -7.385310966017214 8.23591988572852 0.16589903174380588 4
quiesc_diff -3.5171765408442313 13.291307319462346 2.275061756473227 4
quiesc_diff -1.2775852219303652 9.102913158049281 10.081815594791625 4
quiesc_diff 3.646885647721219 11.796702353093476 5.3724761703645045 4
quiesc_diff 2.949931212669955 7.342028984240337 -10.939618529088982 4
quiesc_diff -4.01994850667018 9.574159960276523 -6.128615845876367 4
quiesc_diff -9.166917069351816 7.383466966989333 -1.2516018259247836 4
quiesc_diff -6.0739236753757595 7.1353096864186565 -10.255443629099684 4
quiesc_diff 0.24172976253357942 13.519779101693397 3.6716364231455043 4
quiesc_diff 8.853814912386236 9.41175024061924 -0.4909329906409039 4
quiesc_diff 1.7742020976443182 8.43405196146315 11.14913889578772 4
quiesc_diff -1.9645219659741957 3.8588280021817836 -10.611600807770307 4
quiesc_diff 7.8156880839556155 8.39997348933635 -2.5736538010389203 4
quiesc_diff 4.0314195778577595 8.101797202148264 9.376085511371468 4
quiesc_diff 10.507453587278432 5.045668724662616 3.8536901754672237 4
quiesc_diff 0.4050156665795693 7.291864310986092 -11.656014856087904 4
quiesc_diff 4.978720952522516 7.578550677141192 -6.854245497504319 4
quiesc_diff 4.937765411324584 10.812322954792027 -6.824148604723279 4
quiesc_diff 9.848150950470597 7.374672543928753 -0.12532620818552015 4
quiesc_diff 1.618900976850556 12.673292349149476 -1.2173260052034967 4
quiesc_diff 9.1194675675198 6.425118753341274 5.228505961533929 4
quiesc_diff 5.352514135669923 8.701384841934196 7.9656425018525745 4
quiesc_diff 6.648576486299688 10.875826356289235 -4.601033828417814 4
quiesc_diff -7.761063811964614 6.788456075144798 5.444787294299438 4
quiesc_diff 3.6538494782189304 11.206574787650124 9.635769897524632 4
quiesc_diff -4.560907155527786 8.296059165839822 -7.729578173973253 4
quiesc_diff -6.915796706575733 6.683864581591629 -5.351277266783385 4
quiesc_diff -2.8589584994701487 7.785312035410315 -13.388252970033083 4
quiesc_diff -8.036946145207573 8.253155644906833 -3.071945412817331 4
quiesc_diff -1.9430986503486258 14.850899177214115 1.5101220582685033 4
quiesc_diff 3.210357451171834 1.9635808339440293 -10.489804760647745 4
quiesc_diff -9.425418520978019 6.17617450408119 2.215167893364868 4
quiesc_diff -0.5219896285352496 5.791697823033489 12.228929221343753 4
quiesc_diff -7.074286053278531 11.286065034469729 1.3988982199667679 4
quiesc_diff 10.63373702300723 8.272162155039714 -2.5978006997064185 4
quiesc_diff 4.2534145137536745 5.231327851220044 -12.56805808525812 4
quiesc_diff 7.351440776636582 9.561671029328869 3.342118696324565 4
quiesc_diff -7.784852346813713 2.859937315403349 5.5286656324152235 4
quiesc_diff 5.486355676981054 6.511880723379584 -9.04784784238043 4
quiesc_diff -0.26621833122422034 5.314041497190427 -11.919112315676779 4
quiesc_diff 8.130290968765422 2.709526052771845 -3.795110282449912 4
quiesc_diff 4.417290106530594 11.221272210126514 2.075879442734819 4
quiesc_diff 7.61955530031903 5.244294414694541 8.368066120130806 4
quiesc_diff -5.601966939162983 6.162288357868587 8.375981737094422 4
quiesc_diff 9.934992703389572 7.2998484528637135 3.588086783793025 4
quiesc_diff -3.270950736924905 12.255912146543665 3.9786523684099153 4
quiesc_diff 7.952775170872768 8.53436770561607 -5.104598672113661 4
quiesc_diff 1.5784519411537536 12.254600412442757 6.0375778438281085 4
quiesc_diff 1.676999363557524 12.457507216507896 -3.358933507145313 4
quiesc_diff 5.495577648952019 3.5259155249054137 10.686121516613428 4
quiesc_diff 0.8341562618616227 9.302780090251783 -8.57121205201051 4
quiesc_diff -8.563558304739834 5.606125714904895 -6.156725680927385 4
quiesc_diff -4.83342621950768 11.059277880737644 3.05696432448604 4
quiesc_diff 3.7000777367061928 12.013054508490894 -0.7039964040200453 4
quiesc_diff 5.828282651852557 10.614211980439848 6.592321638996357 4
quiesc_diff -2.525927545239063 11.629324910805444 -5.065846854531312 4
quiesc_diff 8.227227744920006 8.987739256670816 5.912620810385161 4
quiesc_diff -8.669894943133471 6.050273779930001 0.3170052324927106 4
quiesc_diff -0.7382257622875219 8.9926038653984 -10.194379732637772 4
quiesc_diff -7.618269045936155 5.768261226894714 7.196285536325365 4
quiesc_diff 2.8114146088067784 12.498209005699671 1.663632242699157 4
quiesc_diff -5.14148864146573 11.58583169210296 0.11431267483244612 4
quiesc_diff 1.5354072925026796 1.5375737143572366 -8.49035726762953 4
quiesc_diff 3.2196714778349436 10.587216816502053 -9.410096289820215 4
quiesc_diff -1.5422348159279489 11.16700164398941 -9.937084066018048 4
quiesc_diff -5.592213644485682 9.231820207148157 -2.91451663173766 4
quiesc_diff 6.175417382766575 6.129898443866287 9.58914061566279 4
quiesc_diff -6.341539152703506 9.924619389158426 3.9396733177866468 4
quiesc_diff 2.0174563388631768 5.26453857458556 -10.768715969159336 4
quiesc_diff 10.004436694986374 8.834213209460838 1.399164322076761 4
quiesc_diff 7.70216646106833 11.394937010689873 4.060538723790639 4
quiesc_diff -3.3303993571973414 13.060490844387212 -0.24352187896334665 4
quiesc_diff -6.821973691470282 10.807104900855762 -2.9930555431826953 4
quiesc_diff 1.5068953632259694 7.023340098511438 13.569351074060018 4
quiesc_diff 3.0894896993323617 13.71403091222129 5.487197367501504 4
quiesc_diff 0.7973759393374947 13.425961466547513 -4.9193070514958785 4
quiesc_diff 9.306194974783015 9.251589053780052 3.7448351789223135 4
quiesc_diff -4.482868124908314 5.819472939690356 -12.944850114083046 4
quiesc_diff 1.202121680382955 13.84379193912221 0.7914686025109301 4
quiesc_diff -3.1931316301169153 11.168718133384683 -7.670960961134391 4
quiesc_diff 9.906031278924411 5.364861904877029 6.848433567779266 4
quiesc_diff -8.46850428348469 6.152969808475726 -8.078164274890232 4
quiesc_diff -3.669327114213366 12.861699420320981 -6.149309126124429 4
quiesc_diff 4.597232645924606 12.072721783111096 -4.649062801153422 4
quiesc_diff 0.6360874408272521 11.167565141718452 8.189766280017185 4
quiesc_diff -8.634736812994952 5.529723588451097 -3.8786917497863125 4
quiesc_diff -3.2133662030549717 9.82899040363434 7.649264128047947 4
quiesc_diff 9.403031223711203 3.1062912615029448 -5.28598573418326 4
quiesc_diff 4.8426410220523515 8.84682565151111 -9.080318930323722 4
quiesc_diff -2.162597859118139 11.94229908262713 -2.7256247290858004 4
quiesc_diff 9.732037832773717 6.356062223748553 -4.392885856876519 4
quiesc_diff -2.440718018208829 4.490631896826254 -12.448462576806897 4
quiesc_diff 0.020395892755542544 12.012423727755696 -8.069963622582964 4
quiesc_diff 2.2293163627703407 3.08801822710329 -11.821419919668255 4
quiesc_diff -3.01517988179195 8.85276909348643 -15.072334413689816 4
quiesc_diff 7.719748707896066 9.656360667625824 7.727947347345878 4
quiesc_diff -0.31879745834018897 5.967383738126001 -13.808657062858227 4
quiesc_diff 0.9231891282133124 9.530083283171523 9.49568401165449 4
quiesc_diff -2.5660704151924816 11.073181143087528 6.070860001462569 4
quiesc_diff 5.060437006950613 6.689696834507053 12.092210710958431 4
quiesc_diff -5.181033442139159 10.54094046133501 8.569932993243558 4
quiesc_diff 2.3634388722369786 14.898320700502895 -3.443960749402576 4
quiesc_diff 0.9476279562525434 1.9897128661052688 -10.347797882920883 4
quiesc_diff -6.008092103076929 12.65300924660221 3.3401257544830307 4
quiesc_diff -0.5049641142703402 5.830772739914156 14.228474990446022 4
quiesc_diff 7.564997480761734 7.912524108658761 -7.345787249441139 4
quiesc_diff 8.467316764114193 3.9760512212537034 -7.545830835279373 4
quiesc_diff 6.140983065023236 12.959470244643173 -1.0395819152387507 4
quiesc_diff 0.46098714230818305 10.593088758306397 -10.176035332282023 4
quiesc_diff 9.914316177177813 10.995435848191077 0.1151008068863314 4
quiesc_diff 0.593799166631152 13.983379570281716 -2.652965453075294 4
quiesc_diff 6.720565131563843 8.012971049754464 9.985185427438912 4
quiesc_diff -3.199201622575094 9.667548347572948 -12.71026010777229 4
quiesc_diff 5.762338814907525 12.572451190828517 6.191135142133201 4
quiesc_diff -5.260586048642916 10.729026460058112 -5.0669653115054425 4
quiesc_diff 3.6529020537776695 12.08316646850728 -7.784207189651997 4
quiesc_diff -8.656633666972237 7.799759510696485 6.9196499984325985 4
quiesc_diff -1.0506460659482675 9.17423058213836 12.06761831523075 4
quiesc_diff 10.914142895916038 5.256404814635863 -2.2379645990947146 4
quiesc_diff -9.393804329723732 3.341674024603154 3.996655851688401 4
quiesc_diff -1.4093361589216777 12.728702609234542 4.669575251962014 4
quiesc_diff -0.34881408782033263 13.144150771973445 -1.0498856559345153 4
quiesc_diff 10.780168274248274 4.8907531338460855 1.6156399005458197 4
quiesc_diff -6.468065340522557 13.055554054364286 0.6907986112264184 4
quiesc_diff 5.868440408397936 5.814217393459006 -10.936525003188157 4
quiesc_diff -8.269593049364705 3.772788918916719 -8.369217557664857 4
quiesc_diff 2.13789418959336 5.5154517454717595 -12.749255619049569 4
quiesc_diff 5.344839520305159 11.463344741676295 3.8311722885231054 4
quiesc_diff 10.239794446673269 7.36858734493093 6.59039241073962 4
quiesc_diff -5.632513362541933 7.373817224483879 -12.191488848098974 4
quiesc_diff -2.7161506156546826 2.3726432654611247 -13.005606282355982 4
quiesc_diff -1.9860749162356275 13.066870060801522 6.901291703866001 4
quiesc_diff -1.164669544932753 8.506676026149265 -12.15198237426873 4
quiesc_diff 8.596617408619325 8.236165113660169 8.956860583432796 4
quiesc_diff 11.181041427212282 7.0966069266783425 1.7775484854209542 4
quiesc_diff -9.563620547494063 4.162107623550625 0.46444920041973337 4
quiesc_diff -6.909176765501509 11.772688819827758 -0.8024005354799758 4
quiesc_diff -2.916409887260646 7.975518549433205 9.790021367422995 4
quiesc_diff 1.375891107627555 8.29789000436046 -13.086159318105816 4
quiesc_diff 11.368801837115276 5.613937084977227 -0.23467094686326245 4
quiesc_diff 3.0843341988304704 9.33719069787728 -10.975193432440015 4
quiesc_diff 4.0058671407467035 12.386836482577719 7.885727809737573 4
quiesc_diff -6.4116866504830945 10.0800751188768 -7.061836194583385 4
quiesc_diff 6.1918506202372745 9.382515936571451 -7.462598662500915 4
quiesc_diff 10.84092127204023 8.43628232995214 4.962063301608498 4
quiesc_diff -4.582389983101732 3.7986379679908935 -12.520234588295153 4
quiesc_diff -0.42150841252662336 7.62306697383081 13.260039783562943 4
quiesc_diff 3.6560987130264007 4.382638090534818 12.656659950843348 4
quiesc_diff 8.602498150240393 10.325698455498497 1.9815608915944058 4
quiesc_diff 5.637722190874572 12.854517893430863 0.9838116358031288 4
quiesc_diff 10.472081848834925 7.329141480808495 -5.975747699796383 4
quiesc_diff 2.630463389211066 14.933464379960157 2.1517856519684613 4
quiesc_diff 1.330984798508735 8.532542740007804 -10.389800734197548 4
quiesc_diff -3.8547805174286154 7.3843858036679 -10.949276492811341 4
quiesc_diff -1.5383686782549515 12.909605285754518 -7.110954855907194 4
quiesc_diff 0.1321498911557316 2.3023832435707936 -12.147029041055248 4
quiesc_diff -10.813611289308641 4.122977276391091 2.824600637007858 4
quiesc_diff -3.245943563500054 13.539545610207409 -2.2010624211280203 4
quiesc_diff -7.508321651691446 9.402598183299784 -4.620925075623653 4
quiesc_diff 0.051979431115291574 10.661453839572218 4.724337183775311 4
quiesc_diff -4.975664200748658 7.206860684713327 9.962365528566362 4
quiesc_diff 0.16243463160980331 10.4543428983992 11.097869007076905 4
