16
 Lattice="1.0 0.0 0.0 0.0 1.0 0.0 0.0 0.0 1.0"Properties=species:S:1:pos:R:3:Color:r:1
active_stem 0.0 0.0 0.0 1
active_stem -0.18018710754656173 -0.437099852419163 1.9433158068850132 1
active_stem 1.6836069765381851 -0.004963060037449063 1.3606242891839724 1
active_stem 0.14871449725341976 1.9865925697441917 -0.17701401115118254 1
active_stem 0.49043175723963583 3.9269290953980196 0.16696779278784163 1
active_stem 0.9340456003209529 -1.7278124793634388 0.675097031074254 1
active_stem -1.9396714065952545 -0.12726061932654287 0.470616159099337 1
active_diff 0.2500474137478514 -0.29177817256230215 -1.9627383393856181 3
active_diff -0.024259624330964985 1.4455783561657165 2.599981157651809 3
active_diff 1.02128648678532 1.544772612112462 4.302036923223779 3
active_diff -0.5198254763673225 1.5504403257903414 -2.0790428422779845 3
active_diff -1.578394000666025 -1.444117340596412 2.958664644742427 3
active_diff 0.1469381643728649 1.3275501849496796 -3.9514066510776846 3
active_diff 1.4999126689445552 1.9736699029790707 6.195965140353183 3
active_diff -1.488833148670757 -0.8535650834124517 -2.7755666462501063 3
active_diff -1.6056789551004162 2.650140846349023 2.819394255510833 3
