62
 Lattice="1.0 0.0 0.0 0.0 1.0 0.0 0.0 0.0 1.0"Properties=species:S:1:pos:R:3:Color:r:1
active_stem -0.9037947892524005 -3.3265153049237957 -2.69625734143323 1
active_stem -1.1044647412745656 -3.0062478413351927 1.8702761634854104 1
active_stem 1.8642642810264938 0.07499337007085298 -0.7203434492894246 1
active_stem 1.8752523263151013 -1.6890312110146126 1.437612383189413 1
active_stem -2.0035760447818567 -4.162339204068346 3.2322789626452435 1
active_stem 0.39837169828561036 -4.803688499786642 0.4784435218561469 1
active_diff -0.6611768657145145 1.8803200832106293 0.16505010426747171 3
active_diff -0.7943727664376821 -0.6802350899656432 -1.7047733369341442 3
active_diff 0.43803272769691315 2.857684279800691 -1.190124237644353 3
active_diff 0.3246317526635507 -0.37630573373727844 -3.334330280601235 3
active_diff 0.9795860466075933 -1.7080827280716608 -0.350520429297606 3
active_diff -1.3205004668435147 2.5666653310043803 -2.0972454947764567 3
active_diff 0.7044870901861322 -2.2187897800131227 -2.2645473024822755 3
active_diff -0.2606543746875317 4.690405933928516 -1.5812350549999916 3
active_diff 1.9681358210539877 0.7496672314516699 -3.158037175666047 3
active_diff -2.473976295120875 1.3853476040188295 -3.2259535799293673 3
active_diff -1.199653841783709 -1.163568620945042 1.0986076297958434 3
active_diff -2.6556646434519013 2.019243159409697 0.2171930170703471 3
active_diff -2.4836465571591457 -1.7477552339555156 -1.6225857335052936 3
active_diff 2.460095715176707 1.1091968402874157 2.4341219972260726 3
active_diff -1.6238179622982762 1.0450532829016015 1.7063649622603256 3
active_diff 2.1399450292254225 2.82451888237929 1.456792047721462 3
active_diff 0.21416996255082577 2.9857542113825213 -3.309330963498026 3
active_diff -3.713374971268919 -2.248708300418147 -3.1181839592105627 3
active_diff 1.3737200031096362 -3.616254719511498 -0.8016723720137724 3
active_diff -0.7484621935147002 -1.0226633879165457 -4.893397683108088 3
active_diff 0.1829995591168183 -0.33459513083123804 2.5846924392468154 3
active_diff -3.759325305587847 1.0760806110149015 1.5928301604185051 3
active_diff -2.2883723321150597 0.6083448208243526 -1.376860069035063 3
active_diff 0.35076337168608673 6.529802466999848 -1.088499087625405 3
active_diff 2.308476360636181 2.606068600843685 -1.8520382547945848 3
active_diff -4.095515805778776 2.545119464789879 -3.385762360473469 3
active_diff 3.6549064135022333 1.8159399776860556 -3.2917061664214806 3
active_diff -4.229880681387304 1.946476148671691 -5.289330657191432 3
active_diff 3.8298811519742175 0.28229384026356696 -0.4147672203324598 3
active_diff -1.9809473523778658 -0.7234493079328065 -3.3141748664992083 3
active_diff 2.6782589586189935 -2.488493461049619 -2.4419861252308954 3
active_diff 1.8845719587196732 3.962074940164059 -0.360759708372546 3
active_diff 2.324487761081937 -0.9962496355185071 -4.066215345667593 3
active_diff -3.286377046868238 -0.6142063225921116 -0.14830185264419016 3
active_diff -1.2074438547562218 -5.293837622007683 -2.502762778919593 3
active_diff -0.8184887696798362 7.538733386378509 -2.359289325954663 3
active_diff -4.067078549330395 0.7940036428031414 3.548775079113917 3
active_diff 0.6167493219651998 3.0948966301014886 2.7243766448670335 3
active_diff -1.5267962116307143 -0.8195272199174615 3.501992439959953 3
active_diff 3.6924047628672927 4.048546123936471 -1.9152899177778253 3
active_diff -3.187112927833433 -3.165723549923541 -0.40008791336770844 3
active_diff -0.4423674581750484 5.6360921631979455 -3.334134912681436 3
active_diff -2.795532114268912 0.40899315554258386 -4.941568293701863 3
active_diff 2.6364452884539746 -0.029818464644243425 4.068608143737069 3
active_diff -1.7940780608146145 3.6524469937511492 -3.7087052191665535 3
active_diff -1.315069924208001 3.7225701166719114 0.5875884839040887 3
active_diff -3.0430905444846803 -1.1949211460453928 1.8736935232972045 3
active_diff -1.2892775850106597 2.191477371983886 3.3106699656608987 3
active_diff -4.400413513677261 2.9969091922393694 0.21266443026854348 3
active_diff 0.61843418645539 0.8118660045125683 -4.916078696223115 3
active_diff -3.9863660685350633 -0.4071099606756816 -2.387436796457794 3
active_diff 4.875007711287029 0.24515433522126173 -3.501432866129271 3
active_diff -0.5337173255800001 2.8366278745549307 -5.158229538303226 3
active_diff -0.9518213310282413 0.341820937548974 -6.341440357461525 3
quiesc_diff 0.0 0.0 0.0 4
quiesc_diff 0.7220975356538584 1.2223508016478406 1.4509849218374435 4
