454
 Lattice="1.0 0.0 0.0 0.0 1.0 0.0 0.0 0.0 1.0"Properties=species:S:1:pos:R:3:Color:r:1
active_stem 0.6270500668403585 -6.761404772342284 0.13924859275787682 1
active_stem -1.3788573249246432 -5.934007457179422 2.546044220025553 1
active_stem 1.1727925359755424 -8.457699742154233 1.047405260284417 1
active_stem -0.382291265360418 -8.346925739006148 -0.5443838665215605 1
active_stem 4.851109779781173 -3.4001529506844204 2.259812204494026 1
active_stem -3.4816337389572336 -2.1019690845918038 6.248242214133218 1
active_stem -2.006708429597504 -5.576503986372867 -5.931964701406562 1
active_stem -3.347056307832739 -6.75460917204673 -4.029473197831281 1
active_stem -0.4748135247965213 -9.083158228271962 2.9507972694813938 1
active_stem -3.6222825369561664 -1.4084001496296228 8.118851753314733 1
active_stem 4.101886841726578 -7.7255142626812585 2.981313816783656 1
active_stem 2.618622673855281 -6.930133631226965 0.06735197832257081 1
active_stem 0.846426350425415 -10.162497536729559 0.053851239337109 1
active_stem -1.979253983863742 -7.262403820020142 -7.007598470083215 1
quiesc_stem -0.9037947892524005 -3.3265153049237957 -2.69625734143323 2
quiesc_stem -1.1044647412745656 -3.0062478413351927 1.8702761634854104 2
quiesc_stem 1.8642642810264938 0.07499337007085298 -0.7203434492894246 2
quiesc_stem -2.352884904207632 -3.6260362452942267 -4.041777703604924 2
quiesc_stem -2.6660746240890814 -4.1316408612518245 1.3272613159729718 2
quiesc_stem 0.18433721743640463 -3.893889398028157 3.115700580322682 2
active_diff 1.3847911481597985 2.293220034441401 -6.019839197990049 3
active_diff -4.247348932132555 4.458514124324322 -3.9477833374900855 3
active_diff 3.0234035864539943 -3.8105761302702117 -3.902456118631373 3
active_diff 0.7520173945241249 8.696240663770798 -2.799388509072799 3
active_diff -6.252382943403527 3.3378794371927025 -0.4610925907826919 3
active_diff -2.0357158158471176 2.6639632577685073 5.104990743916576 3
active_diff -3.988302263097858 3.188041565396615 -6.838574080223925 3
active_diff 4.2199893847303365 1.1915308041603991 4.0422631491717755 3
active_diff 6.110325045420356 -0.9390642498281294 -4.536622426940888 3
active_diff 0.5425670893785579 7.251685271069 -4.303940080951875 3
active_diff 1.1228804553563623 -3.4282352346056513 -7.0015388636686975 3
active_diff -3.5889205858898974 -4.9588105939853895 -4.876000892613181 3
active_diff -7.472016979186832 -1.7427841849797012 -1.1862716829446307 3
active_diff 2.0912538970487233 -6.567661807437997 -3.8273586753991586 3
active_diff -1.0649633502002724 -6.75152054449334 -3.864695157312571 3
active_diff -3.5868929520466017 5.0805963146447555 -7.345631361110082 3
active_diff 5.098907853879008 -1.1009399452786373 3.4249874271160485 3
active_diff -1.4160562900998208 5.471808603347108 4.712472435459973 3
active_diff -1.372486781930992 -0.9089294553925091 -7.844325593590189 3
active_diff -3.7010644430093924 6.000233357948323 -5.098728627943662 3
active_diff 5.325895488207141 -0.8801255775589395 -1.055643341634188 3
active_diff 0.3062505210637441 2.6291639085903817 5.067344982004617 3
active_diff 4.803832092365365 5.830836651187932 -1.199509708474254 3
active_diff -5.399588894809514 -3.108953726507133 -2.4726915805175134 3
active_diff 6.375419730294983 1.4444494880679997 -4.0586176735090085 3
active_diff -2.5435428088230254 -5.606388244476088 -0.6908414191231103 3
active_diff 0.8174967372068556 10.426480826251463 -1.798398281437826 3
active_diff 5.551144241724661 -2.566691742676179 -5.555516716503554 3
active_diff 5.435957163163453 2.505876689673861 3.1512428042602445 3
active_diff -2.792248755992254 -5.0389893995170985 5.611742417761276 3
active_diff -2.376284455010346 0.9328779904310233 -8.695216511958026 3
active_diff -5.323886150768026 -0.7218128830597269 -6.273112955082735 3
active_diff -1.0035283535873316 3.1402230592895872 -8.338246334925115 3
active_diff 6.895187734496915 3.6728162844794543 -1.9808210866689855 3
active_diff -3.63956077648283 0.2909134553418311 6.636562049017021 3
active_diff 5.435286649141613 3.0696322487899903 1.0903448405090976 3
active_diff 3.9199264271720637 5.40709387010336 -3.3653181635912834 3
active_diff -3.9161545047060993 -5.660076748211663 1.6453556911666147 3
active_diff -6.114731591289571 0.9263162308813875 -0.5561512827636218 3
active_diff 2.4762731809401695 4.924418280411902 -5.549164663910882 3
active_diff -5.2500238713455865 -3.201121947800548 4.363030935567098 3
active_diff -3.6426244672291053 -0.956856682058883 -8.568383251597485 3
active_diff -5.99308936925372 2.5911723139040315 -4.59979314728562 3
active_diff -3.077011416031466 4.3697038679663756 5.183428258911129 3
active_diff 4.523842981355606 -4.18960482525099 0.17109626257373745 3
active_diff 1.7032280638042718 -5.683368327193763 1.7127503178426255 3
active_diff -6.965979929112619 5.126609240365637 -1.0007452876422678 3
active_diff 7.114957238061822 1.0165367866820831 -0.6188104246222477 3
active_diff 2.2214514695033936 -4.639848881750423 -5.5362184960201075 3
active_diff 0.787625615875993 3.6837287168297292 -7.327462588441167 3
active_diff -6.390082795028571 -1.7313492316635841 1.035160667553563 3
active_diff 0.9875727398036844 7.9735533165132715 1.7888977446864638 3
active_diff -6.917007719011754 6.74812903049236 0.16898771303148563 3
active_diff 3.3543102860725016 -5.122339656015786 2.692124774026814 3
active_diff 4.274055447155563 -5.553686845256839 -1.431748034798346 3
active_diff -5.134190562594688 -3.7589244491699794 -0.19294303357608455 3
active_diff -4.274617058663241 6.917463970078632 -7.7367231273225645 3
active_diff 2.318024220094287 9.9551205600287 -3.033807838032689 3
active_diff -2.728450174274552 5.779127035194054 -0.18077947554701268 3
active_diff -5.4667094130334695 4.969031522668443 -5.448627101379265 3
active_diff 3.67621988106423 -3.0490850577418533 -6.057468239443795 3
active_diff -4.396885496913 0.9627772751716401 -7.220204564758271 3
active_diff 7.610845572725118 0.19612641451995771 -2.3740943278110356 3
active_diff -0.4065370607244012 -4.0955862959013905 -8.104047195833493 3
active_diff -3.668010409814531 3.128900526790149 -8.811874733006688 3
active_diff 7.029262581907568 -1.9198126126196655 -1.1882759666749436 3
active_diff 0.5498376554741258 4.402015445872491 6.003394658774973 3
active_diff 1.7857837533178587 0.9969456126454015 5.559289357889648 3
active_diff 6.216571346845151 -5.026118903711016 -0.4883845007584975 3
active_diff -7.347357096671827 0.14586042405294042 -3.6691527188947433 3
active_diff -5.5872516108752635 -2.7051682873377434 -6.115935167301177 3
active_diff -1.2503880070408833 8.371131280047369 -4.125804764716123 3
active_diff -3.8273895916547396 -3.7672047409062497 -8.172677819954185 3
active_diff 3.9781803050753153 -7.098699633572457 -4.22423089401146 3
active_diff -0.8181196763669301 1.2489189489320631 5.978780942710312 3
active_diff -3.726221641224507 -6.519875407996206 -2.0200562179699477 3
active_diff 4.625441297813467 1.6132693667793805 -6.452659053595008 3
active_diff 2.9868796893163116 7.595917573562002 -1.6421116732548007 3
active_diff -3.9827346801063035 6.143376257188113 2.034880940367318 3
active_diff 8.314816890679811 1.6889575612854661 -3.6355875842449668 3
active_diff 0.5489153533044309 3.846213743560188 -9.382993046169181 3
active_diff -4.769710130488365 -4.919238543582542 -3.1285751044466577 3
active_diff 2.298249910915366 -1.5491346429523345 -7.288315979303681 3
active_diff 5.6972439838242925 -2.5115539860197953 -2.633026206063679 3
active_diff -5.876723831280931 3.767672059487732 1.6111809520945728 3
active_diff 6.750487144691516 -2.14402345002022 2.995729173502598 3
active_diff 7.576240656381642 5.551298384429534 -2.067261342102528 3
active_diff -0.8777744884192267 -5.2850356549562125 4.445589942919991 3
active_diff -1.0633790660433329 -1.1309022168941056 5.897854176219129 3
active_diff 4.2624499355287115 5.133656758865005 3.281009234310464 3
active_diff 7.43978389105019 0.7962088288887019 2.3240397521057217 3
active_diff -7.770180134305674 2.1105814968883414 -0.025166618839952137 3
active_diff 1.685102436314461 0.5135749378932435 -6.881625981677863 3
active_diff -8.807620023573136 -1.6691247860271339 0.300583656613318 3
active_diff -1.9233394013946006 6.896614109218697 -6.659091588559516 3
active_diff 0.5910215489330712 -1.8736458687007176 -8.46413167524797 3
active_diff 0.6655507157669902 -5.647496687431824 -6.287097144157041 3
active_diff 0.23336755327242653 7.75281209800773 -6.215292364073454 3
active_diff 2.1660313746462236 -4.028174124682737 4.111901053554835 3
active_diff -6.669285651096745 4.413284360785415 -3.8634839541902934 3
active_diff -6.507816157890727 -1.579276855794837 5.320690111313309 3
active_diff 4.701041350351502 7.234168197690499 -3.59260405901461 3
active_diff -5.138793893930687 6.3665466827938735 -1.1263453856656933 3
active_diff -1.0254281089500097 0.8293564227024552 -10.166430438388693 3
active_diff 0.7921318584912244 8.440514940884423 -0.6955974447206861 3
active_diff 2.7120118232387687 3.6216695855796264 5.422022007494715 3
active_diff 2.62157134693477 7.138745605218293 -4.141526313200087 3
active_diff 0.3509476167793903 10.141216001517611 -4.1227136039316825 3
active_diff 5.971695028598617 4.3272527291654175 -5.104549520262296 3
active_diff -4.044186554903223 8.316694121423176 -1.8341881469448582 3
active_diff -2.049518019761237 7.926775462809407 1.30842349636592 3
active_diff -6.175571574937387 -0.6744544891179918 -8.082087559874276 3
active_diff -1.5367246300927482 -7.183178025562025 -1.935341409485121 3
active_diff -6.3666698048334815 1.4340873141408936 1.3618413302465981 3
active_diff 2.470320407224558 -8.791533464598679 2.532321577485788 3
active_diff -2.0110191496322094 -7.806046175563829 2.8556285611219128 3
active_diff -5.626469027484685 1.549186072482827 4.547774996303513 3
active_diff 2.402726097420395 4.534928954795613 -8.144107302745903 3
active_diff -2.2246882584460406 2.6015922934068336 7.095065938159948 3
active_diff 6.053165748975793 4.641359505066374 2.161745255790897 3
active_diff 4.570988581453571 6.927337627731886 1.093047619997339 3
active_diff -3.2139853671656997 7.79434251803025 -4.361215037841502 3
active_diff -4.048386943351926 6.111374981261891 5.031733440163562 3
active_diff -4.079107929417003 4.347467365256568 3.2370226498885906 3
active_diff -2.5722229891924075 7.408034319143388 3.9953963424695105 3
active_diff -5.306275037675782 -0.10073211961627032 7.670330550738645 3
active_diff -6.732253879767571 -1.8345188995551807 -3.247171993258009 3
active_diff 4.684408330268242 1.8613628536515847 5.868636623710841 3
active_diff -7.824821899147887 -1.879209447644298 2.4206790036433596 3
active_diff 5.9052553417718086 4.15994993580647 4.172908559770926 3
active_diff 1.3287233921626675 -2.7827696363764836 5.623352703449182 3
active_diff 1.2145087509772958 6.2165722791356295 2.740143205779981 3
active_diff -7.93808321763697 0.07776288651709676 4.137861479368736 3
active_diff -2.4363323959369163 -5.071449761349407 7.579550810251428 3
active_diff 2.8163319929836406 6.798894995928747 -6.158013616720003 3
active_diff 5.2821415308155215 7.772795529944054 -1.2034839140248403 3
active_diff -0.09002979080850682 6.908136961530453 4.289844264776147 3
active_diff -0.7141589923030068 -3.5388084466508474 5.9371655271985055 3
active_diff 7.607939014072606 0.1726171993890766 -5.2586451110471355 3
active_diff -1.379672423061935 9.95248116602388 -0.4764695966532836 3
active_diff -1.8314052601711164 -2.7065437130440073 -8.591304047776 3
active_diff -4.770115619679704 -3.9615865925980542 2.5670231119715763 3
active_diff 1.1942991367506166 0.1363909208445806 -8.835392192623868 3
active_diff -7.464582512150768 2.429134473472639 -5.944579996074417 3
active_diff 1.0576197033417138 9.924908925254188 2.22168488767302 3
active_diff 0.11200818646925859 5.901481665374665 -7.369456787575992 3
active_diff -4.644281150584599 -4.0861128355397405 6.051185811419332 3
active_diff -0.27478717440397094 -7.474335781229963 -5.5538250353105045 3
active_diff 1.7288976569717944 -7.785399906968844 -2.2478167073867064 3
active_diff -4.498951279563966 -7.49387046463703 2.1908357777088385 3
active_diff -4.9228788747462655 -1.0399990065434523 -10.102670058525117 3
active_diff 4.433360957893113 -4.886384616372231 -4.8269323551866306 3
active_diff 2.808934926112386 8.392210418225785 0.3178877343287638 3
active_diff 1.7649042555908299 2.3153467903303984 -8.410263291981341 3
active_diff -2.1204882546340973 9.302139488433546 -5.667281094425985 3
active_diff 1.0174050208789867 8.766558952567488 -7.750741016506771 3
active_diff -1.7815829494843198 -8.919787913193883 0.7647424498156355 3
active_diff 4.230378247517845 -1.575270081629029 5.162994114279232 3
active_diff 4.667773594389953 -5.750982452504918 -6.615093784589826 3
active_diff 8.570613916769837 -2.517338537080615 -2.3139752302952887 3
active_diff -4.944113336337835 -5.543118504199545 4.714310670697643 3
active_diff 2.642523043973033 8.713323417384746 2.6338117572264315 3
active_diff -3.8710284588523387 2.4488404832967565 5.87007223913703 3
active_diff 8.151688619401646 -5.436244207919101 -0.7835427232455755 3
active_diff 1.5627689333683885 6.729707287657087 -8.46915473421933 3
active_diff -9.17751070022121 0.9045603430818565 -0.7767873042997977 3
active_diff 4.116654380033065 -7.674581583612352 -2.313946907222364 3
active_diff -8.064675261736149 0.8322162613428962 2.2304774474628886 3
active_diff 2.309977110956519 5.468656805971119 4.768564818513956 3
active_diff -1.378082367586332 -4.394643294752422 9.135841234390988 3
active_diff -5.527540765829579 7.01592228141872 2.9580480937646287 3
active_diff 3.210041613337536 0.7253071217981939 -8.15823476618431 3
active_diff -1.39211397116779 -6.552932575289434 0.6442671669767759 3
active_diff -5.941434674375897 3.0639856136971098 -7.250743832708464 3
active_diff 3.0825538562945667 2.0773911694368494 7.0465135319612315 3
active_diff 5.533900426081926 0.06045524355812626 5.039412010487194 3
active_diff -4.652534497650904 -8.810763274202676 3.68823536473842 3
active_diff 6.664884026339866 1.7392527697278828 4.530382583372587 3
active_diff 3.0634117358543174 -0.3701335393530327 6.265519724279441 3
active_diff 1.187419933749975 -5.749996453762755 4.3905540901943665 3
active_diff -0.2036832391605572 -8.223438192410233 -7.406873822568089 3
active_diff 3.6525744498500803 8.724978713005827 -4.790292164287909 3
active_diff -3.125372252784388 2.66984760844415 -10.681316962307436 3
active_diff -1.5963715394825968 6.399957260438842 -8.568652792563398 3
active_diff -7.100271427743165 -3.600690877373202 1.000607555123094 3
active_diff 3.1691093236804226 10.251585223423081 -0.32476282167661363 3
active_diff -6.440720792572467 -4.671559627530309 3.4066758056330833 3
active_diff 1.6214229485881018 8.76712325517624 -5.03845880186661 3
active_diff 6.495386261426685 5.89413641574909 -0.13431600170643399 3
active_diff -3.9247390041639107 4.184047016700218 6.985340984294099 3
active_diff 8.516107863350253 4.07672993896132 -3.0805809220881457 3
active_diff -5.430402124358772 5.995644598875197 -3.4603255971983167 3
active_diff -3.528770449061066 8.768336075052027 5.10652013840347 3
active_diff -8.814080993250565 0.7364864731777259 5.810796365578295 3
active_diff -6.449326155340512 7.734836359088473 -1.7668830922448375 3
active_diff -4.6937691257555265 7.609286898067207 -5.751020064254751 3
active_diff -7.8214758613391115 2.2116872056174124 -3.883557230741098 3
active_diff 0.23398735914017355 12.282201597026049 -1.3338369543517068 3
active_diff -0.2230393364421871 -1.920069060361403 7.532187322192047 3
active_diff -10.482310385837229 -2.636807030496071 -0.20833997643915025 3
active_diff 9.012441159061826 -1.2256604574384458 -5.527333255812796 3
active_diff 4.628101779266047 -5.99222757678184 1.031143539600774 3
active_diff -6.8320146062309135 -4.291838768347699 -3.2135961351321707 3
active_diff -1.3376556925870093 -5.311769601686082 -9.390093952420875 3
active_diff -2.0032590136880533 -1.0263428484181705 -9.738617146330267 3
active_diff 9.234398974066302 6.6404213006426875 -2.320879690950817 3
active_diff -7.2129411862099255 4.689571575210573 -6.382745258849643 3
active_diff 2.8164109053442425 -6.481523028413628 -6.040460111930864 3
active_diff -1.6208355268947887 3.8748847901465813 -10.093012414776604 3
active_diff -0.9461571126227626 9.680648236869255 -2.415793575187025 3
active_diff 7.057400806381077 3.8994434597597953 0.26562730399606216 3
active_diff -0.18904221877034266 5.581289023720407 7.43983830891453 3
active_diff 5.961761320257902 -0.15249667407270684 -6.369445459406405 3
active_diff 6.801538128229685 2.4780497404357362 -5.716958298726552 3
active_diff 1.8064613157442082 7.55548550351832 4.102825684803991 3
active_diff -6.04410412408803 4.221105082282476 3.5874831018228392 3
active_diff 7.280671605816671 7.83474458447839 -1.1583191716011336 3
active_diff 0.19125679464202106 11.664490521885922 1.7491690899587065 3
active_diff -1.4598606214536973 0.6308343748468207 7.769350689655962 3
active_diff -3.6595028232103584 7.519670578589468 0.141166387066802 3
active_diff -7.667612860151485 3.1206884733894107 -1.8574995400577816 3
active_diff 5.308721745485231 6.467890776734191 -5.337179494902283 3
active_diff -5.264920747233484 5.313305645083006 -8.40867843725828 3
active_diff 9.238913752085198 2.942150612317177 -4.89079759360059 3
active_diff -0.3765756385873128 -6.309043607858863 6.0888207317379495 3
active_diff 4.086693821318427 5.083090570586626 -6.724480989575761 3
active_diff -5.4726329355072645 1.0444328804285554 -8.904276953489825 3
active_diff 2.6920269851544534 4.408701481089189 -10.119043155182123 3
active_diff -7.520854122099163 2.850514705518075 2.2862053774847473 3
active_diff -8.342423919971006 -3.5421960174536755 -1.2534193901831379 3
active_diff 0.7293544979755677 -3.017497561916183 -10.098899946024387 3
active_diff -3.1702327529809153 0.6766108691584991 -10.512900000001071 3
active_diff 0.12948362291049587 8.621873990444437 5.297276275845134 3
active_diff 1.1865714203289008 -7.256389156475522 2.8346555649105287 3
active_diff 4.1876259024358475 -1.5432557364410615 -7.9442304562930435 3
active_diff -7.299138043788579 -0.22747431336597296 7.55882514642757 3
active_diff 1.7913771139729942 -6.346421034426957 -7.785102377218636 3
active_diff -7.069004354314179 -3.613675778877612 5.084909969092093 3
active_diff 1.7062583111503964 -8.145232304046981 -4.994855881848786 3
active_diff 7.940076497523432 5.214923965140616 2.494298465300496 3
active_diff 0.4662909501345345 4.113056953978716 -11.363388943219656 3
active_diff -7.287369794187198 -0.5839299120082464 -5.918542414400924 3
active_diff 4.702463550366854 -4.265156005802574 -2.9154835889498587 3
active_diff -9.013542427912924 -0.8202248432097105 -3.130166913576044 3
active_diff 1.1337652401408773 10.201004797449091 0.18981889659877504 3
active_diff 6.823061824117484 -4.0958584672814675 -2.161312838506898 3
active_diff 4.095086364565244 9.205362301736505 -2.0682168620110586 3
active_diff 8.537608390830687 -0.23215324766992174 0.02681864507288667 3
active_diff 0.4945488650993557 0.5060298190787529 -11.425449860696743 3
active_diff -1.8235237313240176 -8.595927418231467 -4.015524306673533 3
active_diff -6.556102524782942 -4.392528000209516 -6.578693317956079 3
active_diff -6.888728171622395 -0.9238878470362332 -10.451890247817659 3
active_diff 3.081345576637186 3.042272509794151 -6.768587126455753 3
active_diff -3.7237175251559824 -8.472503850172634 -2.4527638516053707 3
active_diff -7.676413675239999 0.021628194541302603 0.3056425589243815 3
active_diff 4.491760542088064 5.744111886682356 5.171713119809429 3
active_diff -2.7855542412914542 -6.935741328933988 4.977481192613285 3
active_diff 2.944019643104452 8.608799826455082 -6.999405539930625 3
active_diff 2.1037332558594346 1.0622505575571028 -10.35713905597116 3
active_diff -3.3837928038066316 1.398845325428796 8.28187956104888 3
active_diff 5.039225055944694 -3.7491016993941204 -7.3428450692719025 3
active_diff 2.6336753332861007 10.83878264367761 -4.800020083676467 3
active_diff -7.098625448539591 7.930567482179256 1.771752295961072 3
active_diff -2.022777483159663 -3.0041432488666495 7.351962605109834 3
active_diff -3.802632495275934 -6.973780653737349 0.047353108466061 3
active_diff -6.732842339155467 -4.932138535540545 -0.45348325089530134 3
active_diff 6.595813283877522 4.4447810534564605 6.028171603927463 3
active_diff -2.0784011933184896 -9.05088380092535 -1.4681566092974094 3
active_diff 1.8730323081844071 -9.392928520300925 -3.428950467652008 3
active_diff -7.260883742744628 2.4428292008558774 5.275848136622113 3
active_diff 7.376560579487555 -0.6070561362137445 4.111866947495216 3
active_diff 6.675333715616339 -4.209840180161428 -5.745940557397848 3
active_diff -5.900329685469169 -5.448674496373449 1.509864215561783 3
active_diff 5.667705276284924 1.0725048375938353 -8.071689480472646 3
active_diff 9.287001672501189 -0.11329262558171693 -3.4204024023311677 3
active_diff -6.836187146737618 1.010350811255158 -7.230607574126171 3
active_diff -5.211790064586975 7.870607355207269 -9.22441410476156 3
active_diff -5.859848336144275 -6.418640770856152 -2.37798090421843 3
active_diff 7.130368374129414 5.149187853416922 -6.512348770822593 3
active_diff -5.634024675123533 -3.3768011788120225 -8.93665081285632 3
active_diff 2.3219475911410967 -3.633051498219226 -8.5890804543177 3
active_diff 5.91883189084505 5.341186580407236 -3.3710780649095273 3
active_diff 4.528945046118697 -5.200816474899667 4.308934771951457 3
active_diff 6.447081251608256 -3.838519669502054 1.136998915942827 3
active_diff -8.326621282836498 2.986894335828808 -7.660911285126463 3
active_diff 6.5843856883192835 -0.8837893796014017 0.4987661902383791 3
active_diff -1.97011174192368 10.279215567227139 1.4062481309448889 3
active_diff -8.411540016559814 5.379536795490951 -3.6876830484744816 3
active_diff -3.9877723695055836 10.225845195954724 -2.427449989895299 3
active_diff -0.8436839981963247 3.0712595183222016 8.463364126060682 3
active_diff -3.401092717027736 -2.4682913829345585 -9.855716758748418 3
active_diff -1.6897545463741004 7.1120606398935955 5.823626124702608 3
active_diff -6.16154823356646 -2.907694415717649 6.775133410680075 3
active_diff -8.050413938103851 -2.9128443826104076 -4.295822656348729 3
active_diff -3.702944514663411 8.946848054973305 1.7834316359504276 3
active_diff -4.980708566154931 6.464532230802801 6.765531683544455 3
active_diff 5.7290811011068286 -6.920938924329176 -1.3154634759951234 3
active_diff 1.778425905002136 -4.364292420969175 6.762015661378371 3
active_diff -4.210111466209401 9.528444206757293 -4.3362324847694405 3
active_diff 9.230267907394905 -0.042626759462966124 2.0231712709901233 3
active_diff 5.6119923554093445 8.611260818352154 0.8089458236265827 3
active_diff -8.976117914834344 -2.368693854459677 3.981102824196317 3
active_diff 0.8907421631142622 2.6368650744646693 6.98001594492983 3
active_diff -0.8710011239738196 11.15995430616623 -5.334742292376516 3
active_diff -1.217783365271794 -3.534794518511276 -10.30520858809993 3
active_diff -8.22158993560303 6.4280311540179 -1.8549961373736763 3
quiesc_diff 0.0 0.0 0.0 4
quiesc_diff -0.6611768657145145 1.8803200832106293 0.16505010426747171 4
quiesc_diff -0.7943727664376821 -0.6802350899656432 -1.7047733369341442 4
quiesc_diff 0.43803272769691315 2.857684279800691 -1.190124237644353 4
quiesc_diff 0.3246317526635507 -0.37630573373727844 -3.334330280601235 4
quiesc_diff 0.7220975356538584 1.2223508016478406 1.4509849218374435 4
quiesc_diff 0.9795860466075933 -1.7080827280716608 -0.350520429297606 4
quiesc_diff -1.3205004668435147 2.5666653310043803 -2.0972454947764567 4
quiesc_diff 0.7044870901861322 -2.2187897800131227 -2.2645473024822755 4
quiesc_diff -0.2606543746875317 4.690405933928516 -1.5812350549999916 4
quiesc_diff 1.9681358210539877 0.7496672314516699 -3.158037175666047 4
quiesc_diff -2.473976295120875 1.3853476040188295 -3.2259535799293673 4
quiesc_diff -1.199653841783709 -1.163568620945042 1.0986076297958434 4
quiesc_diff -2.6556646434519013 2.019243159409697 0.2171930170703471 4
quiesc_diff -2.4836465571591457 -1.7477552339555156 -1.6225857335052936 4
quiesc_diff 2.460095715176707 1.1091968402874157 2.4341219972260726 4
quiesc_diff -1.6238179622982762 1.0450532829016015 1.7063649622603256 4
quiesc_diff 2.1399450292254225 2.82451888237929 1.456792047721462 4
quiesc_diff 0.21416996255082577 2.9857542113825213 -3.309330963498026 4
quiesc_diff -3.713374971268919 -2.248708300418147 -3.1181839592105627 4
quiesc_diff 1.3737200031096362 -3.616254719511498 -0.8016723720137724 4
quiesc_diff -0.7484621935147002 -1.0226633879165457 -4.893397683108088 4
quiesc_diff 0.1829995591168183 -0.33459513083123804 2.5846924392468154 4
quiesc_diff -3.759325305587847 1.0760806110149015 1.5928301604185051 4
quiesc_diff -2.2883723321150597 0.6083448208243526 -1.376860069035063 4
quiesc_diff 0.35076337168608673 6.529802466999848 -1.088499087625405 4
quiesc_diff 2.308476360636181 2.606068600843685 -1.8520382547945848 4
quiesc_diff -4.095515805778776 2.545119464789879 -3.385762360473469 4
quiesc_diff 3.6549064135022333 1.8159399776860556 -3.2917061664214806 4
quiesc_diff -4.229880681387304 1.946476148671691 -5.289330657191432 4
quiesc_diff 1.8752523263151013 -1.6890312110146126 1.437612383189413 4
quiesc_diff 3.8298811519742175 0.28229384026356696 -0.4147672203324598 4
quiesc_diff -1.9809473523778658 -0.7234493079328065 -3.3141748664992083 4
quiesc_diff 2.6782589586189935 -2.488493461049619 -2.4419861252308954 4
quiesc_diff 1.8845719587196732 3.962074940164059 -0.360759708372546 4
quiesc_diff 2.324487761081937 -0.9962496355185071 -4.066215345667593 4
quiesc_diff -3.286377046868238 -0.6142063225921116 -0.14830185264419016 4
quiesc_diff -1.2074438547562218 -5.293837622007683 -2.502762778919593 4
quiesc_diff -0.8184887696798362 7.538733386378509 -2.359289325954663 4
quiesc_diff -4.067078549330395 0.7940036428031414 3.548775079113917 4
quiesc_diff 0.6167493219651998 3.0948966301014886 2.7243766448670335 4
quiesc_diff -1.5267962116307143 -0.8195272199174615 3.501992439959953 4
quiesc_diff 3.6924047628672927 4.048546123936471 -1.9152899177778253 4
quiesc_diff -3.187112927833433 -3.165723549923541 -0.40008791336770844 4
quiesc_diff -2.0035760447818567 -4.162339204068346 3.2322789626452435 4
quiesc_diff -0.4423674581750484 5.6360921631979455 -3.334134912681436 4
quiesc_diff -2.795532114268912 0.40899315554258386 -4.941568293701863 4
quiesc_diff 2.6364452884539746 -0.029818464644243425 4.068608143737069 4
quiesc_diff -1.7940780608146145 3.6524469937511492 -3.7087052191665535 4
quiesc_diff 0.39837169828561036 -4.803688499786642 0.4784435218561469 4
quiesc_diff -1.315069924208001 3.7225701166719114 0.5875884839040887 4
quiesc_diff -3.0430905444846803 -1.1949211460453928 1.8736935232972045 4
quiesc_diff -1.2892775850106597 2.191477371983886 3.3106699656608987 4
quiesc_diff -4.400413513677261 2.9969091922393694 0.21266443026854348 4
quiesc_diff 0.61843418645539 0.8118660045125683 -4.916078696223115 4
quiesc_diff -3.9863660685350633 -0.4071099606756816 -2.387436796457794 4
quiesc_diff 4.875007711287029 0.24515433522126173 -3.501432866129271 4
quiesc_diff -0.5337173255800001 2.8366278745549307 -5.158229538303226 4
quiesc_diff -0.9518213310282413 0.341820937548974 -6.341440357461525 4
quiesc_diff -4.8787341723709154 -0.7778749129738309 4.481734325531039 4
quiesc_diff 3.5062124625477633 -1.9516659661615734 2.5649952016715973 4
quiesc_diff 0.5863757423614584 -6.175728763700862 -2.569690106668908 4
quiesc_diff -0.5980560088394377 -2.9311988036556342 -0.47312797610010293 4
quiesc_diff 5.202572218841079 2.678817050837037 -2.3642506625749307 4
quiesc_diff -3.1961749559931913 2.9400003181286625 -1.512039378829252 4
quiesc_diff -3.756184706294956 -2.4014671080361802 3.300488378206566 4
quiesc_diff -3.205066835589575 -4.296445343741553 -2.049677523598466 4
quiesc_diff -5.617168876374172 -1.0293345639337725 -1.4110563659675113 4
quiesc_diff 2.355843201423583 3.317010700676939 -3.7208126427500985 4
quiesc_diff -2.7749463993459056 -0.5504041384401 5.041373444105016 4
quiesc_diff -2.6233173994719596 4.70716188762334 1.7360951613074929 4
quiesc_diff 0.4054104350863618 0.969349722652521 -1.8482491393954232 4
quiesc_diff -2.4793360230301262 3.671460502664616 -5.5875506124065195 4
quiesc_diff -5.166454127153885 -0.1564738447660805 0.8851593378939212 4
quiesc_diff -4.995666432072076 -1.6425094681072663 -4.528237711822934 4
quiesc_diff 0.7955182273212242 4.3963588611474265 -4.602477790857579 4
quiesc_diff 2.936638312344892 -2.9767510958383476 0.2699252548808182 4
quiesc_diff 0.22690890354587134 4.554000929469204 4.035497955704933 4
quiesc_diff 1.420558295015343 6.185730171622198 -2.8572641777904857 4
quiesc_diff 2.811365940251992 5.667971388385492 -1.1398981420225867 4
quiesc_diff -1.6581013494263805 2.2143643178203276 -6.690727053106766 4
quiesc_diff -2.986757027163226 -0.3817063165407548 -6.768649949659169 4
quiesc_diff 1.7652578728859145 -2.27205982003322 -5.501335656037702 4
quiesc_diff -2.108268386209565 5.3147033947069335 -2.0246030115474634 4
quiesc_diff -4.161337502444752 1.1451800472675069 -0.9254075129656629 4
quiesc_diff -0.4548686551750576 1.0365533769263233 -8.149860904690282 4
quiesc_diff 1.689393966810073 6.736196725120942 0.38305435687215916 4
quiesc_diff 5.240479091063343 1.6988486397970926 -0.47465005723956816 4
quiesc_diff 2.6509631134213407 0.8549716200487161 -5.0349116718805575 4
quiesc_diff -1.4802135359315216 -2.302093317864596 -6.245284892613491 4
quiesc_diff 3.6655255907813675 3.2239562402249016 0.1715794177927108 4
quiesc_diff 4.074887760221316 1.4939997964854492 1.3186071671310595 4
quiesc_diff 2.519214745356229 4.390755219853534 2.6412996321637587 4
quiesc_diff 0.24246101237751513 0.8203226028880688 4.216448966402992 4
quiesc_diff -2.456159970691472 -3.192156493728076 4.921631885679696 4
quiesc_diff 0.8350142681666953 -3.398055259567862 -3.874608041876588 4
quiesc_diff 0.3185689600634296 -1.3529352729414101 -6.552422999146348 4
quiesc_diff -0.48268265099727503 6.841376695838063 0.7026707053303485 4
quiesc_diff 1.2241998327856989 -1.44414216504595 4.141073607416863 4
quiesc_diff -4.448262646272052 -2.145833380181645 0.7700938799217096 4
quiesc_diff -2.945389896658621 -1.5851045410695703 -4.974990164136356 4
quiesc_diff -5.068544999677077 2.3173040615207032 2.726205457036299 4
quiesc_diff -5.645115348780546 0.6503760083126338 -2.7483720408963728 4
quiesc_diff 3.8255001102681825 5.082378566299737 1.2939779585952678 4
quiesc_diff -0.8019265869903105 4.431129984981567 -6.368063175739668 4
quiesc_diff 2.1063089428735537 -3.533760346274865 2.174896085346542 4
quiesc_diff -1.935392424243311 8.05582552080641 -0.7828560254514185 4
quiesc_diff -4.0895303252169235 4.727762956697491 -1.5883344141628146 4
quiesc_diff 2.4741578617170283 2.6777040443119926 3.674923112214967 4
quiesc_diff -1.6284699312286688 6.42497393028251 -4.737996188227428 4
quiesc_diff 0.42831375849991493 4.754643797241466 1.6244987518296563 4
quiesc_diff -6.20065801398517 -0.07001086015710578 3.1583123067850565 4
quiesc_diff 3.93742184058787 -0.23351505816268237 -6.112047083355544 4
quiesc_diff 4.043293526557182 -2.0168347107228533 -4.130346810949444 4
quiesc_diff -3.1334330497121825 2.7593732812237546 2.4730486960424845 4
quiesc_diff -0.31623056859753473 -4.155572319617665 -5.3240228305265465 4
quiesc_diff 4.448031285104156 3.1599495078905266 -4.542542415003201 4
quiesc_diff -4.582165575326374 4.978317268144079 0.41511991877378185 4
quiesc_diff -1.659802753345867 6.136964410622099 2.7496553578063967 4
quiesc_diff -3.26485789606774 -3.1999988979953797 -6.339146903054285 4
quiesc_diff -0.5660100126062333 -2.3711069932898603 4.320216178692671 4
quiesc_diff 5.571880132000021 0.27316278124870697 1.836845356638751 4
quiesc_diff -5.739507006359567 3.2724401414080115 -2.509236510440128 4
quiesc_diff 4.266172207980105 -2.787918279313111 -1.2634801682195147 4
quiesc_diff -3.4620644901069357 6.6165208067576895 -2.711994846495895 4
quiesc_diff 2.2912730967700545 -5.297534370002089 -1.3773415974900263 4
quiesc_diff 4.75654753230779 -2.2305219181015916 0.6319645419593896 4
quiesc_diff 3.5915206620446347 -0.7195036131176225 -2.250601750294936 4
