32
 Lattice="1.0 0.0 0.0 0.0 1.0 0.0 0.0 0.0 1.0"Properties=species:S:1:pos:R:3:Color:r:1
active_stem 0.9795860466075933 -1.7080827280716608 -0.350520429297606 1
active_stem -0.9037947892524005 -3.3265153049237957 -2.69625734143323 1
active_stem -1.1044647412745656 -3.0062478413351927 1.8702761634854104 1
active_stem 1.3737200031096362 -3.616254719511498 -0.8016723720137724 1
active_stem 1.8642642810264938 0.07499337007085298 -0.7203434492894246 1
active_diff 0.0 0.0 0.0 3
active_diff -0.6611768657145145 1.8803200832106293 0.16505010426747171 3
active_diff -0.7943727664376821 -0.6802350899656432 -1.7047733369341442 3
active_diff 0.43803272769691315 2.857684279800691 -1.190124237644353 3
active_diff 0.3246317526635507 -0.37630573373727844 -3.334330280601235 3
active_diff 0.7220975356538584 1.2223508016478406 1.4509849218374435 3
active_diff -1.3205004668435147 2.5666653310043803 -2.0972454947764567 3
active_diff 0.7044870901861322 -2.2187897800131227 -2.2645473024822755 3
active_diff -0.2606543746875317 4.690405933928516 -1.5812350549999916 3
active_diff 1.9681358210539877 0.7496672314516699 -3.158037175666047 3
active_diff -2.473976295120875 1.3853476040188295 -3.2259535799293673 3
active_diff -1.199653841783709 -1.163568620945042 1.0986076297958434 3
active_diff -2.6556646434519013 2.019243159409697 0.2171930170703471 3
active_diff -2.4836465571591457 -1.7477552339555156 -1.6225857335052936 3
active_diff 2.460095715176707 1.1091968402874157 2.4341219972260726 3
active_diff -1.6238179622982762 1.0450532829016015 1.7063649622603256 3
active_diff 2.1399450292254225 2.82451888237929 1.456792047721462 3
active_diff 0.21416996255082577 2.9857542113825213 -3.309330963498026 3
active_diff -3.713374971268919 -2.248708300418147 -3.1181839592105627 3
active_diff -0.7484621935147002 -1.0226633879165457 -4.893397683108088 3
active_diff 0.1829995591168183 -0.33459513083123804 2.5846924392468154 3
active_diff -3.759325305587847 1.0760806110149015 1.5928301604185051 3
active_diff -2.2883723321150597 0.6083448208243526 -1.376860069035063 3
active_diff 0.35076337168608673 6.529802466999848 -1.088499087625405 3
active_diff 2.308476360636181 2.606068600843685 -1.8520382547945848 3
active_diff -4.095515805778776 2.545119464789879 -3.385762360473469 3
active_diff 3.6549064135022333 1.8159399776860556 -3.2917061664214806 3
