16
 Lattice="1.0 0.0 0.0 0.0 1.0 0.0 0.0 0.0 1.0"Properties=species:S:1:pos:R:3:Color:r:1
active_stem 0.0 0.0 0.0 1
active_stem 0.9795860466075933 -1.7080827280716608 -0.350520429297606 1
active_stem 0.7044870901861322 -2.2187897800131227 -2.2645473024822755 1
active_stem -1.199653841783709 -1.163568620945042 1.0986076297958434 1
active_diff -0.6611768657145145 1.8803200832106293 0.16505010426747171 3
active_diff -0.7943727664376821 -0.6802350899656432 -1.7047733369341442 3
active_diff 0.43803272769691315 2.857684279800691 -1.190124237644353 3
active_diff 0.3246317526635507 -0.37630573373727844 -3.334330280601235 3
active_diff 0.7220975356538584 1.2223508016478406 1.4509849218374435 3
active_diff -1.3205004668435147 2.5666653310043803 -2.0972454947764567 3
active_diff -0.2606543746875317 4.690405933928516 -1.5812350549999916 3
active_diff 1.9681358210539877 0.7496672314516699 -3.158037175666047 3
active_diff -2.473976295120875 1.3853476040188295 -3.2259535799293673 3
active_diff -2.6556646434519013 2.019243159409697 0.2171930170703471 3
active_diff -2.4836465571591457 -1.7477552339555156 -1.6225857335052936 3
active_diff 2.460095715176707 1.1091968402874157 2.4341219972260726 3
