188
 Lattice="1.0 0.0 0.0 0.0 1.0 0.0 0.0 0.0 1.0"Properties=species:S:1:pos:R:3:Color:r:1
active_stem 2.747281779752532 -4.63934065924674 3.7064678073863 1
active_stem 3.0033090025564704 -1.481997687980123 1.0054030118974073 1
active_stem 2.792197268302296 -0.11457054997079785 -0.5288006647283905 1
active_stem -1.0303418339899861 -3.283873093103554 0.6400423252590697 1
active_stem 1.4917156951236912 -5.51758098014098 1.6847212772257623 1
active_stem 3.242042244003402 0.32536202982903517 2.104876963016433 1
active_stem 4.509032522137375 0.37560335067719786 -1.4300255302933458 1
active_stem 2.2934425436599777 -2.557313271387984 -1.4887317435861938 1
active_stem 3.5297852150438116 -3.344202275770635 0.5004110605784234 1
active_stem -1.2536437136290077 -5.271367851693108 0.6391175935516301 1
active_stem 2.402875722330996 -1.5043309281463006 -3.535844183778079 1
active_stem 3.0908696547475287 -5.583816497112803 0.48542170259443784 1
active_stem 4.513083261732017 -4.291546137516694 6.0820076261951215 1
active_stem 3.3466678877544953 -4.473899438326259 -3.3710076355933287 1
active_stem -1.9574485343321144 -6.243116648692286 2.239231042618826 1
active_stem 4.06356426120977 -1.6385776884571086 -0.7758395507123054 1
active_stem 2.006812803649683 -4.597460838421034 5.563872387987092 1
active_stem 4.24043706928797 -0.3243430481235934 3.71145440731458 1
active_stem 3.8536209671413104 -2.6362512782379124 -2.7375760405175065 1
active_stem 3.2771039937051913 -2.5115271539125725 2.6980652291158096 1
active_stem 5.040359926556078 -3.5354694788830434 -0.7963467803283476 1
active_stem 3.891552584429749 -2.137535704525596 -4.711808856471208 1
quiesc_stem 0.9674225748905639 -1.7341894601744674 -0.23807662172481556 2
quiesc_stem 1.3368764201748433 1.2183292244893273 -0.8534842341459681 2
quiesc_stem 1.3577614489862848 -3.4358709359104873 0.7375850606767059 2
quiesc_stem 1.484231315274579 -0.2202670166247942 1.3223236533260327 2
quiesc_stem 1.2309672123370041 -3.8128760736225167 2.697633618159724 2
quiesc_stem -0.2555871107268831 -1.5766406876643304 1.336542599917821 2
quiesc_stem 1.3520658552877949 -0.8230886749049037 -1.9764508351571368 2
active_diff 1.891440180019228 2.884800965175141 2.030980511574192 3
active_diff -0.45778014726994665 1.467230558148932 4.772433375855281 3
active_diff 1.7562459953899363 4.050797069807778 3.6502938278981016 3
active_diff 1.599199604507297 5.536168188940019 1.4474726188248672 3
active_diff -0.6509096196226716 1.3895355299839385 -4.639837384262584 3
active_diff -4.071294926760959 -1.02460022662425 1.04315453899176 3
active_diff 3.1585076029595673 2.6327340725372705 -3.747266155454712 3
active_diff 1.6290477518047117 0.37724279149744466 7.286224338120259 3
active_diff 2.018107398651663 1.2684075541732829 3.5740445607077875 3
active_diff -3.571198437456452 -2.2792288667114624 -0.43190833317953103 3
active_diff -3.390607121100269 1.2038322116393845 -3.861732633717607 3
active_diff -3.1983310700651826 0.9191302565596686 1.3364767489346685 3
active_diff 0.10045109874645686 4.6344527073351465 4.608254869398188 3
active_diff -0.3167290726491388 -0.5491339172417478 -5.125489617807547 3
active_diff 2.5477218757201916 4.64603979260294 -0.29927526564009715 3
active_diff -1.6299745431342418 -2.730733414737653 3.346360404093149 3
active_diff -1.8030404897681602 -2.671687535417863 -3.222242783612812 3
active_diff 0.49826408311102255 6.668947205352742 2.674156228278804 3
active_diff -2.0174803746795518 2.770406628733917 4.494389391732923 3
active_diff -1.4559679960760523 4.920730689261122 0.6618374420375799 3
active_diff -3.586499812294285 3.9427845069513268 1.7522056428935397 3
active_diff -1.7893500760949816 4.58695969394555 5.467850484376166 3
active_diff -1.585976823455197 0.13300723419357263 5.745583097973139 3
active_diff 0.8804809329813539 -4.394915675262061 -0.9513307148917919 3
active_diff -0.3173486900215766 -2.1815156965617577 5.507019548040288 3
active_diff 3.4951792101009644 6.080602998275774 1.7773999950100228 3
active_diff -5.229877391909461 1.6263012826615562 -3.1994602162433905 3
active_diff -1.898942983112233 -2.7336157204005995 -5.218982028400457 3
active_diff 2.7159597193534144 3.5753263881334707 -2.039732525538537 3
active_diff 1.408320971004238 -4.431551128785677 -2.8800719463184237 3
active_diff 0.25764384830028375 0.9384899389976391 -6.363521946697658 3
active_diff -1.5794692104358106 -3.706259732075141 5.793737908309848 3
active_diff -0.3898826393360198 1.784030755989808 6.746015794469802 3
active_diff -3.955671915258351 2.313427500919398 0.04692246955109913 3
active_diff -3.622520889946801 6.054148525787275 -0.290724584772921 3
active_diff -1.779591804931138 6.834514797615936 0.17944961367673257 3
active_diff -3.4371344366455636 5.336178868675 4.242413625737628 3
active_diff 1.8917202980000467 -1.3381717823524837 6.157672734448943 3
active_diff -3.8650176504012417 -1.4156879282412995 2.993667316417612 3
active_diff -3.2072128889427236 -1.0354977017548328 5.666907595898246 3
active_diff -3.0228820281000335 -4.110611394203268 2.9517143600078644 3
active_diff -3.863028500594335 0.016049961464472684 -0.7722466880827359 3
active_diff -2.6985972458957073 3.236785691979362 -2.74109602750536 3
active_diff 1.5207576786482961 2.522173172282173 -6.060954509304251 3
active_diff 1.490026516911951 -1.281653259420557 8.394708432953175 3
active_diff 4.651601116249045 -4.164162233385259 4.09088077314225 3
active_diff -4.698406730399932 -3.7720940267081264 0.27573216763114194 3
active_diff 0.8939293994550084 7.118151066673118 4.582470890072628 3
active_diff -2.273740476382363 2.586295197124977 6.469340971145991 3
active_diff 3.506910684753357 4.033226914281583 1.763823464590538 3
active_diff 4.10344498244929 5.1912932998339105 -1.4317169762996298 3
active_diff 3.3368123166836345 0.27631125947906876 -4.031435717901285 3
active_diff 0.42221180005378767 4.920366662972069 -0.46273556548328676 3
active_diff -1.582127430461056 5.183908163393292 -1.8168280271186443 3
active_diff -3.902118523112587 2.079171845109168 2.8058258339953293 3
active_diff -3.4858055959585985 -0.8641276039047951 -4.211732905524162 3
active_diff 0.8234815787233031 5.058368135051837 6.424163081607226 3
active_diff 4.564632901181079 1.1261751073544874 0.6758808485832115 3
active_diff 3.6039948403960897 4.797514601433018 3.818332911869466 3
active_diff -0.05999948359641716 4.776253084200597 -3.4163471817720956 3
active_diff -3.247962378919444 4.361726328077445 6.817561594558209 3
active_diff -3.4256446100406244 0.8904886495576793 4.726596840892654 3
active_diff 0.2718991852919956 -2.585471969193415 -3.087872224197476 3
active_diff -5.534503114262121 4.200890290887546 1.3798287641522846 3
active_diff -0.9900579811849943 -3.3031017491769488 -1.4295702766674543 3
active_diff -0.0819679932646308 -1.873081334947535 -6.606047104282287 3
active_diff -4.242041941468336 -2.8640963843486436 -2.2229691863997614 3
active_diff -6.02114228213822 -2.5893062696721363 -0.646972434055324 3
active_diff 4.1145944510932395 3.4187214350579778 -0.49574404630758895 3
active_diff -0.22153329873296257 -6.054446439027656 -1.1288758562353016 3
active_diff -2.207190833681486 7.06298091297872 -2.096794710350697 3
active_diff 1.174984973730187 2.6109814541252154 4.933405260353376 3
active_diff 1.8516891852357935 4.03754641002908 -4.311826089853826 3
active_diff -2.543053145550633 2.481799383349656 8.448368841371394 3
active_diff -1.724973692404863 0.028090619554748647 7.737986765505127 3
active_diff 1.5707120658037408 -0.7501269374027641 -6.518742789425433 3
active_diff 2.649371822512058 3.9810768340954006 5.438439612128134 3
active_diff -6.570974015636892 1.2232759752494093 -4.62740645031953 3
active_diff 3.5984635851719116 2.3975374284765083 2.9521999968570842 3
active_diff -2.6715877541936135 -4.063628893392333 -0.6588199374543117 3
active_diff 1.4327081555365555 1.3244946789983159 9.036699880526749 3
active_diff -2.9405992020208718 -1.832517723751209 -6.669145716417576 3
active_diff -3.28179060998318 -1.6080868341596541 7.581739141746681 3
active_diff -3.9372558524769685 3.1110804155309517 4.93981445370976 3
active_diff 3.9360689829945583 8.021751363634543 1.971202037885766 3
active_diff -3.780670264822057 5.933244855229282 1.7713220572634043 3
active_diff 0.8882888137192877 3.030413172252308 7.647574782571043 3
active_diff -5.036235855141655 0.550202002032492 2.0336122766511506 3
active_diff 0.8564266501916558 -3.3278557196108247 -4.850595688015371 3
active_diff 2.904215633891398 -2.7040211267341743 5.104435456695081 3
active_diff 4.8328462609816825 3.5330969496684173 4.762352079064108 3
active_diff -1.0276935658945987 -4.635686519557678 3.4380735050755415 3
active_diff -3.640210010759706 6.21037998743401 6.029739201887286 3
active_diff -4.758699506330353 -0.9696492068331688 -2.6727051980887397 3
active_diff -1.2969763198680857 6.014936990947457 6.778746713459973 3
active_diff -2.0481640384366537 2.662205432348258 -5.294047907504756 3
active_diff 2.9361337206648783 1.192883987973053 5.349297743507156 3
active_diff -3.791810412245024 -2.8778826728174236 4.356248407294593 3
active_diff 5.46234373164603 3.9094418534285302 1.3626266826622098 3
active_diff 0.07499864410959628 6.3563170842994445 -1.8108785148135889 3
active_diff -0.9778049624577809 6.310575055624492 4.440989391664931 3
active_diff -1.6958911572958393 6.27267476794059 2.116032781334824 3
active_diff 5.887481890491326 1.271183354009933 -2.5692418383381037 3
active_diff -5.8409987488071 -1.7992787870846003 1.5608624780832527 3
active_diff -1.7347247985252818 -3.516718535572482 7.778673634522496 3
active_diff 3.045573903815061 2.667399665308974 -7.346973461416277 3
active_diff -3.1365999834819935 5.054808201082567 -3.4502841254462417 3
active_diff 0.54149351222172 8.926559127400234 3.804364707545284 3
active_diff -7.084480091719799 5.211089627268475 0.6201784037056585 3
active_diff -1.800539102099036 0.428844126915751 -6.043022582692061 3
active_diff -1.2415560539239603 8.700458373940341 -0.29885165185769413 3
active_diff 0.34824505754748936 -2.615428762649567 7.3424226139294255 3
active_diff 2.8881492700770273 5.297952966302102 -3.0411856851064885 3
active_diff 6.370022738084485 0.7138326256835177 1.4312226352038904 3
active_diff -3.9284239568463173 0.5703361171084477 6.635710584070882 3
active_diff -2.991860415176643 -4.8726805518237 4.800575701086561 3
active_diff 0.028192328090603708 4.79238627296424 -5.414336652357884 3
active_diff -5.772436990894494 -0.09356281646649268 -0.18731570404793318 3
active_diff -4.0997730421596605 1.750837297400225 -5.6499913209773 3
active_diff -5.147664024525842 3.2165639915979787 -1.2810456364848917 3
active_diff 5.704009605666603 4.174557908948048 -2.0676745470741182 3
active_diff -5.471458513739528 1.8986219877943533 4.03243650688328 3
active_diff -4.542265738576424 5.930086259856855 -2.0623560271422083 3
active_diff -2.7271033571813996 -4.354009757074806 -2.6601931776283676 3
active_diff 0.842725205889183 5.3686502570553705 8.399854020893653 3
active_diff 2.185724373257185 6.833660923775213 0.043014965959256246 3
active_diff 3.471548219789012 -1.021851254749682 8.31676833161769 3
active_diff 1.676014776848521 8.16751250565899 2.068181522437972 3
active_diff -3.3186900739513283 4.335328483091726 8.81613627340701 3
active_diff 3.3317053970288173 0.3369322292464224 -6.030510258131365 3
active_diff -2.794689763805379 -2.7371014562594693 1.406930296020756 3
active_diff 0.22067157858417633 1.1155888597080714 -8.355322394422087 3
quiesc_diff 0.0 0.0 0.0 4
quiesc_diff -1.1391580747125503 0.5615324739033394 1.5449919616519665 4
quiesc_diff -1.2118480841052215 1.3967636327799486 -0.7618894770200363 4
quiesc_diff 0.18490565052519736 2.053559290746797 1.4010779966259255 4
quiesc_diff -0.734555312628341 2.8951313974876953 2.9651585336803494 4
quiesc_diff 0.1789442200018201 0.6884551595083207 3.0438238309913963 4
quiesc_diff -0.55909759406711 1.2510854160834535 -2.646748796686927 4
quiesc_diff -2.2754628552696334 -0.5310996674477362 0.3141522282302338 4
quiesc_diff 0.07946404188341383 4.2765964575344535 1.7697812801113044 4
quiesc_diff -1.609437581533465 3.3347580997717596 -1.055317555846658 4
quiesc_diff -0.31725473006314747 -0.6746683840630505 -3.129433300635065 4
quiesc_diff -2.016388712696104 -1.0663329936185826 2.3069108729756067 4
quiesc_diff -1.7817737620999292 4.522886498572343 3.4688914490027756 4
quiesc_diff 2.4743565872631272 1.2282795943859535 -2.498488750741509 4
quiesc_diff 1.048808167834642 0.2974358570764206 5.373908234958295 4
quiesc_diff -0.10002147780924053 -1.1350118206339657 3.816576256918069 4
quiesc_diff -2.251340501028496 -0.8118755502154681 -2.639039148849182 4
quiesc_diff -2.816095574639067 1.4009946555701127 -1.95619768161465 4
quiesc_diff 1.240027244615692 3.200179081719212 0.14729114207914518 4
quiesc_diff -2.189898569773091 2.87212534953003 0.8018404825377037 4
quiesc_diff 2.631935843371809 1.6400804778415485 0.6517281485281663 4
quiesc_diff -1.043475572181456 -1.3386684068364136 -1.0578873412602314 4
quiesc_diff -2.000977575349234 0.8710122697667896 3.323049723445619 4
quiesc_diff 0.4773550818330775 2.9559124015932583 -2.785784044364962 4
quiesc_diff -3.4260247182865076 4.125093533132397 -0.7807614097525724 4
quiesc_diff 1.3233890743139134 1.513498020112 -4.345256379848613 4
quiesc_diff 1.932145194647743 -0.718046531073588 3.7899395969842296 4
