16
 Lattice="1.0 0.0 0.0 0.0 1.0 0.0 0.0 0.0 1.0"Properties=species:S:1:pos:R:3:Color:r:1
active_stem 0.0 0.0 0.0 1
active_stem 0.9674225748905639 -1.7341894601744674 -0.23807662172481556 1
active_stem 1.3368764201748433 1.2183292244893273 -0.8534842341459681 1
active_stem 1.3577614489862848 -3.4358709359104873 0.7375850606767059 1
active_diff -1.1391580747125503 0.5615324739033394 1.5449919616519665 3
active_diff -1.2118480841052215 1.3967636327799486 -0.7618894770200363 3
active_diff 0.18490565052519736 2.053559290746797 1.4010779966259255 3
active_diff -0.734555312628341 2.8951313974876953 2.9651585336803494 3
active_diff 0.1789442200018201 0.6884551595083207 3.0438238309913963 3
active_diff -0.55909759406711 1.2510854160834535 -2.646748796686927 3
active_diff 1.891440180019228 2.884800965175141 2.030980511574192 3
active_diff -2.2754628552696334 -0.5310996674477362 0.3141522282302338 3
active_diff 0.07946404188341383 4.2765964575344535 1.7697812801113044 3
active_diff -1.609437581533465 3.3347580997717596 -1.055317555846658 3
active_diff -0.45778014726994665 1.467230558148932 4.772433375855281 3
active_diff -0.31725473006314747 -0.6746683840630505 -3.129433300635065 3
