8
 Lattice="1.0 0.0 0.0 0.0 1.0 0.0 0.0 0.0 1.0"Properties=species:S:1:pos:R:3:Color:r:1
active_stem 0.0 0.0 0.0 1
active_stem 0.9674225748905639 -1.7341894601744674 -0.23807662172481556 1
active_diff -1.1391580747125503 0.5615324739033394 1.5449919616519665 3
active_diff -1.2118480841052215 1.3967636327799486 -0.7618894770200363 3
active_diff 0.18490565052519736 2.053559290746797 1.4010779966259255 3
active_diff -0.734555312628341 2.8951313974876953 2.9651585336803494 3
active_diff 0.1789442200018201 0.6884551595083207 3.0438238309913963 3
active_diff -0.55909759406711 1.2510854160834535 -2.646748796686927 3
