1300
 Lattice="1.0 0.0 0.0 0.0 1.0 0.0 0.0 0.0 1.0"Properties=species:S:1:pos:R:3:Color:r:1
quiesc_stem -3.1836062013408695 -4.370625163680627 -2.7769305303095924 2
active_diff 12.251129126749419 -0.5046791522501421 -1.6187712672744206 3
active_diff -3.3349666999789846 12.828919882348208 -1.3477570919512758 3
active_diff -6.4373937896085 -5.567415681875873 -3.02151874247914 3
active_diff -8.102208898302846 6.603362725221023 -3.738060673387671 3
active_diff 5.515956522253751 9.14044603833905 -3.0147516738139073 3
active_diff 7.285713118997558 8.169126220392549 -4.682079884047435 3
active_diff 3.342711977075839 10.847088790949623 -6.2925193915825535 3
active_diff -3.9324114340977365 10.230355226717556 5.59364000469014 3
active_diff 3.5482415718638105 -6.544062241497784 -8.74848788748125 3
active_diff -8.577172052218792 -7.70500049822162 4.324429526357841 3
active_diff -8.79889334790165 2.2266798918921276 -6.735343496048926 3
active_diff -2.184392294157391 11.258349211730284 4.65169200755121 3
active_diff -3.7867180889909404 -7.403299679477481 -6.167504032682419 3
active_diff -5.530434087854678 11.276741858384206 0.6960232133384613 3
active_diff 3.0771509882621775 -0.8998973927438785 8.859665962612462 3
active_diff -9.772229920727218 5.668763825688388 -3.1570661108889837 3
active_diff 0.2796555821995017 -12.234999075497157 -1.5952292278291127 3
active_diff -0.2048218622266773 9.734453573866004 7.190090040523227 3
active_diff 3.7167499648673537 -10.30377812072217 1.9158119811102854 3
active_diff -4.614075499343003 5.409893985872176 -10.65306238215134 3
active_diff 12.031257177989234 0.8436414273792427 4.090896782282105 3
active_diff -4.290269108814973 9.331692086488186 -6.7771537999940525 3
active_diff -10.637074060014346 1.5499455397554167 1.4835412739404699 3
active_diff 3.7713520324072323 -8.221979549421938 -5.971829797949271 3
active_diff 9.180178656120955 7.574868399975954 -4.441543043780757 3
active_diff 10.82305649739125 -3.204354272269285 -4.345912670802599 3
active_diff -10.656927839028526 5.328177201326502 0.1369553345432828 3
active_diff -3.969329665202818 7.645839447774787 8.131496761158873 3
active_diff -3.500395498127423 2.226827665784055 9.361774635991543 3
active_diff 9.931604827496232 -0.06024979731966976 -7.649944655701295 3
active_diff 8.462751241111894 7.4016945487899495 2.37145656151946 3
active_diff 0.297699053456176 -1.5115901791200137 8.737806708801834 3
active_diff 0.36261176922436733 -4.026843448334649 9.321232956775582 3
active_diff 6.767147280000812 2.7048092133766124 6.311690845310326 3
active_diff 1.363745162173183 -11.443514733014815 -4.410728480011054 3
active_diff 2.7471780487931445 10.069549613631342 7.502684819302132 3
active_diff 2.6223319810833665 -11.434196357610352 -2.262453079742879 3
active_diff 9.008702539679563 -6.673146895643243 -3.3733123828132383 3
active_diff -3.8835257323389887 12.22915449624448 5.544531265119785 3
active_diff -8.248410694731772 -8.597273534615061 -0.40272069148916834 3
active_diff 9.696528852148987 3.8562900509238105 -4.155477057919775 3
active_diff -1.8376823316878739 14.123341204505657 -1.6351817972485907 3
active_diff -2.1408261673982403 11.701887568757124 -5.866676382143858 3
active_diff 6.794409721649172 1.42146725471463 8.950058661172902 3
active_diff 0.09840512614489172 -7.650902228209416 7.073388761525295 3
active_diff -7.441490270050838 8.037804811263618 2.8427161372136744 3
active_diff -6.124126772954249 -7.941311813236618 3.4322460627465383 3
active_diff 3.120331842136162 11.579108350535352 -8.140408576563116 3
active_diff -3.5831417716818943 -0.4290304701744543 -11.861819367449774 3
active_diff 0.8834753088226575 6.174723147488184 -12.120078230414872 3
active_diff 6.308103907604646 -4.280472031608314 8.102684821999283 3
active_diff -0.903602344975514 -10.362007397484652 -0.4953998361689188 3
active_diff -5.881762298797853 10.15206812188296 4.769624259783773 3
active_diff 12.318406716095655 -2.9904870753967043 0.2196443225529195 3
active_diff -7.319529556189979 10.176861949994274 -1.889816219957632 3
active_diff -4.782700118087944 -2.0289525550646395 -10.104637787340447 3
active_diff 9.709164305150164 0.6702950056886483 6.38221043081802 3
active_diff -7.685460691179173 -1.468992934588297 7.524412621214152 3
active_diff -2.5169212408956803 14.200906949058758 -4.451105050714387 3
active_diff 6.403795292623421 3.366390262440735 -8.872810053398945 3
active_diff 5.774514017642155 1.8573478146687554 -11.549266943802449 3
active_diff 1.616084641265744 6.644157069907328 -9.426316292252913 3
active_diff -0.4544238581199235 6.196637633265086 7.815040744015681 3
active_diff 2.8121441210360114 12.628272169375345 0.5823393480664955 3
active_diff 4.520239291276162 9.118169642837401 4.719300820247983 3
active_diff -1.596158357447256 4.047214175957192 -11.214354725159877 3
active_diff 11.852151592602727 0.9667356890368968 -2.9132809397320907 3
active_diff -3.49649328936695 2.3123704917223344 -10.670472297830912 3
active_diff 0.27668728902808826 -8.80919075332657 5.070534219471755 3
active_diff 12.142264962502903 0.8719825533979007 0.9615457343731018 3
active_diff 3.8447868665057428 -8.511597915221264 6.242057442164397 3
active_diff -8.842372114149756 0.3873325584345948 4.452351977686022 3
active_diff 10.024755240186686 5.087830929134731 5.7907182720323815 3
active_diff -2.3039164267301246 12.634374879309872 2.0780091771182922 3
active_diff -4.595675676007269 -4.839216411125663 7.971876426429063 3
active_diff 5.18789342384061 -9.370151702609576 -0.8850002990627437 3
active_diff -2.0301091377769995 7.425331011108028 -9.920184739089812 3
active_diff -6.663128754278137 0.41842373645012954 -8.199466912008562 3
active_diff -5.840581135217951 4.81161865782068 6.986503599123733 3
active_diff 5.863731679266108 11.108526094324414 -3.0903382691709664 3
active_diff 8.270841773744676 -4.12461006710323 -6.71075022139217 3
active_diff 4.231280729970322 5.823842334887706 7.580514032184943 3
active_diff -5.125416913511479 -2.3582393239375747 9.655388312524789 3
active_diff -0.45076444733083354 14.209324841227849 0.16260825134223067 3
active_diff -8.561903122776057 4.502345534611631 -8.161773769298744 3
active_diff 3.089446905100407 -2.161035297973845 -11.017068570990041 3
active_diff 8.393715486864187 -6.556054172093656 2.755718229279383 3
active_diff 10.11038671584742 -0.9606553312350887 5.109337397212498 3
active_diff -10.658198259087065 -4.923676697244237 2.30617459664978 3
active_diff -10.525210045764315 -2.181232306526293 -2.9058657781132142 3
active_diff 1.3236770723441247 13.269794816531116 3.128677772416299 3
active_diff -3.564000408215732 -9.906867410557302 -1.1248585862612843 3
active_diff 8.263276050591116 -6.769706282410424 -5.747981537463352 3
active_diff 6.516394712068441 -8.645297978599597 -3.5679322020747284 3
active_diff 5.0156149840252535 12.165647946290491 1.0137485569614577 3
active_diff -8.048141833719141 -3.6877831619188357 7.33716619199102 3
active_diff -6.95870299945171 -5.872652275827539 -7.071890618053061 3
active_diff 9.050538345293466 -6.412074406227458 0.14543496469784978 3
active_diff -2.970120231756364 -5.555179940895468 -10.841274481455336 3
active_diff -9.803377720835938 3.0215263137318296 -2.1766515984342694 3
active_diff -5.452147416066047 -0.18561071961424336 -10.496978446599952 3
active_diff -1.816309651376983 -8.352567470163178 -5.058366802770753 3
active_diff 5.361261986550977 -10.930690360363954 0.5961020239244099 3
active_diff 6.866939353303481 -3.846448221423494 -10.596165854943603 3
active_diff 7.2821889473996055 7.842909342708068 4.15814417634351 3
active_diff 2.676617598906177 9.006724184401008 -8.700433287185506 3
active_diff -4.9589346630682005 9.310695860940712 7.454066212565423 3
active_diff -6.610916396840594 9.085861575880088 -3.7208004639924233 3
active_diff 9.983119328756123 4.692540439080734 -8.23000859488641 3
active_diff -5.443045729137142 -0.2621735111982747 -12.578000925634239 3
active_diff 5.365326511721549 12.854036479941156 -0.8311967197702426 3
active_diff -4.319349640191432 11.987527604632527 2.280586158365398 3
active_diff -5.46713400437024 -9.57819969092361 -0.605185568625388 3
active_diff 3.194127624135941 -2.621385082916108 10.147689517161606 3
active_diff 2.382967780577813 -10.710190256433545 5.2302668148207285 3
active_diff 13.545856132572451 0.49411082595067646 -0.467206870534866 3
active_diff 13.729551185402189 0.6171757140305117 5.12264808228744 3
active_diff 1.4255067594919453 2.8493084998755425 10.773046228937439 3
active_diff 9.826459779940745 5.11339384994831 -2.56952481228168 3
active_diff 13.018042654479014 -3.8698837792482657 -1.4347954590581993 3
active_diff 5.203934250342594 5.918315018044002 -9.029395637407074 3
active_diff -4.027778593110119 -6.28789071102179 9.228393706874252 3
active_diff 0.39624880446541816 1.7215238821553622 -13.45197765943268 3
active_diff -1.7477391842687031 -11.933127859002035 -4.108674883836822 3
active_diff -5.069095460970635 11.069927962107187 -4.676390380303479 3
active_diff -4.000360293560328 13.328713043911137 7.211060798478678 3
active_diff -4.277837465924681 8.579472643414901 9.873091430676608 3
active_diff -3.56576291401107 12.677497301300376 -6.875507843746504 3
active_diff 4.322179767256939 10.97480623262574 5.436010662795442 3
active_diff -7.845956182572966 4.974466054737894 -6.006024649651026 3
active_diff -7.11260085670123 7.130308540770979 6.190458327779181 3
active_diff -0.09660101260490386 12.455638509317707 -5.836534723317228 3
active_diff -8.843598185635368 9.553417933605125 0.2994594930487138 3
active_diff -0.7624651926415698 7.184901851161825 -12.640096357295015 3
active_diff 3.7805489887626345 -9.501964007537888 -3.6241233234567067 3
active_diff -7.303420418394449 5.910993365770139 7.793644530508526 3
active_diff 10.933179657893966 3.8552899924287902 1.1932340482241828 3
active_diff 5.525897593277412 -8.940314665593858 3.7797714405083567 3
active_diff 10.034264791231776 -5.889871767334439 1.8066353389738579 3
active_diff -6.457223000682525 -7.911065777102578 -5.016989221546119 3
active_diff -10.122115612908546 -5.502381926812354 -1.9773756750668763 3
active_diff 7.183917651262023 7.95874867471415 7.03075319187053 3
active_diff 9.692558907159343 2.530357866929113 7.468935572362534 3
active_diff -1.6985369289726957 -8.651309927948757 5.766344626935458 3
active_diff 7.1077999682062405 -4.77177292378616 9.868784944869882 3
active_diff -2.9225738520214892 -6.202951728262031 7.488567612546804 3
active_diff -6.147694574632777 -7.221604975565921 7.196387823484527 3
active_diff 6.951991756635635 -0.575417369883679 -10.151502874952909 3
active_diff -2.3068746197703143 16.15218683164036 -4.836315690217172 3
active_diff 6.755417516905858 -7.958313831090141 1.1828744554702275 3
active_diff -2.908855123235204 -3.098989760316088 -11.860926421400613 3
active_diff 6.650762245353906 -7.483410222230823 -6.815516715413391 3
active_diff -7.167602547419126 1.0404070934863772 7.125776918502687 3
active_diff 3.945315194851936 13.108428969764402 -3.2676129818110624 3
active_diff 11.065868554764725 -0.32972354317664315 -4.587177437837432 3
active_diff -3.1748643207122593 -4.196366497768773 9.680690992579155 3
active_diff -9.901419996518301 -7.076912455886605 2.441429592496667 3
active_diff 2.7304769986311874 -4.782654636106485 -11.242433853965586 3
active_diff 8.776368012399672 9.415404073903616 -5.156146863095945 3
active_diff 2.4744475894071547 -11.775432500150199 3.035506574021527 3
active_diff 0.7135688005835543 -5.879480718149467 7.768830698244711 3
active_diff 2.857639840271875 -11.391871996949005 -5.739491708942395 3
active_diff 2.9001383755088144 3.4331172184866414 -11.311333136173994 3
active_diff 7.128985344543376 9.649804723307941 -1.9476566693697348 3
active_diff 0.17623724512045036 -9.66388604156541 -6.616300988738503 3
active_diff -8.94805473089801 -5.581534916952021 4.526772198437871 3
active_diff -7.1168948594811985 3.81468964597612 -9.654198358669174 3
active_diff -9.512776097915808 4.643950572094032 4.82440752650974 3
active_diff -6.4138110357444935 12.396956024276179 -0.7056776786038331 3
active_diff -6.745539280674835 -4.902786964508589 -9.572222038610036 3
active_diff 3.368154659054394 0.8392074831500214 10.922690321203412 3
active_diff -4.702643062584986 11.124633562735447 -7.561569879000837 3
active_diff 2.1727379206336113 -9.254771322020506 -6.8474796691078215 3
active_diff 2.1842167103670382 14.146261353821547 -3.9404975187145177 3
active_diff 11.392563248990184 2.95724619999222 -2.7285887545047025 3
active_diff 1.799536829830634 14.28410457960853 4.785401405292562 3
active_diff 4.925978602757584 -11.004097087090702 3.3466576913986623 3
active_diff -6.049489429537214 -9.886534150350796 3.8910917079908884 3
active_diff -10.432033749959487 -6.879038177441842 0.4343126396038436 3
active_diff 9.943527479574408 -4.677800157767711 -1.312139984500508 3
active_diff -9.027852436889823 7.621268018528272 3.9872475592024608 3
active_diff -8.515248686902192 -9.20838460825493 2.526311258843381 3
active_diff 1.3505123116473985 10.532237242288012 -8.074654254152007 3
active_diff -11.063102493891991 1.5522206939488852 -1.2090469638010908 3
active_diff -4.578272103929574 -0.6769667954696408 10.59024404597601 3
active_diff -2.4366506433464337 10.897581111329519 -8.560882450580491 3
active_diff -2.0314239773067615 2.1291027489319396 -13.879636909239984 3
active_diff -8.71433436188155 6.492413218774994 -8.033729519941613 3
active_diff -3.010653385316674 5.414836734479283 9.305582191068652 3
active_diff -5.59439117082899 12.626420740098393 -3.187680206277962 3
active_diff 12.960277032809303 1.3794110213766486 -4.526277244391608 3
active_diff -0.03515353289349615 -11.079585035721824 2.5302104103712595 3
active_diff 0.31312061839988414 -5.620699727679958 10.528367078065173 3
active_diff 2.738685809038152 -7.441332526496817 7.519191909778353 3
active_diff -6.176797457472853 4.56717349353639 -11.573780717678627 3
active_diff -5.632139523525434 2.37681322172672 -9.630510203148475 3
active_diff 11.368976011333823 8.164513862831642 -2.7906943570358256 3
active_diff 8.541599679394627 -3.5539494536088654 6.433417980657457 3
active_diff 5.072581397424843 -6.825092546428349 7.301965195579852 3
active_diff -7.890454253694623 -0.9711679513597624 -8.949604939075401 3
active_diff 5.218867749011018 10.186237569375592 -6.500642389779342 3
active_diff 5.9414863628164225 3.7010829113811274 -12.306076780616179 3
active_diff 4.733634537893858 -0.9645231468268204 9.978542971809112 3
active_diff -0.7123596631440596 15.008244444543637 -3.0318188823325123 3
active_diff 5.053552252978411 -1.7880181450672095 -11.073179051957966 3
active_diff -2.5124107946438645 -0.2245898622013902 8.847609985299954 3
active_diff -5.617334298312844 8.282671465482045 -10.684703483308963 3
active_diff -8.382549555275583 -9.649269444169452 4.750974189325851 3
active_diff 11.098179028619201 3.8101192016513514 -0.9374379396973226 3
active_diff 12.092218019679061 -4.539057880122005 -5.125524952343248 3
active_diff -6.566152352677312 -9.420571812794208 1.5533948341521269 3
active_diff 11.880396652810756 5.098764235368212 6.5366910668240905 3
active_diff -3.680661398351626 -8.893864107023354 -7.496778145010451 3
active_diff -7.720874039621241 -4.191305617722443 -4.972473705435865 3
active_diff -6.8729951835616685 7.453959759436314 -8.914752303613495 3
active_diff 11.094345041706532 -1.382362567763884 6.798712731361716 3
active_diff -11.934154206851666 -4.83613635970867 3.8437938956533717 3
active_diff -0.2880708669598857 -10.615360393316724 5.71768138729597 3
active_diff 7.072708854798857 4.7493353398055245 -10.153441756633825 3
active_diff -5.867250706433748 1.5370943935240295 8.878465528264622 3
active_diff -3.343136215861791 -6.9601148470284215 -12.214961849502028 3
active_diff 7.759697260458343 -6.67308811074982 -1.5800226151280474 3
active_diff 5.656763258677806 12.521323968867438 -4.490754721004456 3
active_diff -6.040658077435924 -3.242311665480581 7.637227129045753 3
active_diff 5.1130878527071335 3.5616969102678686 8.922743039936218 3
active_diff -8.499571961667947 3.4028276271774196 7.00236281897873 3
active_diff -1.0183897944892755 2.482332593609118 8.81737669739154 3
active_diff -8.765425533579783 -2.7687161348094005 -6.196776891251169 3
active_diff 1.3191445484175144 8.574424272079348 7.7661615623194535 3
active_diff 6.860559726391926 -6.228430840284245 -9.785978859057334 3
active_diff -9.272619006541484 9.77872153184237 -2.0539070678422107 3
active_diff 12.682392602792326 -1.025442372928539 0.6328501591815817 3
active_diff 2.46539670238113 12.17550766890058 5.813473550443552 3
active_diff -4.494106493271735 13.889007258909004 -5.461171428986163 3
active_diff -6.269907798982926 -2.1684250529144107 -8.483658419824135 3
active_diff 9.670836265114925 9.249501802621987 -1.5119199884467158 3
active_diff 4.159289691681705 -9.788207098186412 -7.153538576797879 3
active_diff 7.445963551691193 9.667862255145522 2.4106846287978123 3
active_diff 5.962179222121357 11.265917664836355 2.7554304592542143 3
active_diff -9.068522429908686 7.191074905992623 -5.38755530848296 3
active_diff -5.216987971503234 -6.564982238104255 -9.319804770123556 3
active_diff -0.5802772116068288 16.148940007266535 0.6328416524977791 3
active_diff 6.575875429460618 -4.403051671164221 -8.075953939675953 3
active_diff -4.815467019464213 4.6048341727271405 8.699388104893451 3
active_diff 3.715851762259997 8.996644348585537 8.884909666812597 3
active_diff 1.163522067216115 3.929004064762524 -12.613745169938023 3
active_diff -7.173142663619177 9.133793341716434 -5.85307699672111 3
active_diff -1.7428822769457302 -6.8746604482569245 -9.923691732472722 3
active_diff -9.624690372597899 -8.698120654897906 -1.8503684755248326 3
active_diff 7.017747800839824 4.869012526604361 7.134887534677435 3
active_diff 5.175434055462623 7.4332415580937115 8.30052003098338 3
active_diff 2.0883579129480645 12.030871917534565 -4.790017180751634 3
active_diff 1.8770037066258074 14.328983745286381 1.0651359314211326 3
active_diff -9.688612385050385 7.401094343330158 -1.4656667971972532 3
active_diff -10.433121268631377 1.3623967981101157 -5.9722485891664405 3
active_diff -4.867166054579645 -11.674065601098139 0.8229488285873007 3
active_diff -1.4308182384800057 -9.188040854596407 -8.03117496695522 3
active_diff 4.663241540257897 -4.242319706847661 9.518836664233612 3
active_diff 11.387920116394547 7.074743174121557 -0.07174342804502165 3
active_diff 3.2225309759413436 0.6661164355256193 -12.89200055325 3
active_diff -4.461807670188669 -8.918541477683771 7.8445351327137836 3
active_diff -1.5050864925964453 6.779587167035211 9.413877155157248 3
active_diff -4.109092309676328 14.280604395336086 -2.485008873731311 3
active_diff -7.100745102844996 -7.216231652611177 -2.1042560048321706 3
active_diff -11.722991769983778 -1.4765087733584248 -4.344157710554346 3
active_diff 0.34499015389917703 -7.200515073839222 -9.207143518461839 3
active_diff -2.1622917075105113 -12.445685802845787 -0.501010886366167 3
active_diff 4.967599131629834 -4.798553361443106 -11.536037937923872 3
active_diff -1.6423830908832429 8.244508420109806 8.035507549270497 3
active_diff -1.8998746154819175 14.5925776637574 2.1248287215972526 3
active_diff -0.49396676047477406 12.086744350257025 -7.858424812340404 3
active_diff -10.973711568129078 -1.2885008472547594 -0.4482691100797753 3
active_diff -5.770191592631594 -0.6112443920406019 8.164950554564822 3
active_diff 3.086773476321568 4.446859011825777 9.5652933452553 3
active_diff -9.999722520193755 -2.821123371028873 1.8157374549192418 3
active_diff -2.358901627706164 3.3691656966711854 10.541628680769797 3
active_diff -0.24022536134773087 -11.867432579562264 0.64197696980151 3
active_diff 9.13982248165522 -7.839334333111618 -7.192821385800167 3
active_diff -9.522245859191612 -0.752253985436824 -5.506418447898052 3
active_diff -1.2093774345302433 12.922068783985491 5.182147668658905 3
active_diff 7.942126615337542 -5.3224836253248275 5.111679142919416 3
active_diff 11.225230858289155 2.887982079338426 -5.007210495438359 3
active_diff 10.698478300187329 -5.815920909725043 -4.013485397135908 3
active_diff 2.1663804268667057 7.488044019000649 -11.154040044911245 3
active_diff 8.612787167033858 -1.6387971871031277 -7.803832489021935 3
active_diff -8.808975666075575 -2.5691142529288244 5.693184134698286 3
active_diff 4.381577216370557 6.286705061976443 -11.094608236315198 3
active_diff -2.594368840408153 -9.922602301101257 2.979646094703795 3
active_diff -1.2995797009286119 9.209626215105992 -10.451802427741955 3
active_diff 7.511805566337227 7.336862323350242 -8.149751087190095 3
active_diff 1.788793286419027 11.88558450246172 -9.600914462528364 3
active_diff -1.454059119994626 -5.002254389865502 8.620223816873208 3
active_diff -11.646160848381252 5.571480574500329 -2.4650264823849692 3
active_diff -10.351786994086849 -0.3091882704476502 2.599329909011862 3
active_diff -5.196267906618432 1.9232694214291577 -11.649944914928646 3
active_diff 0.9681195835985731 -3.379889580043904 -13.369816130309669 3
active_diff -11.210967021829054 2.962863327413203 -3.5962469681667475 3
active_diff 11.453355292141355 1.640168449835087 6.513142868503343 3
active_diff 12.15602794810345 -2.426920573522731 -2.7932684061944952 3
active_diff 3.725723849806881 12.46966400612408 3.890085926937962 3
active_diff 10.683358813670225 8.42511549037205 -5.4502696168535225 3
active_diff -11.228724227023934 -3.9744568005806347 -4.030023772280725 3
active_diff 6.864396683564805 -10.162797680100363 -4.8233561479112455 3
active_diff 8.326999461322123 -1.2758091074590354 7.1619716595232585 3
active_diff 9.903566098753801 -7.70089845966714 3.395782825228041 3
active_diff -8.308798442756554 -7.3403487507867355 -7.223908220191247 3
active_diff -8.992206700090541 -0.32485455878045033 6.532766391352921 3
active_diff -9.034000230435023 2.2910147451319425 3.4502314747331093 3
active_diff -9.028546600297402 1.8538719626333613 5.799423333123434 3
active_diff -3.284136601254928 -10.184931586400081 -4.326756911252001 3
active_diff 0.8587976452149498 0.6073578870741513 10.203736074745542 3
active_diff -9.039147200446974 6.552992785190216 1.3685830000020638 3
active_diff 11.853453604820434 3.8175483522458418 4.73828326954552 3
active_diff 0.5053684375919887 -6.337578790400095 -11.088423909733768 3
active_diff -12.614757252803788 4.923187626774937 0.1906901562230485 3
active_diff -10.636749301852038 3.967637570016078 -5.518370949735683 3
active_diff 7.439906550746703 10.724116751426003 0.6901087034051067 3
active_diff 2.9791693760147133 -6.017852654462456 10.228543429121775 3
active_diff -1.0769810367394286 -1.3350625222975536 -12.348825091449193 3
active_diff -6.708833562003059 10.620675995226119 3.009976628403857 3
active_diff 2.0337922688389005 7.019229299607489 9.655472165794347 3
active_diff -1.1478494670803667 -1.9971335413843336 10.03188441826741 3
active_diff 3.6322137629431577 -13.120096827195356 -1.8911332804852106 3
active_diff 11.348943331386524 1.240241880839756 -8.197551230194435 3
active_diff 4.567211321537516 -8.014938557654592 -9.641921439469805 3
active_diff 1.8661099522914095 -13.200239758146752 -0.8526169762641168 3
active_diff 10.602915752571382 -3.36922749007756 5.349728725858769 3
active_diff -10.871404337949338 -3.0313915404179053 4.933532772944848 3
active_diff 10.248351044861753 1.5843004061925305 -6.405394103506111 3
active_diff 1.039103386085635 15.661833763906007 -2.020215921363165 3
active_diff -9.762426618638308 -4.380625053150331 6.574802899361181 3
active_diff 9.454093622032898 2.212963126373886 -8.785181411232418 3
active_diff 5.318238353198613 8.609424721664313 -8.742032016728139 3
active_diff 9.974092330305048 6.595177419271631 3.4812574017925644 3
active_diff 8.951356441715228 -8.586051462672899 -0.06699916574760922 3
active_diff 9.400871103028429 8.879683223543605 1.4042540997889117 3
active_diff 6.273667584634332 -2.3822765644249655 9.093220906415624 3
active_diff 1.9408303936748257 -12.288143492838167 0.9807500129723518 3
active_diff 1.290239175841366 -0.5702366371562804 -13.093454716704123 3
active_diff 2.3692734981467916 -6.654419931670841 -10.360894077202039 3
active_diff 8.616119948037845 6.77002113132567 5.351166116094972 3
active_diff -12.389522488481388 2.1206243677453536 0.7068494554903056 3
active_diff -4.585834944208608 -9.367129407992984 5.536290921277 3
active_diff 4.7628452271892 -10.780022582467273 -2.238365782830032 3
active_diff -10.783212035824981 0.4397023365005006 -3.6959173893734136 3
active_diff 6.023802738557158 2.4987039178877737 10.448633333695234 3
active_diff 9.934519889118832 -5.084738278232805 -7.267821982135992 3
active_diff 1.6217101484660295 0.8444115005769993 -14.7668610627967 3
active_diff -4.677821476054816 -4.733643567931066 -11.48067611432627 3
active_diff -4.564343486119202 15.847071296765652 -5.862484260189285 3
active_diff -4.85850415244595 -8.981324828031319 -5.566578692298728 3
active_diff 8.270513424639013 -2.436969037243508 -10.804368294021348 3
active_diff 8.821262035086624 -8.295088049807887 -2.0721571769747364 3
active_diff -6.711287137966174 -0.5717548000288485 9.929257712254252 3
active_diff 4.301174744632886 -3.5545789649962254 -12.953220437604264 3
active_diff 13.697084000348184 -1.7954452442206565 2.174763563341502 3
active_diff 6.737902763027215 -10.621825356988234 -1.0604543140315597 3
active_diff 12.089823431444799 -1.2244200792695317 4.998619527654828 3
active_diff 8.220425403904896 0.026135329838309573 8.810315706496521 3
active_diff -8.773304384943657 1.7104717006385253 8.112050223024502 3
active_diff 4.673661702904413 12.30627072466997 -6.607735050490855 3
active_diff -3.3549063035493307 3.455469790074658 -12.305488236454602 3
active_diff 1.2511151290392337 9.640824545393428 -9.951776341904125 3
active_diff -2.591268638884239 16.174210335642975 1.1146740821347383 3
active_diff -9.58523833628536 -8.816280825567144 -6.785358669008521 3
active_diff -6.836036420013823 3.779121957837816 8.380425885514356 3
active_diff 7.44551193705481 3.18202609651585 8.131604425265946 3
active_diff 4.761770007277276 -6.495199633097371 9.249930016999514 3
active_diff -7.937059646973193 -6.555139344928837 -3.902089172200609 3
active_diff -11.0329906265542 2.323388723644611 3.5049061648424806 3
active_diff -2.2809121222068587 15.730310533514409 -6.791142111616221 3
active_diff -2.727942628387253 6.113289727837438 11.158212225367304 3
active_diff -7.448725272558313 11.799495611030615 0.9125583023712122 3
active_diff 11.521445477676147 4.649881754811863 -3.955748448565439 3
active_diff -2.769325143862803 0.23412882377381472 -13.564147845486605 3
active_diff 0.9531350995946251 -12.58543500577324 -6.000513832557918 3
active_diff -4.443266959720176 11.275376977361184 7.220586891537634 3
active_diff -6.886029055899748 1.2243080775925084 -10.679077288911854 3
active_diff 3.106929500893384 -9.352265916612218 7.9804187107677205 3
active_diff 9.347972555275717 6.521321006229325 -7.727862985170357 3
active_diff -12.832586828105022 -2.7703540391151247 4.640919268095276 3
active_diff -5.6372288369860755 -7.764504039353307 9.052374175058155 3
active_diff -13.675823915968685 -5.072251627701154 4.798171286712629 3
active_diff 10.105719843786721 -4.549497988274094 -9.187251170078758 3
active_diff 7.188367039964763 -6.075779817731851 8.057887825540169 3
active_diff 6.8816794418542155 -10.68438280376625 3.076441102353759 3
active_diff 2.1902071667061365 -8.011700132507713 -8.70627917653229 3
active_diff -11.473197135933034 -4.957463084858952 -0.607104835478588 3
active_diff -10.585259821499408 6.3714615570281605 2.6242032356722094 3
active_diff 7.485185951865794 -9.052160918155575 -7.733535414594713 3
active_diff -11.40361160000341 4.4566691067012485 1.7749226730757277 3
active_diff 6.306020317069433 -6.411414595977519 10.686540762847635 3
active_diff 8.344682651065812 -3.496839111260551 -8.60823570271655 3
active_diff 8.371939188622601 -10.342232731748254 0.6946457626589738 3
active_diff -8.437123587573714 9.748817389561335 -4.195623468511879 3
active_diff -3.2744242127302816 -2.507220404266744 -13.73607128781672 3
active_diff -1.9331449528914937 0.5910591364027258 10.57942053950472 3
active_diff 2.7647072091178417 13.02166902866473 -6.3902898806833575 3
active_diff -3.3941252846951793 -11.755729874026699 2.9739075232913446 3
active_diff 12.916819760891089 4.632642788726215 -0.8109435302276804 3
active_diff -2.061463749211065 11.63138077484727 6.612746832321767 3
active_diff 13.842099422641441 -1.511615150909069 -0.9443134018788135 3
active_diff 5.918684444419284 -11.905663122794175 -4.562495247441152 3
active_diff 5.83283076079753 -8.713018747388194 6.326384915376423 3
active_diff 2.2697955245754646 -0.9116923445422311 10.689430437720471 3
active_diff -5.191380181142696 14.745643790197938 7.9685427372801305 3
active_diff 0.3028572536502232 5.6317781347069085 9.577839389535008 3
active_diff 5.1997112192566135 5.625050483685817 9.319083612994534 3
active_diff -4.604126475216195 -8.575001453975927 -9.241925376708416 3
active_diff -9.737793483260951 -2.368220327234741 7.452996367039628 3
active_diff -10.643929094660773 0.547112327135596 5.306086638740542 3
active_diff -10.939442891321349 6.056398943335674 -4.734200504922479 3
active_diff 1.8778055419955266 7.037688751786631 -13.625600649110856 3
active_diff -1.311573207614937 9.031692744182571 -13.176607107744289 3
active_diff 13.492108643254685 2.2830014028521832 0.5291710773692555 3
active_diff -1.6256313881786948 13.483351832016343 -6.6156486234153284 3
active_diff -13.656567141292967 0.7547897386604414 -0.020538758446424388 3
active_diff 9.135583313421039 8.898037591684417 3.5152460965535535 3
active_diff 11.20544634812057 8.135938054782544 1.8405467868067167 3
active_diff -5.507335420031471 1.980349748557604 -13.624781322926518 3
active_diff 10.408954652733168 5.483086012354558 7.835596456812802 3
active_diff -8.239233205685093 1.2202233824936668 -9.133818069689463 3
active_diff 10.402155016336655 11.075252626606867 -1.1488679083947984 3
active_diff 12.437261315046705 4.066578444418062 -6.075804328526102 3
active_diff -0.7131963336703251 8.211462987915903 10.563938722975774 3
active_diff 1.8331779595563593 12.505315295599017 7.682036204087419 3
active_diff 10.222369052508947 7.7474515656232334 6.0327771198901425 3
active_diff -2.595218883804071 9.753041453164908 8.93907383898615 3
active_diff -12.262523457689579 1.8195412337023364 -6.638811861239037 3
active_diff -9.243511469295123 -6.5083672857457024 6.274252406020215 3
active_diff -3.8284478100982895 13.862531667369701 1.6688209990533425 3
active_diff -7.179553851082605 -3.613917334634493 9.238734432626476 3
active_diff 11.98227808263735 -5.537478000977884 -1.052275834239229 3
active_diff -1.0289237007866743 -6.945792552126374 8.824965818354372 3
active_diff 8.05911572221907 -8.59872689333404 2.557735211754477 3
active_diff -0.4539362511918622 -9.260900036767325 8.123544016390245 3
active_diff 13.337537261574175 7.887642172235632 -3.010031246314969 3
active_diff 11.542485805131687 5.743382392762879 -1.7581253318839225 3
active_diff -0.7822839785098117 14.77443745426514 -5.264798068713295 3
active_diff 4.974616128923113 -9.639342595047761 -5.234783319815013 3
active_diff 9.774470524077847 -5.6606815495849565 3.89230231946849 3
active_diff -3.8782076876725653 6.31680038204844 -12.276644641330696 3
active_diff 0.4430681814628098 -12.357948848619264 6.372525771342944 3
active_diff 2.4973466890227454 -5.142897732272935 -13.195860374315476 3
active_diff -4.648025567045776 -2.7676928080885315 11.553925998913002 3
active_diff 1.8174619321836782 4.987075415282703 11.013400537887929 3
active_diff 6.726541114283944 5.2220625799761615 -13.340634601580676 3
active_diff -5.5029784881887895 9.033092051196485 -8.339259423856463 3
active_diff -0.7225455688178788 13.701595010952097 -9.016012421132558 3
active_diff -7.814903010491152 3.182096458304889 -11.418457545987074 3
active_diff 9.798805370974693 3.0478862277255687 9.39789282556906 3
active_diff 4.847211770778909 -10.19105927270805 5.185126727300384 3
active_diff 11.630578798942361 -4.068346415729534 3.782839645253908 3
active_diff -6.469792012938659 5.114242572899552 -13.475061762887918 3
active_diff 3.0153277968303867 -3.25247933986192 12.03706789657784 3
active_diff -4.955631850825197 -11.214166149689136 -3.9436383337916903 3
active_diff -7.143872613242672 -0.9020094615823089 -11.287445839820116 3
active_diff 0.37777536077384866 9.705459943275384 9.120629119345917 3
active_diff 1.6002834694967967 -10.959600506799678 -7.722610146293272 3
active_diff 0.03564338280617968 11.566733409879769 7.954895289242572 3
active_diff 2.5411752400833714 -11.34290902320315 7.120937955430419 3
active_diff 5.9958732264017955 9.219459247488887 8.669716364768536 3
active_diff -14.438859789856771 4.656779476393792 0.9663683315814684 3
active_diff 7.4412710545938445 2.3441144789631796 -10.2434289887122 3
active_diff 3.921675497106482 14.399815318487562 -1.7406020247377456 3
active_diff -8.96495546638381 3.7106047932372217 8.922959447526894 3
active_diff 0.06423059163365441 -13.670873380386627 -2.9706771744988103 3
active_diff -8.83662684960699 8.715574813823448 5.650354715262809 3
active_diff -11.842995440049762 -2.5174705020523804 0.8685373060669561 3
active_diff -9.695287882950442 -10.749749011459578 2.044955597898815 3
active_diff -10.76211898341589 -1.0609392776874784 -7.045063314712502 3
active_diff -1.5643943430130554 -5.557724096642012 11.214640813221882 3
active_diff 3.691895720317996 14.041774176556604 2.654235907850733 3
active_diff 6.276649301819328 7.2724018695129145 -10.037230552963324 3
active_diff 6.07544195494033 11.231470337686485 6.363477771868867 3
active_diff -0.9233734083843115 -6.7719112013039595 -12.418856957427138 3
active_diff -6.22697100494923 -5.700387044080907 8.744702856300352 3
active_diff -2.115727332163442 10.92343725223089 -11.081687157719319 3
active_diff 4.8078825963148635 -12.600573985184884 -0.35534946197322637 3
active_diff -11.627589993750018 3.6502619241108567 -1.6503996477576388 3
active_diff 13.371116609150091 2.6816750789910175 -2.6317014061558086 3
active_diff 7.902266977502192 -2.1049749897299157 10.220504302116138 3
active_diff 6.047495422250582 13.875238795021655 1.1256498131767498 3
active_diff -9.083883502504808 -10.32907656217412 6.496251524529074 3
active_diff 6.1785147288854105 0.6195084704060689 -13.067337160594237 3
active_diff -8.37285781906392 -2.857961464216029 -8.494306092203923 3
active_diff 12.469135031192494 4.366192831598556 2.367891181247966 3
active_diff -5.290734507957574 13.43467237344661 4.791875892742686 3
active_diff -1.6842159806500243 4.700684297870008 -13.102534445092047 3
active_diff -0.5478309525939846 16.918001604914537 -3.602570922904249 3
active_diff -2.0880423515113833 4.222637182342906 12.329985936925443 3
active_diff 8.482183433171175 -7.180279169727866 5.6185660619729925 3
active_diff 5.716596725877023 -4.261336223869317 11.21886055377448 3
active_diff -4.0738599202538825 10.75412952803839 -9.700604972451256 3
active_diff -4.008879058226114 -11.856284651540973 -1.1679330255559615 3
active_diff 0.8634517180236051 -2.324042692521177 10.475576784503158 3
active_diff -2.635163261596676 -10.35083513573412 5.282252506427933 3
active_diff -0.5999606071616759 2.1004575830713117 10.735471713682212 3
active_diff -6.345175979569346 8.659395113976181 8.740200867035403 3
active_diff -11.8577482507617 -3.386280257364274 -2.027115888552183 3
active_diff -4.916098686216273 -13.662956575253933 1.0276883960449197 3
active_diff 13.767815599865799 0.39446517756743704 -2.9656056277796203 3
active_diff 8.228371821907977 8.106784546976677 -9.850854426480051 3
active_diff 7.942486936278681 -0.3025282997011435 -11.867443099575784 3
active_diff -8.195320548375618 7.7519418894479095 -10.385351596338543 3
active_diff 11.464772906572863 6.003084114252796 4.747329213422438 3
active_diff -7.152118997350542 -6.286200976126327 -10.958172472950174 3
active_diff 3.5008716031419977 12.935876398198008 -9.559693592032273 3
active_diff 10.410766015999373 -6.539269610670489 -1.874829620080628 3
active_diff 10.227951675427517 -8.233934343768352 -3.6514743621579666 3
active_diff -8.983323162803753 -0.838346795383583 8.909273066116356 3
active_diff -11.625832300090314 -2.948016255039319 2.973176515825808 3
active_diff -8.389283023584175 12.577645754662646 -0.9603571763919407 3
active_diff -11.670825455091792 -4.021511434117293 7.0533959307019884 3
active_diff -1.5729010415214124 -13.200733804523786 1.310021410680799 3
active_diff -8.648454013078767 8.857533409696845 -7.17487004864575 3
active_diff -0.6078097937271709 -3.7844449865605267 11.053146631266383 3
active_diff 3.44473702028035 11.513751191749336 8.697546017541999 3
active_diff -6.815473812743782 -1.2407026511227444 -13.654533264974996 3
active_diff 6.018839887993739 0.14713897750985427 11.033272571938888 3
active_diff -9.52264889280742 4.608142881313114 -9.912709087006903 3
active_diff 10.579856886142759 6.248683397856464 -4.972706100248688 3
active_diff 0.9294387326137123 4.892740045167352 -14.350528965502273 3
active_diff -0.601781198308477 13.947699381930063 6.788045763274191 3
active_diff -0.3726013375419759 10.490361382364432 -9.089112614230398 3
active_diff 3.5365751957149225 -6.3632791978373735 12.117982302252205 3
active_diff -1.5481405584531847 -11.346728369443165 -2.112463563655283 3
active_diff 1.104524713056028 -7.450893868814729 8.942633997106615 3
active_diff 12.49599719877076 -2.241466081562071 -4.869473308994985 3
active_diff 6.3342213389089155 9.878927913912069 4.357754165087732 3
active_diff 3.2894492566346356 2.1775720648050445 12.406801404040987 3
active_diff 10.083850377255606 -8.602688615128681 -8.782192825223476 3
active_diff -13.135919113358181 -3.599238821392732 -4.501000559006615 3
active_diff 8.836461442396915 5.640454256923687 -9.845085006593699 3
active_diff -4.68509749857927 -9.90183026500183 9.57175394145571 3
active_diff -9.383551697251447 11.714630517787274 -2.543754325943776 3
active_diff -7.432659781240842 11.57061717075916 -3.3197280832452147 3
active_diff 6.181252385653091 9.890578399694776 -4.745266872993218 3
active_diff 1.702745483672909 -15.16063624358679 -0.4918432656540696 3
active_diff -12.539381217069753 3.733401025168947 -6.088568315788041 3
active_diff 8.072493127743574 -7.8180010391398245 -9.852941636765975 3
active_diff 10.84395936391209 -7.284235317979489 0.29701462688511593 3
active_diff 12.305999007585395 -4.627205850622709 -7.112111880848115 3
active_diff -10.108042494976822 1.8456247503340457 -8.198533671591566 3
active_diff -9.920212687470615 4.865554008320708 6.769886218899989 3
active_diff -7.196060162196555 10.437970994690497 6.249786640600825 3
active_diff 6.897437681866578 8.98079723747808 -6.468258023244107 3
active_diff -5.007150618264964 -2.2926950741488312 -12.074425049101832 3
active_diff 0.09998847569718727 -1.869252656119653 -14.351816366343545 3
active_diff -1.387454539887166 1.062423013740909 -15.444084960855085 3
active_diff 12.767169369788025 0.21302463113268555 7.00012653364721 3
active_diff -9.491297778657028 -5.063477063288535 -5.29638226320749 3
active_diff 3.369637924234155 -1.5904932648069292 -12.91337413212373 3
active_diff 3.1013883734763943 15.671579878837823 -4.852747231036417 3
active_diff -6.898839399253832 7.796146604458356 -12.14108194918523 3
active_diff -3.1989353343535463 8.55220908688574 -11.088085044992642 3
active_diff -2.780507304458433 -3.520756544284136 11.521352214663182 3
active_diff 4.102974001053381 14.13250316535997 0.31579229485929106 3
active_diff -4.708974554487883 13.6543349732673 -0.15159976808836384 3
active_diff 10.218408877045565 -7.167014274306437 -5.607974428730286 3
active_diff -8.405609930321978 -10.282240717783687 -1.9167499610693535 3
active_diff -2.872313910270687 13.108568684511974 -8.70124220059788 3
active_diff 2.8149455159389634 5.1574002186230965 -12.32108078391512 3
active_diff 9.954465907541639 -1.9025252102526946 8.357592580758247 3
active_diff 7.477897933675413 12.12485300087606 -3.6916259891066034 3
active_diff 10.257547050763172 -0.7087505480110053 -9.513599249086178 3
active_diff -0.9522345156348293 -11.314906453274787 -6.642436889275449 3
active_diff 6.2693597227360645 -8.208408380020106 -10.674035894426755 3
active_diff 11.111654283665143 3.2148569032776937 -9.283881233581196 3
active_diff 3.884860870624231 1.0567679565894141 -14.738269899715975 3
active_diff 0.10253121306563306 7.82049343113432 -9.99674489009749 3
active_diff 2.327956023213247 15.704472654012685 -0.3149627136529587 3
active_diff -13.379020337690305 -0.6306808547914367 -3.6078530758327476 3
active_diff 13.927991373493207 -3.201308765021749 -3.303629599809255 3
active_diff 13.39819080462776 1.6326078467275538 2.8624732195377414 3
active_diff 4.700494724148216 8.714111972764922 10.602656357747309 3
active_diff -5.512704142795687 9.611461674191457 11.060568980237198 3
active_diff -10.069067450458768 -9.04527051296918 0.29334517120719494 3
active_diff 12.06499565584957 -0.8062328162002292 -6.25291569716881 3
active_diff -10.633752086035887 0.15242378231369963 7.570809806150184 3
active_diff 11.773200692328611 -4.904725013955341 1.7318837090039665 3
active_diff -12.789898006224497 4.175664316490755 -3.4062714239286893 3
active_diff -1.4393102477592639 -10.90595580303451 -9.055233615525363 3
active_diff -12.563484258992384 1.7979733598310843 -2.5084545927482287 3
active_diff 5.113910487144719 -9.844545312198104 -8.910104870027808 3
active_diff 14.159787800461242 -3.688594416943203 0.5688746789360569 3
active_diff 15.440725448512142 0.40030286554771527 0.16577839159631946 3
active_diff -12.235227811548494 -0.9754449472287764 2.505773894966918 3
active_diff -5.3248754306079915 3.137239936276714 9.959019093633193 3
active_diff -0.7086030011647975 18.091507741303584 0.1746243564334663 3
active_diff -6.488595550320017 -7.626984642263221 -8.19946327796311 3
active_diff -5.2184611829085 -10.967760718013164 6.554997675692377 3
active_diff 0.5308056313897849 -13.694037983501415 1.1686086057109877 3
active_diff -1.1195779184970196 -3.167519656269092 -13.149004045072283 3
active_diff 7.851430753822754 6.90746951821353 8.595757470783878 3
active_diff 6.7701577433018025 11.429903082423376 -6.71696493892503 3
active_diff 11.119851518245643 8.140140872821915 4.029275476716822 3
active_diff -12.833843730326405 7.178919099954782 -2.3905230675688087 3
active_diff 11.578388878855659 -6.622931957306378 3.577323110123679 3
active_diff -2.1511946169561176 -8.831621339655907 -9.863816006755707 3
active_diff -0.14714236857809115 -0.4038573613208679 11.605709116591731 3
active_diff -0.12870194554046832 -12.898898479451642 3.3556480445721624 3
active_diff -6.616260020903713 -2.824561192430582 -10.340948247716202 3
active_diff 2.790463971772162 -8.49856255390856 -11.01030656073883 3
active_diff -12.39319275734117 -4.723895613242186 1.3315558971046948 3
active_diff 14.47391974819306 -1.1229783291452393 5.76900661185732 3
active_diff -11.88213965165445 -6.619139604679908 1.7869565712228583 3
active_diff -5.954707566792531 13.0731958613095 2.6638992005997295 3
active_diff 8.119341394176727 9.007664889138722 5.551887444637247 3
active_diff -5.652711574107187 -11.034676574107664 -1.9632120979542491 3
active_diff 8.158878987200078 11.39384807848694 3.126732475968395 3
active_diff -8.63523306486782 9.61692975399216 3.1279222996210017 3
active_diff -2.3778397985176367 13.68168813097869 0.25193961675049104 3
active_diff 11.569730593110554 10.163685717867903 -5.0124127536244485 3
active_diff -2.345676907371569 -9.811086823334893 -6.32030642284151 3
active_diff 8.51835522046186 4.9843742415474495 8.452031811854647 3
active_diff -6.4593793135467905 -8.369752217541402 5.356835513508804 3
active_diff 2.17551006100772 -13.081035262035503 -3.30565574203419 3
active_diff 0.4231437725079117 14.985259062831474 2.632469957533011 3
active_diff 10.248146608664033 0.5415106475331086 8.303905689071355 3
active_diff -1.94346024035058 15.967860668919254 -0.8693104115457958 3
active_diff 12.522454206530128 -6.367172607329089 -3.4058395636361447 3
active_diff 3.822416005904439 6.889060686122919 10.540842856109546 3
active_diff -2.2637581340882327 -14.429770592124438 -0.7314715407752099 3
active_diff -10.808738099408448 2.4262006075343376 6.508900710295235 3
active_diff 8.00714443035999 -5.795603801613062 -7.965194691543324 3
active_diff -10.363094098276143 10.672695751162767 -0.36262006304057004 3
active_diff -5.867404303239743 1.1907171342556426 10.848242868643412 3
active_diff -3.870040281061018 2.051540223091522 11.319486833145222 3
active_diff 6.840439209875776 12.899117548454468 3.504641733902018 3
active_diff 9.728371902551608 -4.887653110847493 7.334975657687243 3
active_diff -7.268819566056758 -10.643687443406707 0.13556305943660973 3
active_diff -7.59125876727679 -8.82658322939364 -3.1841468067931507 3
active_diff -4.703585049634787 6.524755262711878 9.616097475302071 3
active_diff -5.88862177969254 12.034903182832835 -8.890051606875058 3
active_diff -8.018972456828326 11.750324027408835 4.013685450548877 3
active_diff 2.782070458261288 9.306975266965246 -11.712980918724648 3
active_diff -8.46864250780462 5.76631330585473 9.412695228483566 3
active_diff -4.8559153131861175 -6.030212311412253 -13.135168715893068 3
active_diff 5.843071739562192 14.796129359414442 -0.8370911896068576 3
active_diff 4.265140670285213 -12.220822097316606 1.7602162677557955 3
active_diff 5.599885663789152 -12.59639661091665 -2.2261716747795535 3
active_diff -3.7131951617211567 -7.198505139411479 10.98105414960241 3
active_diff 2.1206853212517163 16.191873961234332 5.2926288030039546 3
active_diff -6.1112320187730145 12.674710490651815 -5.258304833612311 3
active_diff 8.463766967011482 10.196682972051232 -6.970501809001365 3
active_diff 2.0032815070814136 -1.3652842501912157 -14.784451442563523 3
active_diff -6.891548896084167 -11.288155954297151 5.042782714077515 3
active_diff -5.743045443759702 14.511298035996523 -3.8397074193198675 3
active_diff -2.3555771304030104 -8.10773091399826 7.712913263852833 3
active_diff 4.424660120502885 13.989821103590225 -5.06122647509091 3
active_diff 10.478740117140793 -2.2652674596503863 -8.158451419145228 3
active_diff -12.533119358382972 1.0291828395657059 -4.464251365560797 3
active_diff -3.3675462604876856 -0.3669338868391128 12.151660879364208 3
active_diff 12.49399760608488 6.430318151900693 1.4649116983694803 3
active_diff 4.625206242212809 3.97086518084547 10.818673645336638 3
active_diff -9.971513917214471 7.383735594234661 -9.308501651994183 3
active_diff 2.3090455645461656 11.900336462164507 -11.532007403530544 3
active_diff 0.6949627671402157 -8.741736169303403 -10.432768544673946 3
active_diff 1.376653899057319 -9.404468386706595 6.631212916711606 3
active_diff 6.638515286573461 -2.3591009247356203 -12.1510272049477 3
active_diff 12.24801908936098 1.5479503753745059 -6.4028668385493495 3
active_diff -11.892149908490703 0.1310067715467973 0.8421386027221792 3
active_diff 8.081256711199199 -2.902158453012409 8.299775819728405 3
active_diff 3.1033516512817094 -13.597387405693308 3.5693230248031487 3
active_diff 13.806622911889049 4.084244953956244 4.400640587763097 3
active_diff -10.259943088504182 -3.00362530378981 -7.504918687981068 3
active_diff -8.985907262700682 6.922791002554071 6.859532001281447 3
active_diff 0.4710012116385176 13.834863056022506 -7.169038893967685 3
active_diff -11.193879242728688 7.323221987299663 -0.15109173911135176 3
active_diff 7.560047192686796 11.758288000076798 -1.017537645994639 3
active_diff -3.1326971451529846 -2.0464807082580734 9.791167671921682 3
active_diff -9.250867487157615 -3.9556787479781876 8.912502015722238 3
active_diff -6.807025169597975 -9.766797308722102 -5.675699267905745 3
active_diff -10.985479813319976 -6.681671428570458 4.075014253272471 3
active_diff 4.015705982685837 -11.443635260536965 -4.041991644206195 3
active_diff 5.459448850186012 7.645761138646959 -12.090178083930594 3
active_diff -9.359863849094282 8.107952043895228 -3.3449767041377334 3
active_diff -2.9396361314618282 -12.089079867352112 -5.707130588059897 3
active_diff -3.8417953386870396 16.22112761779984 -2.0813729581107596 3
active_diff -10.68886846256062 8.317857036770866 -5.7113465440468305 3
active_diff -8.496914981813257 -4.602787537854526 -7.217998265259121 3
active_diff 8.568614082839174 10.540705980746722 -3.012440236751785 3
active_diff 8.153113639703266 -8.59299523879559 -4.716154992011813 3
active_diff 2.6128687926901177 16.649867053311244 -2.7598460072859137 3
active_diff 12.66541970112594 1.4448643537356802 -9.68920119298855 3
active_diff 0.10698397586569053 3.7299714579590275 11.992033687165831 3
active_diff 2.9655455531363963 -13.246423318460247 -6.480434185125335 3
active_diff 4.555768176613647 -14.88748344735215 -1.7381895657385504 3
active_diff -10.146042209357097 -8.736133148689989 3.63492833913703 3
active_diff -9.726430387914075 5.559323352846069 -6.354964048252457 3
active_diff 6.377208076449527 3.2363179002459415 12.273744365983108 3
active_diff 14.357305980779746 0.19023425607396338 -5.3226243668180295 3
active_diff 6.743752737549411 9.759581120701192 -9.545181441034403 3
quiesc_diff 0.0 0.0 0.0 4
quiesc_diff -0.6611768657145145 1.8803200832106293 0.16505010426747171 4
quiesc_diff -0.7943727664376821 -0.6802350899656432 -1.7047733369341442 4
quiesc_diff 0.43803272769691315 2.857684279800691 -1.190124237644353 4
quiesc_diff 0.3246317526635507 -0.37630573373727844 -3.334330280601235 4
quiesc_diff 0.7220975356538584 1.2223508016478406 1.4509849218374435 4
quiesc_diff 0.9795860466075933 -1.7080827280716608 -0.350520429297606 4
quiesc_diff 2.3220107525142826 3.410104390878584 -0.8087335942327326 4
quiesc_diff -0.45172792068178036 3.7474816957000288 0.8504978792807546 4
quiesc_diff -1.4930598688221268 1.152486564162182 -2.0958841542897826 4
quiesc_diff 2.3656016040442953 2.348323766836789 1.6272780267726321 4
quiesc_diff 0.0009160197106290457 4.808004585262728 -1.2620942987927186 4
quiesc_diff 1.1924663199126402 -1.8706647944718018 -4.341183875464073 4
quiesc_diff -0.17388978166976654 -2.8894004550572117 -1.4792285144505166 4
quiesc_diff -1.199653841783709 -1.163568620945042 1.0986076297958434 4
quiesc_diff 2.269899801411222 1.4432390071529688 -0.4499509147775751 4
quiesc_diff -1.6238179622982762 1.0450532829016015 1.7063649622603256 4
quiesc_diff 0.8434150721672695 0.6998172657316637 -1.6729933683744647 4
quiesc_diff 2.448935710981737 5.294088151099073 -0.14957106029781575 4
quiesc_diff -1.3994557427722847 -4.419680566826681 -1.8744890038871393 4
quiesc_diff 0.48581587294639406 5.251120405436604 1.7779040824145376 4
quiesc_diff 1.4519823567743888 -2.810268317219456 -6.0875505742566745 4
quiesc_diff 2.7822313085935364 -2.5519251313010267 -0.1545611020081962 4
quiesc_diff -1.1687493725788878 0.703638617877568 -4.111204152078978 4
quiesc_diff 4.2311139677279925 1.0650698657397848 -0.5530387138676227 4
quiesc_diff -2.639274650462238 -0.2914100457373431 -1.0375761222340947 4
quiesc_diff -1.9210316004454544 2.7216041460132603 -3.2598043453927446 4
quiesc_diff -3.0128656344733704 -1.5301123739490066 1.8588106763465082 4
quiesc_diff -0.07550024884796995 6.6016033759878985 -2.143663315834938 4
quiesc_diff 2.2256722820733814 0.831715884597841 2.92354972529245 4
quiesc_diff 0.07085001723805734 3.3319585673586842 -3.0980657349920695 4
quiesc_diff 1.15403374996146 -0.6973208651423581 1.8091633668792373 4
quiesc_diff -3.4465383172673585 3.9720179397389486 -3.5904016856600043 4
quiesc_diff 2.6993790484308438 -0.4060780514778919 0.178995818289988 4
quiesc_diff -4.386491248692826 -2.9816456185657767 1.937575590696325 4
quiesc_diff 1.7796942338598092 0.5816557052243871 -4.31672686919338 4
quiesc_diff -0.8647548690757577 -3.1255551818271528 1.2946979482645176 4
quiesc_diff -1.7642591590946255 5.024288923736888 0.046119205630541726 4
quiesc_diff -1.4928328092378111 3.362619877470619 -1.319732572574989 4
quiesc_diff -3.080589175316459 1.871670641983453 -1.1148005884147891 4
quiesc_diff 1.5854948826664983 -2.072865646350171 -2.221297782409931 4
quiesc_diff -1.7844039933236797 5.270916764793339 -2.035621780593718 4
quiesc_diff 4.2985111232300115 1.9938811138500872 1.2554834647024058 4
quiesc_diff 4.387218156765838 -3.1759345525258547 0.8626062683967911 4
quiesc_diff -2.141126829653678 2.8665445737237585 2.3502290886212394 4
quiesc_diff 1.7285661365139828 4.343920335614148 -2.620665852836617 4
quiesc_diff -3.122890938404629 -2.1418683853948046 -1.6223147127418305 4
quiesc_diff 1.6992636331540913 -1.380239397780744 -7.463729799474442 4
quiesc_diff -1.9529184520665728 -1.1783674006371476 -3.2570735963478157 4
quiesc_diff 0.709159971988162 2.3709812646914763 3.0882022802888374 4
quiesc_diff 2.5273533190650617 -0.9280486869984912 3.8247806637727053 4
quiesc_diff 3.9759341232678183 4.010479121625703 0.1421016524612394 4
quiesc_diff -0.24662824676629563 8.562533376827826 -1.7894476468783098 4
quiesc_diff 2.6620963915437867 0.1627500954655926 -2.308569574012534 4
quiesc_diff 1.1325684902370519 -3.7130710906827327 -3.5653286765496914 4
quiesc_diff 6.10392007565906 1.7198539294975377 -0.30034302347111147 4
quiesc_diff 3.968086351343439 6.356569601966618 -0.9001138628420999 4
quiesc_diff 0.8053181442091267 -4.633288947434366 -1.477045843954906 4
quiesc_diff -0.4215248233189556 6.964078337020507 2.2703550805092765 4
quiesc_diff 1.2000451749932388 -2.509574984413569 2.6539224780766673 4
quiesc_diff -1.1205159276191656 -5.371694613877392 -0.13786531588202933 4
quiesc_diff 0.061643239749070045 1.2204967276279488 -5.600832197570217 4
quiesc_diff 0.8873045881031968 3.0308058078707347 -5.803475657431526 4
quiesc_diff -1.5517958251620756 4.848985432331347 2.1061013691291928 4
quiesc_diff -0.5451682963358986 3.6621609597414615 3.959704196737557 4
quiesc_diff -1.2051162938713642 0.9710370668673414 3.6606450119513854 4
quiesc_diff 3.0658386464485563 -0.9470331578986559 -4.222159910215495 4
quiesc_diff 5.940032067004536 3.731011316276018 0.395512412260871 4
quiesc_diff -3.2397960347330272 0.9233081936026837 -3.0426629252635413 4
quiesc_diff -2.5429305796095796 7.092704719795663 -2.3607772278891717 4
quiesc_diff 1.8360323709753232 1.9807853661939483 -2.84509900512614 4
quiesc_diff -4.481193019900328 -0.38578308225155555 -0.2639932564041855 4
quiesc_diff -2.2716658405618357 2.0075706402561133 -5.15203869496647 4
quiesc_diff -2.1517066512820815 -3.76018404319877 2.687896182038208 4
quiesc_diff 3.584079078628628 -2.0098961654232594 -2.1801145804678312 4
quiesc_diff 0.513679226887714 -0.5870615726968527 3.7006677874948517 4
quiesc_diff 1.2703940112879408 0.5421278777543184 -7.810968773946327 4
quiesc_diff -0.9594419541647884 -1.937829587776123 2.92694518186011 4
quiesc_diff 1.205798409030984 6.843043131843363 0.08569074307464217 4
quiesc_diff -3.326098248355393 4.003357291236165 -0.841618154952952 4
quiesc_diff 3.386362617723089 0.3774954332034184 5.072842190711688 4
quiesc_diff -1.4985962696659318 -5.410526497665822 -3.6089616895373817 4
quiesc_diff -5.381751410667344 -3.1329894588788614 3.6657400076386897 4
quiesc_diff 7.4942843065648495 1.2296497069687695 1.0511698790321233 4
quiesc_diff 2.4962505474524495 4.018147220364665 2.720264983526724 4
quiesc_diff 1.5105646252254332 7.071405135054703 -3.26780055052128 4
quiesc_diff 3.891612604854358 2.89865669732002 -1.9377912906699999 4
quiesc_diff 0.05327890585055141 5.110576166793445 -4.01251129981566 4
quiesc_diff -4.950754366479669 2.3344906914775923 -1.6517174903164875 4
quiesc_diff 3.1480768327582176 -2.347589978208504 2.2309171375546195 4
quiesc_diff 5.511354668886864 -3.522704234486633 -0.7548200482523465 4
quiesc_diff 2.126447308278662 6.391722957465269 1.8636613661009744 4
quiesc_diff -3.6019318959266915 -1.7647560095485666 3.7556352080019875 4
quiesc_diff 4.510324190164337 7.509325263321603 -2.4419090863931627 4
quiesc_diff 4.31952515976355 0.750532001744149 -3.261167237734772 4
quiesc_diff 2.6123612757774985 4.156093341638935 -4.4049380215789355 4
quiesc_diff -5.036868141898956 5.019038104077023 -2.9783560792247443 4
quiesc_diff -0.49714762046976163 10.423591327673616 -1.1011865430863759 4
quiesc_diff -1.7493714506117053 7.7330132836607985 3.553149835028705 4
quiesc_diff -1.137474440535689 3.6494935816111993 -4.848847885532498 4
quiesc_diff 2.088477636133212 -5.432064709593693 -3.2029771304849954 4
quiesc_diff 4.648587640838144 2.137017651837906 3.2193975064344325 4
quiesc_diff -2.7933442781720546 6.678697429012572 0.4976901473051268 4
quiesc_diff 3.377658495891235 -4.40763873769862 -0.6037753890223014 4
quiesc_diff -4.009121462388249 2.86461149395581 1.6356716624633103 4
quiesc_diff 1.207378962701118 -6.592434010311931 -1.4869312289252352 4
quiesc_diff -0.48826784066123396 -1.7668856231453829 -5.420240206282273 4
quiesc_diff 2.746677420004926 2.232466858198479 4.252628487520557 4
quiesc_diff 5.207809827971603 -0.6300703581977174 -0.9684479311126285 4
quiesc_diff -3.7491901033830217 -3.450953445129691 -0.24607139765315167 4
quiesc_diff 0.14048775877173725 -5.482760793145051 1.4105319221455506 4
quiesc_diff 4.209162463275592 -0.8614268413144384 1.4091224458589233 4
quiesc_diff 0.9887573073803918 -3.5737169207048627 0.37012160892504603 4
quiesc_diff -2.0421451429603437 -2.8313607164909893 -4.379415654445377 4
quiesc_diff 3.372087022590679 -2.803002397724163 -5.527956722678228 4
quiesc_diff -0.1241960203361403 1.9067125197756623 -8.250317608534774 4
quiesc_diff -0.01971536763431625 -4.258394381112443 -5.106388188639991 4
quiesc_diff 7.092481232772128 -1.1135113349314314 -0.5055240519035633 4
quiesc_diff -7.370846440312424 -2.9366092771479413 3.7359951659159947 4
quiesc_diff -2.8445353110924443 9.046239655410117 -2.056251627518726 4
quiesc_diff -0.46491906064002 -1.7906454636532432 4.9630984624540995 4
quiesc_diff 3.428159575271033 2.4459002455922185 -5.045026069254881 4
quiesc_diff 1.1997744696654746 5.261194210574276 3.6461015132609056 4
quiesc_diff 9.198408360852833 0.9658187803509806 0.03807834824278333 4
quiesc_diff 0.9502175950637762 8.363492387983989 1.8704012687066198 4
quiesc_diff -0.15311657580778126 6.785894440664917 -5.085222624629253 4
quiesc_diff -3.909976919230976 2.041904417710639 -6.2986676677539455 4
quiesc_diff 1.1370371063512188 1.7781112638889174 5.349268380366153 4
quiesc_diff -4.6551698154878896 6.205733932584907 -4.542344377843688 4
quiesc_diff 4.715970274420474 -0.7476682026867707 4.089912756966794 4
quiesc_diff 5.92339529015973 -1.4348293329344104 2.2650519977712427 4
quiesc_diff -3.057141962743075 1.5492844290061256 4.1460632955170444 4
quiesc_diff 1.878527703264511 -4.389576443693303 2.7264205603733096 4
quiesc_diff -4.2295078813333475 -0.3274388893185267 -4.249353521590151 4
quiesc_diff -5.137587263061692 1.7864152198477294 0.38504872519968525 4
quiesc_diff 4.837011736708037 -3.391864522143852 2.7993716087680895 4
quiesc_diff -2.000382624360892 5.903125740577387 -3.920738498962471 4
quiesc_diff -1.1217310698976153 7.775807703173122 0.4523213446561898 4
quiesc_diff 4.725538064927564 -0.8915253433391775 -5.336752536614609 4
quiesc_diff 4.598369839817504 4.857808232858465 1.843456158735807 4
quiesc_diff 3.270974149175366 9.069407137161228 -2.6155639821424073 4
quiesc_diff 3.955228504114019 -4.8260573049577795 -2.8182743589595645 4
quiesc_diff -3.405707796939271 -5.399256942644518 0.047413502693649356 4
quiesc_diff 3.6036180218059024 -0.9917059500695186 -6.992056053721919 4
quiesc_diff 2.453842001353795 7.163959282095697 3.679278003463479 4
quiesc_diff 1.5605579472978985 3.7206518523637855 -7.555857564788008 4
quiesc_diff 5.198688991764076 -1.349726485478973 -3.1584860958376315 4
quiesc_diff -3.7216903042370673 7.636438799451719 3.2359248224056656 4
quiesc_diff -3.179986713107003 5.102743960503451 3.239503787422464 4
quiesc_diff 2.4552715272655035 0.6035743495889511 -6.199043233055697 4
quiesc_diff -1.08820463264539 5.454239742755863 4.6622461335051675 4
quiesc_diff -0.20790390576419726 -3.6235150320556118 3.6974353795592716 4
quiesc_diff 5.477268450074856 5.3905955165047565 -1.7885188713178262 4
quiesc_diff -3.5765182987968234 0.7331708192256201 2.0058490598178773 4
quiesc_diff -0.7128720825011572 -3.056583603512082 -6.932269324383366 4
quiesc_diff -0.5818429316522701 -6.753054160814525 -2.443979805162654 4
quiesc_diff 2.165779420384321 -4.169518624893579 -7.369319801953159 4
quiesc_diff 2.2595289655398183 -4.433944802929443 -5.208204567729384 4
quiesc_diff -6.234040002987397 3.0000724014160545 -3.0338097312788435 4
quiesc_diff -3.586946209049215 3.9684314258443547 -5.5854637801431455 4
quiesc_diff 2.9884445546026175 7.7122629608272035 0.3438178601698858 4
quiesc_diff -4.860084889269981 -0.8506433766110824 2.213920386668898 4
quiesc_diff -2.1952315434877683 -6.978856803512302 0.374009709115374 4
quiesc_diff 3.5804349583240658 5.06061655287225 -2.382069124075172 4
quiesc_diff -2.364544922595441 11.080548236709614 -1.3862039735772198 4
quiesc_diff -5.167828854249226 4.668943742927887 -0.43538786233759397 4
quiesc_diff 3.157144838906476 -6.395289562818929 -0.6286334758707228 4
quiesc_diff 2.8036746924738165 -2.7500714443177863 4.6018775498867175 4
quiesc_diff 5.6695867399232815 1.975988315818461 -4.083110393963965 4
quiesc_diff 2.216143178016974 8.187878109071965 -4.769681705649623 4
quiesc_diff -3.5863423409316386 -4.911767538638968 3.4725463531421683 4
quiesc_diff 1.7153698933565882 -6.595688813710806 1.9407559155719643 4
quiesc_diff 5.529432100996097 0.6117666685140968 2.0135027299516293 4
quiesc_diff -2.441127916323647 -0.7952102213363585 -5.158347404866747 4
quiesc_diff -1.5478602566348114 5.333017950837451 -5.847511582762955 4
quiesc_diff 3.1504316544810393 5.016469343283011 4.325070273304476 4
quiesc_diff -0.9390796813905824 9.968690259714686 -3.0317172759833113 4
quiesc_diff -5.389094782695812 -4.699805144579153 1.7309019427045822 4
quiesc_diff 1.54735608339986 -8.371646369694254 -0.6390993248177151 4
quiesc_diff 7.214367715705232 4.23421550492403 1.85251419639762 4
quiesc_diff -5.6649655190045785 -1.7826757526634736 -1.0685885196974374 4
quiesc_diff -3.732059684037433 -3.7614271896174802 -4.907776515431749 4
quiesc_diff 6.570728054187625 2.3100649515044167 2.694582430958493 4
quiesc_diff -0.7116766475095856 0.27229238180410076 -7.182883040789558 4
quiesc_diff -3.169917601978445 -3.3800475158364103 4.852994310364904 4
quiesc_diff 6.585800521791654 0.8888444995162648 -2.0545421464093403 4
quiesc_diff 7.292502560977871 -3.0371552703691687 0.014435689421555487 4
quiesc_diff 5.887908904592374 3.0127423538941747 -1.8955355618708425 4
quiesc_diff -4.396196225025774 -2.7227770973987275 -3.0510339697621127 4
quiesc_diff -4.5336899420112315 -5.5713074540680445 -3.634622742427405 4
quiesc_diff 4.915858322105832 -2.7973038280308793 -6.799466730934847 4
quiesc_diff 1.0702306688866787 5.084602524053361 -6.177736479671246 4
quiesc_diff 0.18686398115770264 8.442131156496963 -3.8751939807094486 4
quiesc_diff 0.16949772361463122 10.054774934725714 1.14236292534052 4
quiesc_diff 1.5777346577586138 -7.702962149395185 -3.108524245511938 4
quiesc_diff -5.207365608523585 -4.7212695109728875 -0.7559942242345137 4
quiesc_diff 0.11759345403787624 7.114332853447173 4.190452750762848 4
quiesc_diff 5.028667458266483 -5.352211357539259 3.146226577521783 4
quiesc_diff -5.261866136374591 1.4345086041390442 2.8229952999883086 4
quiesc_diff 2.1663315908513603 9.542764571208371 -1.0169090606625715 4
quiesc_diff -2.379511485238693 -7.167983092983373 -1.6718258356101323 4
quiesc_diff 8.802697331961507 1.8371940152357285 2.4364298793442614 4
quiesc_diff 4.8250805096259946 3.839835759883919 -3.4353959257297983 4
quiesc_diff -2.3735262001271202 8.153772570802326 -4.047619595086612 4
quiesc_diff 4.382872959333005 5.750523539599037 -4.079161226526404 4
quiesc_diff 1.2075136266052116 -0.23648188289446037 5.543406973290475 4
quiesc_diff -7.327291511451428 -4.0559802893154115 2.0791573629639117 4
quiesc_diff -3.5673212385960236 4.730122358269642 1.005981370463526 4
quiesc_diff 1.3955061206469228 2.896935864367258 6.98677419165767 4
quiesc_diff 1.1339598738528391 0.7569549630835664 -9.794711461280368 4
quiesc_diff 6.248786849831134 -0.3073667050586699 -6.493675967361892 4
quiesc_diff 8.620252600530607 -4.477802964999526 0.4164481922419829 4
quiesc_diff 0.8499295046289219 11.12417940004841 -2.402939043326739 4
quiesc_diff -4.638083514039344 2.649615098712358 -4.502251876258445 4
quiesc_diff -1.9326465781918396 -6.082226274214302 2.1423713321810083 4
quiesc_diff -1.3391942178872736 -0.8430119026135816 -8.719866466863778 4
quiesc_diff 6.044069446346569 -1.5967631180007105 5.320843467574518 4
quiesc_diff -5.312664338962047 6.167576563170648 0.8810931866939631 4
quiesc_diff -0.2644274738987453 3.5255900379270964 -9.416323920977193 4
quiesc_diff 6.866634626560995 4.28926129067698 3.821283268733186 4
quiesc_diff 2.7609077693001143 5.878642148119532 -5.410303402201526 4
quiesc_diff 2.5300374336696745 -9.453018652478827 -2.0047388635896324 4
quiesc_diff -1.7974338593123707 2.3714026956991883 -7.060632487105666 4
quiesc_diff 7.275055569492116 4.465683094836207 -0.8998522567003462 4
quiesc_diff 8.63561408314749 -1.4533304897100365 -1.731600700461054 4
quiesc_diff 7.203350572381782 0.6924436280866821 -4.092140390516651 4
quiesc_diff -1.2478845777205265 7.404695574215619 -6.640397270482362 4
quiesc_diff 3.0881228061672568 9.24851495646593 1.6205300642554608 4
quiesc_diff -3.0343255140662913 -1.774385498819775 -6.798265813202244 4
quiesc_diff 7.3717675696539775 -0.10939092354022661 2.6464058529966152 4
quiesc_diff 2.44637254250547 -8.280898648585573 2.731769783578509 4
quiesc_diff 6.348581254139022 7.236836774277444 -3.1812067193432503 4
quiesc_diff -1.8123761623558157 -5.168800257705491 4.359664258833606 4
quiesc_diff -1.1634969256431527 4.469869021915471 -7.6102477389388685 4
quiesc_diff 5.041297198485129 -5.388124114955845 -0.08324230437113067 4
quiesc_diff 0.561703279319347 4.0567210020468885 5.57808539040684 4
quiesc_diff -0.5260556746689649 -3.8410782332927496 5.65994543186734 4
quiesc_diff -5.317531061217537 4.217400094724285 2.31244882174268 4
quiesc_diff -4.229226299158676 7.837533629671096 -1.2677970562780325 4
quiesc_diff 5.011936558397374 -2.9896123838627573 -4.2880425437027325 4
quiesc_diff -2.981213044651551 -2.1563517964838645 6.423650025816994 4
quiesc_diff -2.3676518680466585 -3.4532891162550206 -7.9831397243420605 4
quiesc_diff -5.843485951125167 -4.955596536618505 4.347579178060541 4
quiesc_diff -6.2947542308413045 -3.1516412614303104 -2.591085029809813 4
quiesc_diff 5.014292995006844 2.626283096471067 -6.249867470396956 4
quiesc_diff -1.9568265435538394 -4.219657476829685 -5.816549204895158 4
quiesc_diff 2.0933084099440364 -5.669620455657334 4.248050139302844 4
quiesc_diff -5.72313197516419 0.8796249335387831 -2.786088882753689 4
quiesc_diff 8.207628195871566 1.8896437255607095 -1.4478495514838827 4
quiesc_diff 3.7700893684726315 9.435081814239963 -4.9421176502307 4
quiesc_diff 3.2908595016781756 1.340220665083225 -7.860110643754504 4
quiesc_diff -1.942864803687176 11.470622397988441 -3.8899802195364153 4
quiesc_diff -3.393959289191547 8.461936613098699 1.1754213778662526 4
quiesc_diff 2.1833498906387527 8.218362122742423 5.357094640547829 4
quiesc_diff 5.52509940710956 5.929096656295301 0.2801306986335852 4
quiesc_diff -3.4478422143403487 1.2890806017615295 6.090194793561632 4
quiesc_diff -0.10991021755622765 -7.09116564285608 0.010780166024281196 4
quiesc_diff -6.869558452409982 2.1570117798340918 1.313991128685362 4
quiesc_diff -5.74959171596044 5.4257464934476705 -6.023512936298189 4
quiesc_diff 6.831187728332833 3.638804222317699 -3.54425372989983 4
quiesc_diff -2.9099463490377886 10.576643321357134 0.4708412925157375 4
quiesc_diff 7.599279512604061 2.515625103946486 4.3974702490831685 4
quiesc_diff -5.690655089015155 2.946940743335692 -6.198196254142051 4
quiesc_diff 1.972057216480086 -1.7474213642489285 -9.410717489316553 4
quiesc_diff -3.8422195714015452 -6.500065702042685 1.65914472904253 4
quiesc_diff 4.887364155848317 6.774357565978798 2.3367318818541163 4
quiesc_diff -6.764536591379511 -6.13821915588218 1.9287022536549103 4
quiesc_diff 6.44059719438428 -4.974114437314849 -1.7696681905541096 4
quiesc_diff 3.6773942305260916 -8.271257083465999 -0.17028161103683026 4
quiesc_diff -0.1595647992799833 -7.1298298724252565 2.5046671562394334 4
quiesc_diff 1.308047665524396 -6.105800221885217 -5.755546137344899 4
quiesc_diff -1.5829357086630864 8.97902736970768 1.9818809921514027 4
quiesc_diff 5.171440305720035 1.1554898311584867 5.529156078913671 4
quiesc_diff -6.312061071209668 0.18601769519716815 -0.8305319131644929 4
quiesc_diff 4.808129969994815 -0.037859720257697904 -8.272418633831133 4
quiesc_diff 3.4163828114080146 3.2627042256141037 5.830635349199605 4
quiesc_diff -5.833098040306575 -3.06389957500796 0.55896648108382 4
quiesc_diff -5.400568287961136 0.3925766344255519 -5.702004604815679 4
quiesc_diff 0.2698037301780518 6.157409739400113 5.951185714060021 4
quiesc_diff 3.0829307208780055 -5.888366382209714 -6.9172181771252506 4
quiesc_diff 5.095346231943706 5.381533102119087 4.03518109041265 4
quiesc_diff -5.326954707281754 -1.2947553248910761 4.651958618789727 4
quiesc_diff 2.9032848992177063 -2.9730706835660357 6.5869088206749495 4
quiesc_diff 10.39160200218866 -0.3349518916178955 -0.9022857265821674 4
quiesc_diff 3.4991614256654655 -6.275123752528556 -4.3428116342953835 4
quiesc_diff -2.6372920875439743 9.331869500808962 4.362628518748332 4
quiesc_diff -3.508025951639454 4.020142014252127 -7.583236942445838 4
quiesc_diff -7.857595188669748 3.421635983181314 -1.944611537388865 4
quiesc_diff 5.095443910110556 -5.0043506804585425 -4.451712542724318 4
quiesc_diff 5.950294422878488 -4.301527049266174 1.4009687091346552 4
quiesc_diff -7.4675671232010075 -1.2323938842091477 -1.7377800631279252 4
quiesc_diff 5.530227337245588 3.0333825778416115 4.774788571456011 4
quiesc_diff -3.476889131850412 6.62948880028712 4.946516557794485 4
quiesc_diff -5.2718690234358645 -4.322583962156923 -6.054114281944953 4
quiesc_diff 6.44538769837942 7.014141787288388 -1.135186928361743 4
quiesc_diff -1.4488811023148835 1.899916463869278 5.415000102572954 4
quiesc_diff -6.825464571986998 -0.7675751807526976 2.575005387188152 4
quiesc_diff -0.7480190059722699 -5.930947491398838 -5.926229577967831 4
quiesc_diff -6.410251919089832 6.4427815564529585 -2.683785913787758 4
quiesc_diff -2.6398903231387374 -6.211999076406442 -5.042520055644069 4
quiesc_diff -3.000019759572333 4.591978160430003 5.164790829167352 4
quiesc_diff 0.4274908747573488 -1.693273532074138 6.750309478015669 4
quiesc_diff -7.0964294886970425 3.636328064097316 -4.722437312080331 4
quiesc_diff 7.848631883320357 -3.2127410792260944 1.9275195350903611 4
quiesc_diff -4.447344206040184 2.1338147819319784 7.602616670367116 4
quiesc_diff -6.805645640218033 -1.3167092640847387 0.5974006237499287 4
quiesc_diff -6.405024129044603 6.353238845924375 2.546109584743385 4
quiesc_diff -6.2638826803929835 1.8517386828447167 4.502841098547419 4
quiesc_diff 6.488745781158126 -3.6698793842443953 -5.925031519009635 4
quiesc_diff 2.1376994091440533 5.647639402921016 -7.772571882340846 4
quiesc_diff 1.23443008311044 -6.665595947714022 5.754821800477144 4
quiesc_diff 4.287720887687922 -2.0445041760618685 -8.548853781186656 4
quiesc_diff -5.078847892993176 8.336383477673586 4.5275132733878625 4
quiesc_diff -7.000763666628612 -0.9972292282969827 5.705448907997781 4
quiesc_diff -5.392910732249027 8.516328323557428 1.210559251048759 4
quiesc_diff 6.849866910703062 -2.079192455844489 -4.019584741805104 4
quiesc_diff 6.568461964318172 -6.075254044533757 2.0944461099731546 4
quiesc_diff 2.426880532286966 10.195712294046473 5.532534449662687 4
quiesc_diff -0.3429087433645477 12.31282974157707 -0.4632299738585953 4
quiesc_diff 7.242813866583676 -2.1344571520522604 3.5953360031264188 4
quiesc_diff -3.1481123025799165 0.22974349063077604 -6.7234809346061875 4
quiesc_diff -2.8390265048915406 -6.446921323835338 5.5052626240936045 4
quiesc_diff -4.182956094611379 -2.5134706269511473 -8.259224732135863 4
quiesc_diff 3.35864846876856 4.018958968363549 -6.278174260181597 4
quiesc_diff 2.4120711426191757 5.670115192413114 6.065061899272278 4
quiesc_diff 6.463905599699782 -5.910156761422048 -5.594878299653793 4
quiesc_diff 1.8907433807448193 -7.972990772200447 -5.33833497704682 4
quiesc_diff -0.7764999588312805 1.6594078391806995 -10.124708167297689 4
quiesc_diff -6.721323543347478 2.3075015238041128 -0.7220098078947812 4
quiesc_diff 9.510516741281105 2.30461437160537 -2.9073977011390735 4
quiesc_diff 0.7403695499190489 7.163175109497463 -6.8343200604683565 4
quiesc_diff 5.409527429808469 4.632673001567927 5.969653280501339 4
quiesc_diff 0.09644095653675355 -8.972963457618386 0.655959348349826 4
quiesc_diff 3.103761736363555 4.1719687851870395 7.584347419108084 4
quiesc_diff 0.2136196873582744 -3.4798718970640166 -8.653443348392743 4
quiesc_diff -0.30656557211080304 -8.241346954926716 -3.7513462168153335 4
quiesc_diff 1.3330263632711914 -0.7439599893488584 -11.101473428264189 4
quiesc_diff 8.579916932598495 -1.27176870406545 0.8220638525294437 4
quiesc_diff 4.430792856795792 9.43452837083904 -1.0276385902642882 4
quiesc_diff -1.9459218734293378 -0.5086167597496118 5.366872001554056 4
quiesc_diff 5.348930549382768 7.348583267082671 4.292879834037253 4
quiesc_diff -3.625024253161062 5.857476282978038 -6.241253068172006 4
quiesc_diff 8.103619769268686 4.837642978325578 5.294085116020224 4
quiesc_diff -1.4258485367556128 10.89559827710497 2.5314986568424485 4
quiesc_diff -6.882486643574845 4.422811627988512 0.5642959114131106 4
quiesc_diff 9.25110256289058 4.590446901856481 -0.6175894849101242 4
quiesc_diff 0.1901419501619726 5.068441398175985 -10.605010725348833 4
quiesc_diff -7.025923372029405 -3.4729578401868215 5.631610711297588 4
quiesc_diff -5.745996199574704 6.164083877369319 -7.88223426553656 4
quiesc_diff -0.5707152002955483 -3.5051892593954146 7.631032473066942 4
quiesc_diff 8.483920059967822 2.8845554988398785 0.5202198855129693 4
quiesc_diff -4.72022400993085 -6.542978929275073 3.70376434501691 4
quiesc_diff -3.8775328671380533 -7.993277969703332 -0.6350904277880018 4
quiesc_diff -4.2713060425926495 8.03465401536542 -5.254875033086498 4
quiesc_diff -4.363010735837568 -0.5779702934574396 -2.251226766483616 4
quiesc_diff 5.095509099998598 0.6070845390702035 -10.143637524821242 4
quiesc_diff 4.921873688248642 -4.001176859064032 4.702405219941993 4
quiesc_diff 3.7893114539186117 -4.508835333097043 -8.486910025434904 4
quiesc_diff 9.16625849424816 3.8973023122079793 2.129302724362491 4
quiesc_diff -3.1404049170904966 -5.185711979122433 -7.107239304142933 4
quiesc_diff -3.5914356933293963 12.519419208275615 -4.316875139341874 4
quiesc_diff -7.083026876225546 1.3024293834415213 -6.286385536985281 4
quiesc_diff -3.6915263901676165 -7.511627994554006 -3.944783175677552 4
quiesc_diff 2.2973129499674947 -0.07569871564603875 7.212684124613369 4
quiesc_diff -0.7378427464017838 3.5829700537392197 7.0226407427592505 4
quiesc_diff -0.5420732989612546 7.930466596092599 6.395173408136888 4
quiesc_diff 4.750908329998053 -7.78153993534035 -3.9380401288055236 4
quiesc_diff -8.731312299294453 -5.459229037810777 2.3233265198016255 4
quiesc_diff -9.204528282278925 4.5639672100952025 -1.006075118618757 4
quiesc_diff 10.43274564622953 0.7712573260913205 2.8910962052227416 4
quiesc_diff 1.5734291633440647 -9.500599406407092 -3.9851551569681543 4
quiesc_diff -4.3459715652066055 2.785015000234078 5.047111691079866 4
quiesc_diff -5.1690494000891 -2.372314542257097 -4.98144203589537 4
quiesc_diff 5.452184481764793 4.43232332547352 -5.2397515150606395 4
quiesc_diff 10.914079347798038 1.9723536789939404 -0.17015364345942907 4
quiesc_diff 9.71614275549682 -2.810031404027513 -2.727502511545417 4
quiesc_diff 4.15435238493135 -1.032333712979404 6.2655590456428225 4
quiesc_diff -8.85079271893882 2.4297598180318696 1.2961224748132096 4
quiesc_diff 4.718329303823795 10.189097320504617 0.9439714256602543 4
quiesc_diff -2.079792286397543 -5.076502844311252 -9.11553278962575 4
quiesc_diff -2.5165103796492176 6.827325619728402 -8.074702855194426 4
quiesc_diff -5.544039367343649 -6.275019285879772 -5.716594489078859 4
quiesc_diff 4.568320190978645 2.5781564193697717 -8.774227296896196 4
quiesc_diff 4.977100619506287 7.849288063202309 0.16804907825884313 4
quiesc_diff 8.238485386195746 7.89978565009139 -1.1560586850468437 4
quiesc_diff 1.0356578765596494 9.662557582968173 -5.426777514731079 4
quiesc_diff 5.913751863686888 0.6665548850949716 7.320779970646166 4
quiesc_diff -7.1135293686561685 -5.154063698096571 -0.33263986775620935 4
quiesc_diff 6.5917374986383255 -3.1143710163064187 6.50275969620457 4
quiesc_diff 3.50233484134766 -5.698578665733673 1.8966009945810631 4
quiesc_diff 1.5295677916332058 -3.993535995924031 5.513166479990127 4
quiesc_diff -5.912094051385656 4.380894971423207 4.215016632890432 4
quiesc_diff 4.696301827992504 -6.482079212083701 -1.9766082899305708 4
quiesc_diff -1.2160798984657335 -0.777450477121042 7.428500635008488 4
quiesc_diff -7.651321623612892 1.318282608313972 -2.4866491993847473 4
quiesc_diff 2.328555060139989 9.157649719212694 3.5818017329689145 4
quiesc_diff 2.172867224724089 -2.7132753963150313 8.430545560792021 4
quiesc_diff 0.7295265662441393 -10.323151833412124 -1.9726629579680093 4
quiesc_diff 6.901934643481512 2.2040394240378536 -5.741419549726658 4
quiesc_diff 2.2562491985372692 3.514078195786735 -9.419547723413466 4
quiesc_diff 0.024852021778158262 11.141510329887616 -4.333765183944372 4
quiesc_diff -5.270462335237357 -7.897090479268012 1.5672514247752067 4
quiesc_diff -8.668363313978551 -1.1858948464006271 3.22978235997977 4
quiesc_diff -0.01410599498512971 9.038426172419074 4.720094285213017 4
quiesc_diff -9.452461029375613 -0.988455571508732 -1.7115068671329685 4
quiesc_diff -4.866093363932154 4.2683109827250165 -9.030325421688111 4
quiesc_diff -4.574474267475123 9.925448264357371 -0.4265392323909204 4
quiesc_diff -3.840692230628737 4.815255932406703 6.9657396993324765 4
quiesc_diff 7.874146249177436 4.22344338934005 -5.147511216450587 4
quiesc_diff -4.081403544034252 10.017881821992555 -3.291593067954687 4
quiesc_diff 8.70038614875758 0.867858158328012 4.666595254881303 4
quiesc_diff 10.418715983025697 -3.6093121662327077 0.31036711814441365 4
quiesc_diff -7.757729622608407 -7.776191719143176 1.353712267026828 4
quiesc_diff 3.1519014130453002 -9.04062464440621 4.442046201035387 4
quiesc_diff -0.006393068292894544 1.3349968524113645 6.9292104850188 4
quiesc_diff -0.292624638824891 -8.667711142018783 -1.3649206474789528 4
quiesc_diff -4.414789882078136 -2.039261627767548 7.8133073014011485 4
quiesc_diff -6.906298696749966 3.482830128975529 -7.693198991708792 4
quiesc_diff 8.503121445944025 -0.8102172671321854 -4.321500173868656 4
quiesc_diff -7.884030290544972 0.5510203549019385 0.35085956804349305 4
quiesc_diff -7.145958955756161 -6.398365062742098 4.818729952478525 4
quiesc_diff 5.022766862200559 -9.025774955601658 1.1027758356517294 4
quiesc_diff 4.4035728017279965 7.463108872365515 -5.111935642610552 4
quiesc_diff 5.652139088008328 -7.275299826605325 -0.3390547735043035 4
quiesc_diff 3.9990161851905364 6.2214454761098095 -6.943135235384834 4
quiesc_diff 9.112008277515079 -0.7584883370836628 3.3881840047605483 4
quiesc_diff -1.018016832995866 -7.511796665252969 4.270215647498163 4
quiesc_diff 0.27197881814207137 -5.951952070348891 -7.646451437631619 4
quiesc_diff -3.0419856036480155 9.664830934464248 -5.174502307462591 4
quiesc_diff 6.812656689333444 6.321176594990234 2.040293577918405 4
quiesc_diff -6.170218831332335 -0.7908509180438478 -4.111911533148813 4
quiesc_diff 1.5696165636195811 11.220418159049487 -0.1061897759872078 4
quiesc_diff -3.7480382063129154 -4.777828392961044 6.161422828239931 4
quiesc_diff -1.615672349429674 5.034168920539326 -9.474946913212452 4
quiesc_diff -2.017035242111258 -8.94379969520646 0.7014933126077264 4
quiesc_diff 8.234917946021051 -0.09359433465733555 -6.5915771542823585 4
quiesc_diff 1.5412935208081775 -3.500101487024141 -10.272433814866757 4
quiesc_diff -2.242749345511374 -7.9703705459640615 2.7243915060232364 4
quiesc_diff 3.0323912965434747 1.803203278763929 7.3394155847464155 4
quiesc_diff 8.28085477443507 -5.00090015559591 -2.5524418260080473 4
quiesc_diff -7.546954832853737 -2.458933778241956 -3.988278643828485 4
quiesc_diff -5.872302784499726 8.7964598145921 -1.884854780637879 4
quiesc_diff 2.4804560110660074 7.547306968369272 -1.58469979752992 4
quiesc_diff -5.142078416462087 1.6627078176680155 -7.827764080357471 4
quiesc_diff -2.810252754510987 -0.8841744663919678 -10.07422698946095 4
quiesc_diff -1.9829459433791006 5.8337580184891085 6.410217490607733 4
quiesc_diff 1.0356761804446153 11.54945411136005 2.150166993530031 4
quiesc_diff -1.0281202538123675 9.284113466795962 -5.2223684675216635 4
quiesc_diff -3.8501920100597085 5.840523059344146 -1.5104192787369555 4
quiesc_diff 6.641115440100318 -2.4210017898703784 -1.9835968072097052 4
quiesc_diff -3.9730665661229505 8.117099866212955 6.187814777503883 4
quiesc_diff 2.391544030818448 12.387239220909962 -2.2352949513740805 4
quiesc_diff -2.693780762446859 2.472670619752666 -8.845655466453302 4
quiesc_diff 6.341177040226102 9.277626150143405 -0.14682522655129515 4
quiesc_diff -0.9732971646760198 -1.8378884742620267 -10.415844047386692 4
quiesc_diff 0.9490857068488607 2.934199070057158 -10.89200765514034 4
quiesc_diff -4.932274363378831 11.215417047674217 -1.934416501682097 4
quiesc_diff 8.098466870229872 5.931754656860854 -1.982731753615846 4
quiesc_diff -8.230375402715302 -4.97796746818666 -2.359878554431643 4
quiesc_diff -0.6248101917323127 0.4779603169009763 8.868758900790143 4
quiesc_diff 7.1029180532779375 0.06597525314215591 -8.263160544730479 4
quiesc_diff 4.8460872447472205 2.7297930630818374 7.12367476319236 4
quiesc_diff 5.9339507455128935 6.468191943066641 6.5661852589777805 4
quiesc_diff -7.858434575633015 4.19415254547176 3.7944386614959646 4
quiesc_diff -0.9168269449726636 -5.656888546675255 6.401653406827137 4
quiesc_diff -6.839296220964477 3.142495663516832 5.918060401049043 4
quiesc_diff -7.9211999854385855 0.9317520780488249 2.494155841422668 4
quiesc_diff -8.786625487176394 -3.9680378462568964 0.7143824826251577 4
quiesc_diff -5.911225792406347 -4.1089117889230025 -7.937081919573682 4
quiesc_diff -3.229066211397992 -8.43369155612999 4.401446270068353 4
quiesc_diff 4.058336160268283 11.240241665459145 -4.130753552820756 4
quiesc_diff 9.009298657208731 -2.648146501130016 4.379972694299109 4
quiesc_diff 4.8147056173819855 -7.318571463980679 2.8501720851711263 4
quiesc_diff -0.4202110566947498 6.175817568763252 -8.343231826439794 4
quiesc_diff -7.883348155637675 5.993421827423098 -0.16471700692466262 4
quiesc_diff -3.876792492198344 10.037313679883635 2.309025892466598 4
quiesc_diff 4.796855657036035 -5.06631113427453 6.39055789895048 4
quiesc_diff -0.3376395855893789 -9.111014408631984 2.7125065268509534 4
quiesc_diff 4.4789351582069274 8.175159904336788 -6.979368062564374 4
quiesc_diff 8.775837146023875 1.46426448028702 -5.057323558534046 4
quiesc_diff -5.366349984315765 -1.0155141042401747 -7.12190234035139 4
quiesc_diff 8.194118336865824 -2.2900267107260364 -5.630958492880934 4
quiesc_diff -9.161680957890388 1.6083935486661969 -3.7651836430540566 4
quiesc_diff -5.335354957704717 0.7038287829165062 6.3980518256003815 4
quiesc_diff 8.281991964060783 5.5637762161021 3.2110576448414037 4
quiesc_diff 5.024738603846816 -4.792904207151879 -6.875125247310249 4
quiesc_diff 4.470405373441303 -3.5161918355083417 -10.08402303317233 4
quiesc_diff 6.803744091469221 -4.039866189360733 -3.627626585562124 4
quiesc_diff 2.552545371020831 1.6211813474436916 9.272448410199146 4
quiesc_diff 1.6903371806847352 6.3305401505131424 7.809464078504175 4
quiesc_diff -1.5507726657906047 1.840192920993263 -11.959869884817948 4
quiesc_diff 10.005314362277648 5.8681367758204965 0.7235567217486194 4
quiesc_diff -4.191128285727567 -4.931922687451417 -8.789966673039359 4
quiesc_diff 2.69946573479887 1.0593418311366822 -11.00208612615149 4
quiesc_diff -9.050943811351742 3.7615426399789023 -4.3172274003994335 4
quiesc_diff -1.3534420630262174 4.468714935742716 8.706830009254006 4
quiesc_diff 2.227031428790056 10.30086537434151 -3.796112247413823 4
quiesc_diff 6.365524340514456 -6.656065301611684 -3.0644617011678847 4
quiesc_diff -9.275727399756217 -3.5372822065500307 3.8390512779715333 4
quiesc_diff -7.293436198464232 -3.015351094513657 -0.8067038703811276 4
quiesc_diff 5.468599044695644 -6.1503494400231045 -8.3519813850202 4
quiesc_diff -0.20649178486492037 10.940508583775713 4.1326675167898905 4
quiesc_diff -0.48348005623801726 10.392665629693917 -6.795416196397185 4
quiesc_diff 7.954204386818795 -1.0135851830084968 5.214598442630355 4
quiesc_diff -0.09879751392208791 -5.255882341471784 -9.518418720122291 4
quiesc_diff -8.54575719567305 -6.5359891219830075 -0.135141578308432 4
quiesc_diff 2.4842733146530414 -4.640390757205474 8.86557732167306 4
quiesc_diff -7.142187351596481 9.476103985598852 1.347898202396467 4
quiesc_diff -2.31676700185959 9.607263183391334 -7.037495580036715 4
quiesc_diff -6.766856772873547 -2.7506400274753537 -6.1233183105898 4
quiesc_diff -9.385939022539361 -3.216049762364739 -4.200204424874806 4
quiesc_diff 1.9180277016466707 -5.197936085666365 -9.066663789552665 4
quiesc_diff -4.734888949552076 7.112527883014321 -9.323801501952449 4
quiesc_diff -2.6944384372818293 -10.817946213942921 0.5320833439497411 4
quiesc_diff -2.888793354795688 -3.615402456714439 7.788431976096112 4
quiesc_diff 0.37572246485712274 8.791294848133935 -7.937161218576878 4
quiesc_diff 5.960455446939929 8.414561791775366 1.9389817358297299 4
quiesc_diff 6.997981822170907 -5.783038958065267 0.04096538509900145 4
quiesc_diff -2.729455094659981 -2.9215533913729175 -9.876907277157425 4
quiesc_diff -6.095962731973953 -5.450432766679448 6.2688788893370795 4
quiesc_diff -5.023368039699863 -6.689021131424567 -2.0500308403610705 4
quiesc_diff 6.071984761212813 -2.724525833665703 -9.143810060944826 4
quiesc_diff -4.24358832644735 -7.560100176754753 6.39297819275332 4
quiesc_diff 6.482387428762492 6.10969196740766 -4.827912671229959 4
quiesc_diff -6.609471842372712 7.215985026988277 -5.787605833336889 4
quiesc_diff 10.134141009844466 4.293377736904332 3.8340982235220142 4
quiesc_diff 10.481649286084403 -1.0000907536301433 1.3784855873243917 4
quiesc_diff -4.584965488655966 -9.761624037988485 1.3357159377928889 4
quiesc_diff -4.0325091036583744 -0.19712566907629508 -8.465785448384755 4
quiesc_diff 0.7320144761793801 -7.774024665196574 -6.962040265572593 4
quiesc_diff 9.239002960760825 2.6968149651030178 5.528167930949976 4
quiesc_diff 6.367777314771917 3.969833863893657 -6.956665392363038 4
quiesc_diff 3.123450168068577 7.993209617317841 7.107956661861159 4
quiesc_diff -1.425506234855931 -7.555617458586501 -6.875681289440286 4
quiesc_diff 1.5316445378500347 -10.330491357488606 0.9679027426691794 4
quiesc_diff -5.04067834101814 7.8123632504838705 -3.415345969854128 4
quiesc_diff 0.1430772224607273 -5.62609694488684 3.806797355314286 4
quiesc_diff 4.499379550615492 -3.5183946312265197 7.661666307686492 4
quiesc_diff 4.277914534867084 10.199499105397646 2.9166877671597398 4
quiesc_diff -8.121547774755564 -0.5697370560115926 -3.5078634610036956 4
quiesc_diff 2.231024580072389 11.14517094421353 3.7824187452808244 4
quiesc_diff 0.07680658142654972 -3.7326970105711292 -11.614513293439668 4
quiesc_diff 0.5563674071064867 12.993261040750802 -3.7966332634844484 4
quiesc_diff 1.2006274910652386 3.482308334331911 8.88923612061705 4
quiesc_diff -6.320220480286044 -6.93255752801876 0.14780086840804985 4
quiesc_diff 3.6575083784565905 4.859601925256785 -9.894982896833396 4
quiesc_diff -6.160047826895721 7.082365165124575 -0.682589338025342 4
quiesc_diff 9.9437718949585 -0.551931010695947 -2.946591284223313 4
quiesc_diff 2.3853032616029317 -5.214300068551218 6.846377597712439 4
quiesc_diff -9.106633140416696 1.6350989670129268 -0.8024035564207618 4
quiesc_diff 1.2111539084654177 13.768463013166407 -1.3992925621692895 4
quiesc_diff -2.807857499529679 -8.929110965619952 -2.844841668843312 4
quiesc_diff -5.4426738797202585 6.497077437692482 5.29025709380692 4
quiesc_diff 7.999921879013369 2.2472020115183233 -7.412515304508861 4
quiesc_diff 6.048390784476355 1.6619855333189117 -7.6643539395839495 4
quiesc_diff 10.977562848621075 -2.2254273508388307 -1.189952938011626 4
quiesc_diff 1.6189052136129591 -9.994666843819173 3.3468278236212856 4
quiesc_diff 9.971763227731788 7.134878348940155 -1.7968899769526696 4
quiesc_diff -1.930972364285295 1.3162757227330286 7.472942084929053 4
quiesc_diff 5.748933632076735 -1.4840497146013005 7.385051475331829 4
quiesc_diff 2.3873764408968237 8.958882215870236 -6.722037295842895 4
quiesc_diff -8.787352113242072 -1.5787124279879112 0.5326410925645062 4
quiesc_diff -5.1373183370045625 -2.84855684484008 5.896843707330937 4
quiesc_diff 4.398082133609481 4.454466920398788 -7.930418334194103 4
quiesc_diff 7.866061147292302 6.2493824928153 0.04668877283149264 4
quiesc_diff 9.290127793103343 4.932171887131367 -6.369272315716588 4
quiesc_diff 7.07022384126053 -8.625931317050096 -0.7450476424226885 4
quiesc_diff -7.784627480539036 7.718852145195234 -1.9889940970267008 4
quiesc_diff -1.0344343786211596 -10.064804316775184 -4.132410843919199 4
quiesc_diff 7.307670214579039 -4.218199422615259 3.569595657766081 4
quiesc_diff -7.529275730922904 -0.5957331788939201 -5.566178844046054 4
quiesc_diff 5.9628497186273774 6.463981135586354 -7.2338830760152515 4
quiesc_diff 0.024118634316248277 0.5603549124212679 -11.86666830154968 4
quiesc_diff 3.6072880293394123 11.246924413033907 -0.8351278492849479 4
quiesc_diff 7.543926937142848 5.233066569972213 -7.967068874191048 4
quiesc_diff -0.2896958312299447 13.010242384144723 1.819279319591423 4
quiesc_diff 4.780198414115698 3.359218640373755 -10.603174924763273 4
quiesc_diff 6.72528576592984 -2.1417920351232254 -7.343779706065432 4
quiesc_diff -2.6730973760724863 3.22881592188473 7.382313328910189 4
quiesc_diff -3.3578816408698793 -6.738904957932617 -8.348325701292195 4
quiesc_diff 3.26279337336718 -10.226478389521663 -0.09806129818043641 4
quiesc_diff 11.187207020283227 2.620748127033803 2.991951608103009 4
quiesc_diff -3.188496987517349 8.647123765198877 -8.56129170482839 4
quiesc_diff 8.363211820259302 -4.8820071501178015 -4.554373047695898 4
quiesc_diff -1.9360136024167827 6.01122497919405 -11.379157568690012 4
quiesc_diff -9.208498314557533 -3.0082717226819304 -1.383320705028469 4
quiesc_diff -2.3064372884547906 9.570159876664446 6.552988834610177 4
quiesc_diff -8.767500611837223 4.5572181642774625 1.2190151050057014 4
quiesc_diff -0.7818103305912145 12.423089234046389 -2.4113593948802894 4
quiesc_diff -5.368962820299346 -8.603188055847598 -2.515357857701854 4
quiesc_diff 3.754832658589655 -6.675789641027623 4.724454108192589 4
quiesc_diff -7.19994882299876 5.244763442087956 5.478013605422317 4
quiesc_diff 6.393098589391579 -6.782910923333368 3.95682883879716 4
quiesc_diff -8.596296360599007 0.26598695911650316 -7.083757826899696 4
quiesc_diff -10.311357943944895 3.1822191313058616 -0.0756449241289383 4
quiesc_diff 7.9742265863755915 6.7841095481212745 -5.976641035394715 4
quiesc_diff 10.019883952963507 -1.775747009811458 -6.26506913330787 4
quiesc_diff 10.793571573854416 -1.8261395004559113 3.2080011150227414 4
quiesc_diff 3.3816938834014207 -0.35058536599783996 -9.659260566590484 4
quiesc_diff 4.61242291529474 1.4286174046237972 8.63447844609857 4
quiesc_diff 3.479715633576588 7.019936072226066 -8.701753927713376 4
quiesc_diff 8.007396325156712 1.4191929486060602 7.211120178691938 4
quiesc_diff 9.565534266773092 -3.853721057531909 2.728388358996872 4
quiesc_diff 0.4998259998693193 11.709709844313629 5.838376931595061 4
quiesc_diff 4.779273853654616 9.090000444618727 6.872801812026204 4
