62
 Lattice="1.0 0.0 0.0 0.0 1.0 0.0 0.0 0.0 1.0"Properties=species:S:1:pos:R:3:Color:r:1
active_stem -1.3994557427722847 -4.419680566826681 -1.8744890038871393 1
active_diff -0.7943727664376821 -0.6802350899656432 -1.7047733369341442 3
active_diff 0.43803272769691315 2.857684279800691 -1.190124237644353 3
active_diff 0.3246317526635507 -0.37630573373727844 -3.334330280601235 3
active_diff 0.7220975356538584 1.2223508016478406 1.4509849218374435 3
active_diff 0.9795860466075933 -1.7080827280716608 -0.350520429297606 3
active_diff 2.3220107525142826 3.410104390878584 -0.8087335942327326 3
active_diff -0.45172792068178036 3.7474816957000288 0.8504978792807546 3
active_diff -1.4930598688221268 1.152486564162182 -2.0958841542897826 3
active_diff 2.3656016040442953 2.348323766836789 1.6272780267726321 3
active_diff 0.0009160197106290457 4.808004585262728 -1.2620942987927186 3
active_diff 1.1924663199126402 -1.8706647944718018 -4.341183875464073 3
active_diff -0.17388978166976654 -2.8894004550572117 -1.4792285144505166 3
active_diff -1.199653841783709 -1.163568620945042 1.0986076297958434 3
active_diff 2.269899801411222 1.4432390071529688 -0.4499509147775751 3
active_diff -1.6238179622982762 1.0450532829016015 1.7063649622603256 3
active_diff 0.8434150721672695 0.6998172657316637 -1.6729933683744647 3
active_diff 2.448935710981737 5.294088151099073 -0.14957106029781575 3
active_diff 0.48581587294639406 5.251120405436604 1.7779040824145376 3
active_diff 1.4519823567743888 -2.810268317219456 -6.0875505742566745 3
active_diff 2.7822313085935364 -2.5519251313010267 -0.1545611020081962 3
active_diff -1.1687493725788878 0.703638617877568 -4.111204152078978 3
active_diff 4.2311139677279925 1.0650698657397848 -0.5530387138676227 3
active_diff -2.639274650462238 -0.2914100457373431 -1.0375761222340947 3
active_diff -1.9210316004454544 2.7216041460132603 -3.2598043453927446 3
active_diff -3.0128656344733704 -1.5301123739490066 1.8588106763465082 3
active_diff -0.07550024884796995 6.6016033759878985 -2.143663315834938 3
active_diff 2.2256722820733814 0.831715884597841 2.92354972529245 3
active_diff 0.07085001723805734 3.3319585673586842 -3.0980657349920695 3
active_diff 1.15403374996146 -0.6973208651423581 1.8091633668792373 3
active_diff -3.4465383172673585 3.9720179397389486 -3.5904016856600043 3
active_diff 2.6993790484308438 -0.4060780514778919 0.178995818289988 3
active_diff -4.386491248692826 -2.9816456185657767 1.937575590696325 3
active_diff 1.7796942338598092 0.5816557052243871 -4.31672686919338 3
active_diff -0.8647548690757577 -3.1255551818271528 1.2946979482645176 3
active_diff -1.7642591590946255 5.024288923736888 0.046119205630541726 3
active_diff -1.4928328092378111 3.362619877470619 -1.319732572574989 3
active_diff -3.080589175316459 1.871670641983453 -1.1148005884147891 3
active_diff 1.5854948826664983 -2.072865646350171 -2.221297782409931 3
active_diff -1.7844039933236797 5.270916764793339 -2.035621780593718 3
active_diff 4.2985111232300115 1.9938811138500872 1.2554834647024058 3
active_diff 4.387218156765838 -3.1759345525258547 0.8626062683967911 3
active_diff -2.141126829653678 2.8665445737237585 2.3502290886212394 3
active_diff 1.7285661365139828 4.343920335614148 -2.620665852836617 3
active_diff -3.122890938404629 -2.1418683853948046 -1.6223147127418305 3
active_diff 1.6992636331540913 -1.380239397780744 -7.463729799474442 3
active_diff -1.9529184520665728 -1.1783674006371476 -3.2570735963478157 3
active_diff 0.709159971988162 2.3709812646914763 3.0882022802888374 3
active_diff 2.5273533190650617 -0.9280486869984912 3.8247806637727053 3
active_diff 3.9759341232678183 4.010479121625703 0.1421016524612394 3
active_diff -0.24662824676629563 8.562533376827826 -1.7894476468783098 3
active_diff 2.6620963915437867 0.1627500954655926 -2.308569574012534 3
active_diff 1.1325684902370519 -3.7130710906827327 -3.5653286765496914 3
active_diff 6.10392007565906 1.7198539294975377 -0.30034302347111147 3
active_diff 3.968086351343439 6.356569601966618 -0.9001138628420999 3
active_diff 0.8053181442091267 -4.633288947434366 -1.477045843954906 3
active_diff -0.4215248233189556 6.964078337020507 2.2703550805092765 3
active_diff 1.2000451749932388 -2.509574984413569 2.6539224780766673 3
active_diff -1.1205159276191656 -5.371694613877392 -0.13786531588202933 3
active_diff 0.061643239749070045 1.2204967276279488 -5.600832197570217 3
quiesc_diff 0.0 0.0 0.0 4
quiesc_diff -0.6611768657145145 1.8803200832106293 0.16505010426747171 4
