32
 Lattice="1.0 0.0 0.0 0.0 1.0 0.0 0.0 0.0 1.0"Properties=species:S:1:pos:R:3:Color:r:1
active_stem -1.3994557427722847 -4.419680566826681 -1.8744890038871393 1
active_diff 0.0 0.0 0.0 3
active_diff -0.6611768657145145 1.8803200832106293 0.16505010426747171 3
active_diff -0.7943727664376821 -0.6802350899656432 -1.7047733369341442 3
active_diff 0.43803272769691315 2.857684279800691 -1.190124237644353 3
active_diff 0.3246317526635507 -0.37630573373727844 -3.334330280601235 3
active_diff 0.7220975356538584 1.2223508016478406 1.4509849218374435 3
active_diff 0.9795860466075933 -1.7080827280716608 -0.350520429297606 3
active_diff 2.3220107525142826 3.410104390878584 -0.8087335942327326 3
active_diff -0.45172792068178036 3.7474816957000288 0.8504978792807546 3
active_diff -1.4930598688221268 1.152486564162182 -2.0958841542897826 3
active_diff 2.3656016040442953 2.348323766836789 1.6272780267726321 3
active_diff 0.0009160197106290457 4.808004585262728 -1.2620942987927186 3
active_diff 1.1924663199126402 -1.8706647944718018 -4.341183875464073 3
active_diff -0.17388978166976654 -2.8894004550572117 -1.4792285144505166 3
active_diff -1.199653841783709 -1.163568620945042 1.0986076297958434 3
active_diff 2.269899801411222 1.4432390071529688 -0.4499509147775751 3
active_diff -1.6238179622982762 1.0450532829016015 1.7063649622603256 3
active_diff 0.8434150721672695 0.6998172657316637 -1.6729933683744647 3
active_diff 2.448935710981737 5.294088151099073 -0.14957106029781575 3
active_diff 0.48581587294639406 5.251120405436604 1.7779040824145376 3
active_diff 1.4519823567743888 -2.810268317219456 -6.0875505742566745 3
active_diff 2.7822313085935364 -2.5519251313010267 -0.1545611020081962 3
active_diff -1.1687493725788878 0.703638617877568 -4.111204152078978 3
active_diff 4.2311139677279925 1.0650698657397848 -0.5530387138676227 3
active_diff -2.639274650462238 -0.2914100457373431 -1.0375761222340947 3
active_diff -1.9210316004454544 2.7216041460132603 -3.2598043453927446 3
active_diff -3.0128656344733704 -1.5301123739490066 1.8588106763465082 3
active_diff -0.07550024884796995 6.6016033759878985 -2.143663315834938 3
active_diff 2.2256722820733814 0.831715884597841 2.92354972529245 3
active_diff 0.07085001723805734 3.3319585673586842 -3.0980657349920695 3
active_diff 1.15403374996146 -0.6973208651423581 1.8091633668792373 3
