8
 Lattice="1.0 0.0 0.0 0.0 1.0 0.0 0.0 0.0 1.0"Properties=species:S:1:pos:R:3:Color:r:1
active_stem 0.16494296841510073 1.6670818500317988 -1.092534632158162 1
active_stem -1.041433474290126 3.187778176564877 -0.6107270347142411 1
active_stem -1.3065743124650144 1.9784054270466347 -2.410758635302498 1
active_stem -3.014990588998666 3.091131007595236 -0.301321734640928 1
active_diff 0.0 0.0 0.0 3
active_diff 0.9862435231845093 -1.261782987295107 -1.1980097687202897 3
active_diff -1.2464972467990967 0.5744896515314123 1.4547186167797497 3
active_diff 1.6250430648428469 -2.965856742492859 -2.0275082813309693 3
