189
 Lattice="1.0 0.0 0.0 0.0 1.0 0.0 0.0 0.0 1.0"Properties=species:S:1:pos:R:3:Color:r:1
active_stem -5.986103959846153 4.9298532819106775 -1.4896457844854578 1
active_stem -4.229916274722045 2.247024243733827 1.044575493743541 1
active_stem -2.0739596022168145 4.837069334631149 -1.0730348013298747 1
active_stem -4.8691505177264585 0.9899921107669474 -1.2133287533178505 1
active_stem -2.083170138585417 4.433593539619772 2.006221303072261 1
active_stem -4.621907639767274 4.300974345499273 0.30372015906338556 1
active_stem -5.200676836749818 0.5770319511228796 1.5629862129918548 1
active_stem -7.208419359505646 5.936686041565426 -0.26807595109841076 1
active_stem -4.880156582161211 5.624273945668685 1.780942434803867 1
active_stem 0.35627992741697745 4.640622094644158 1.4190298517980326 1
active_stem -2.6024123275061295 4.152525101801917 -5.122567471868916 1
active_stem -4.703463642457764 3.949460561015111 -3.578443533339464 1
active_stem -4.582163127250907 2.183987770339002 3.0123022425339956 1
active_stem -2.4495875182610662 6.31149579002724 2.5886485017728353 1
active_stem -4.590437864447076 1.4706477475854047 -3.6365768071342712 1
active_stem 0.4697529391869971 5.38571495965721 -3.3044649671137787 1
active_stem -6.490678780649622 -0.6381427180190951 0.6360312474134722 1
active_stem -1.4644800520010002 7.232270922807879 4.065718721759506 1
active_stem -6.47128146849625 -1.9329062442857468 2.160239617463568 1
active_stem -5.9608807549758005 3.0441758133054897 -0.4884972645169887 1
active_stem 1.2684222146726825 6.384064677613246 1.0606942441757854 1
active_stem -7.110127393184617 1.1342842432585964 1.7714771131297962 1
active_stem -0.9847994392038446 6.241546043933266 -1.990190901638572 1
active_stem -1.8868268952432585 5.727053078920639 -4.118177538424943 1
active_stem -8.970001224502074 4.623147594071064 -2.225418705914456 1
active_stem -5.814469156272834 1.2215702548077654 -5.198533208325729 1
active_stem -5.6316669630583815 6.890612762080786 -1.3170286467756969 1
active_stem -6.334966601227304 2.599028239938149 3.881452051376635 1
active_stem -1.2701660553263863 3.8023452349028517 -6.7263903638776785 1
active_stem -3.764437517190797 4.579921400527921 3.0795004646883983 1
active_stem -6.141008748572952 3.4309891253744595 -4.868657251414494 1
active_stem -5.140742184701759 -0.9744270127666679 -0.953915042182529 1
active_stem 0.3911363355462422 7.364678464958203 -3.582894265713614 1
active_stem -6.871552472111526 5.795552354087866 1.8516963484651252 1
quiesc_stem 0.16494296841510073 1.6670818500317988 -1.092534632158162 2
quiesc_stem -1.041433474290126 3.187778176564877 -0.6107270347142411 2
quiesc_stem -1.3065743124650144 1.9784054270466347 -2.410758635302498 2
quiesc_stem -3.014990588998666 3.091131007595236 -0.301321734640928 2
quiesc_stem -3.175739236904964 1.289075688125772 -2.2345570567548223 2
quiesc_stem -2.035602172996426 1.3621727436369144 -0.5282614889609918 2
quiesc_stem -2.648512267493153 2.9869649209709084 -3.497961593388113 2
active_diff 1.6249870607571146 -3.6289145976530257 -3.914398388776006 3
active_diff 1.394073675941861 1.1567878888588254 4.331910540650646 3
active_diff 1.3844548051455687 1.4569421943157264 -3.7236090401555026 3
active_diff 2.238404011020934 -3.7951131689270023 -0.3139966446849862 3
active_diff -0.02499331810662575 -3.283662490984106 -4.990672393017184 3
active_diff -2.5665640993167873 -1.392127233212315 -1.9781141109442137 3
active_diff -1.7438398970081135 -3.3210996017611993 0.06396655804675988 3
active_diff 1.0149081325989933 2.2239020806457086 1.4458302211816216 3
active_diff 1.7459796184406726 -0.39603714261364464 -4.383735835767323 3
active_diff 3.2886332123833277 -3.5414512025044997 -5.021029147741427 3
active_diff -1.6529366136318966 -4.113594609211052 -1.8719256920924716 3
active_diff -1.161281748256225 1.0482566356388097 4.831037782716708 3
active_diff -0.8588179858883395 -1.2401062181712217 -4.437889689295586 3
active_diff -4.0364813620247295 -2.6384395786766603 -1.4432788294449923 3
active_diff -1.5837817017776061 -5.279828311550115 0.435131232535325 3
active_diff -3.11390495422675 -1.8113097834923744 3.7539174281078944 3
active_diff -1.1067809752573503 6.131166920157122 0.10589562184557844 3
active_diff -1.212804686167563 2.311742220855706 -5.394169538397987 3
active_diff 0.8830297022785529 1.1599677152040164 6.265514415720933 3
active_diff 3.4329273458064593 1.2608643717863006 -2.70264942975667 3
active_diff 2.081248559102493 -5.532128841078054 -1.2928116009632105 3
active_diff 2.879808504414414 4.382686652639997 -2.598430546825905 3
active_diff -7.252341330857293 5.302618601280779 -2.992206577574943 3
active_diff 0.3612281894864815 -3.25689010335814 -6.952843686847902 3
active_diff 3.566837659705394 -3.443244659266476 -2.0666813368812154 3
active_diff -2.6678260759588213 1.3216983027844895 2.646986871365103 3
active_diff 0.6153956258931883 -4.104391553344368 0.8130307120092564 3
active_diff 1.2256337956662668 -5.460736354767127 -3.2180177315024947 3
active_diff -3.3929893956847286 -5.666078710418782 -0.3248543921188963 3
active_diff 2.8634396985044583 -1.7570512764650008 -3.0300865191941107 3
active_diff -3.552806127376631 -4.584668861112872 -2.2825165832950014 3
active_diff -4.18694674653799 -0.9831259153966752 -3.0767851256749545 3
active_diff -1.4831594720351633 -3.467397849114141 2.0415010176346025 3
active_diff -4.098130672611627 0.06309871507095632 3.2553912094505395 3
active_diff -0.24483917877873296 -3.230511431384724 -8.858620827751054 3
active_diff 4.536197312155341 -0.26162109975177694 -2.0208625346728653 3
active_diff 5.1982610760647425 -2.9660065433669356 -5.1699749987128785 3
active_diff 3.970597761890659 2.5046888083028476 -1.2198653862772657 3
active_diff -3.6700206793618286 5.812723397526725 -1.780628037291081 3
active_diff -0.09967785450164213 -0.6462353646544612 4.7898791419809195 3
active_diff -2.774623630415567 -1.2345446277646774 -5.0120480307918704 3
active_diff -6.654066755270948 0.5915949768907822 -2.022867973287631 3
active_diff 2.829333133108654 -1.6371818887346077 1.9547279361725776 3
active_diff -1.9126640586774806 -3.8405551664793505 -4.634906004536726 3
active_diff -3.7821447570305464 -2.2057199914170162 1.9059459261198493 3
active_diff -2.4572999186236855 0.8838441934501045 -4.587846806655979 3
active_diff 2.018096974998561 3.1688385344103613 -4.540865744841727 3
active_diff 4.5687857289365175 -4.0048063937814025 -0.42938219350740603 3
active_diff -0.4191156088648421 3.4070488141520165 -3.920954986728073 3
active_diff 3.036075706053606 1.9784700818105718 3.5390248572795078 3
active_diff 2.3211883727565876 -0.5480247642019969 3.608525712676424 3
active_diff -5.073869206551616 -1.7375028436252618 4.145188006143197 3
active_diff 1.9396270625778738 2.364729608155441 7.462239446586674 3
active_diff -5.461325230110486 -3.204983867509048 -0.15920425202753452 3
active_diff 1.15936361500396 -0.41451676999866266 -6.295682531646591 3
active_diff 4.684973337806365 -1.1017913239630075 0.18210736089433943 3
active_diff 1.9536158115016513 5.205030341541045 -1.0281063914619177 3
active_diff 1.0569025860781882 -7.2410302953850305 -1.467084797457645 3
active_diff -0.7641103610213309 8.083174978017219 -0.16288196685623713 3
active_diff -8.642166753355635 5.951194021934326 -4.275847967800958 3
active_diff -1.0381096018411458 2.6848347321335084 3.39718133421934 3
active_diff 0.277501830236628 -4.352063319670219 -1.3334030617851709 3
active_diff 0.07389583756681745 -2.692991741448775 4.326785094109074 3
active_diff 3.998733448563156 1.4042788877527226 1.8826449058635175 3
active_diff -2.8182199264938106 -1.8266326803779562 5.731879908339915 3
active_diff 1.7586592179339915 -5.135684392079047 -5.222747172931457 3
active_diff -5.9792270675988055 2.9811734818164464 1.6777710765989406 3
active_diff 1.8696220173017324 -3.568472555905063 4.23244087895201 3
active_diff 0.31116057529122787 4.605811743161436 -5.345617801181797 3
active_diff 4.830884139734345 -2.113194081074706 -3.0783013861788104 3
active_diff 3.299376742429729 -2.106492911534035 4.392314298449173 3
active_diff 6.321162195914579 -0.04261938542360588 -2.896041723678004 3
active_diff 1.2168910337198455 -0.3959803003992115 7.476944308083105 3
active_diff -4.923368299023403 6.02660067784427 -3.3244467615112 3
active_diff 2.703911229667397 3.2541551417188574 1.7388270952993297 3
active_diff -1.1871878381329706 -0.4202311987808256 -6.232319457415931 3
active_diff 2.1203953636168924 3.9968483014192167 8.603953680726905 3
active_diff -0.6550874982512658 -6.120053342784691 -1.2664073711910024 3
active_diff 2.79026735688506 -4.787270168866423 1.3325364812990794 3
active_diff 4.608983717129123 -2.81204122614637 1.2161628959750863 3
active_diff -3.0230636370012998 1.833618609295093 4.547445730432218 3
active_diff 2.6954864871881306 -7.9557842782795625 -2.363839804669607 3
active_diff -0.7442431133665374 -1.6672880944762931 6.384240126823379 3
active_diff -8.632229909136273 0.31865581685335786 -1.9116261124273615 3
active_diff 5.094735900591281 -4.632571539304237 -2.567708819079007 3
active_diff 2.449933052737407 -2.277867683708484 -6.324846133839163 3
active_diff 2.8593030241328425 0.499115763226013 -6.820545941996377 3
active_diff 5.094993535433632 3.2360635655377004 0.2636524292269362 3
active_diff -3.360778370974178 -4.033765877707333 1.0007785725605385 3
active_diff 4.6969266280782564 -5.986285642861802 -0.668797931149955 3
active_diff -5.674451605647983 -2.4703517636554944 -2.578532090812777 3
active_diff -5.390642870856374 -5.756478339654505 -0.2900909031010949 3
active_diff 1.4097300638345307 1.6102568444745797 -5.717563848907415 3
active_diff 4.925503367081815 2.50560648382901 -3.174702281904906 3
active_diff -3.159930305668818 1.1730147575832293 -6.437898407028179 3
active_diff 3.7338500764306612 -0.4753530103801675 -4.588870024461251 3
active_diff -4.87502791511331 0.7947937588941096 4.946855970371652 3
active_diff -2.0070748517206796 8.384861310374996 -1.7004204644975227 3
active_diff -1.2942319270402647 -1.6003172853803405 -9.349784656049868 3
active_diff 3.5713270761567424 4.922798204334615 0.11353947523051566 3
active_diff 3.7998467975430135 5.441213142287015 -4.024281594408566 3
active_diff -2.1906631596303576 -3.7751301550793945 3.8866946009489682 3
active_diff -0.8599751567639365 2.389022579938176 6.2841589134316695 3
active_diff -0.3258630011562795 -5.25237678181477 -4.807256268042539 3
active_diff -1.3803154436584144 -2.4775265514801834 -6.353161914691492 3
active_diff -1.9418044962391123 -4.636220429582152 -6.4695906161226695 3
active_diff 2.89992934479445 1.273863269818085 5.642899503135748 3
active_diff -4.410748716487462 -1.0927137164818255 -6.153528952809803 3
active_diff 1.7196541974822193 -6.397178122232373 0.4738064275927141 3
active_diff -5.3186418411070395 -1.3998769229403614 6.101228674190381 3
active_diff -8.28381388046626 4.3171954456314285 0.20179300294009211 3
active_diff 1.6944657298869639 -7.007502756598055 -4.3960289010683375 3
active_diff 4.695313382187436 -1.3511876450589377 2.615276952243505 3
active_diff -3.053000870185 -2.6420915228864676 -3.4616802680422705 3
active_diff -2.986061123580754 5.828817656252763 0.719810149067454 3
active_diff 3.3396719059789657 2.3527260200554916 -5.800786403342694 3
active_diff 0.023711709670447223 -4.880069652657709 2.5589498480315878 3
active_diff -0.49562472745761377 4.030877669416796 4.773363942761849 3
active_diff -2.5539860962164562 -6.685034508201494 1.4763319710598943 3
active_diff -8.759714592635309 4.785403102895151 -5.8966854175677375 3
active_diff -5.777504325780698 -1.235033562854627 -4.262815953379604 3
active_diff 6.164723896618035 -1.2228062744587505 -5.005043379650295 3
active_diff -4.605105779666225 -6.285327629752591 -2.3031368267473944 3
active_diff -4.870901127000206 -3.740324546327445 2.583882816175743 3
active_diff -6.68455519896383 -3.849364766476592 1.2859537671332857 3
active_diff -1.9904453337030008 -5.451949079769858 -3.319300963061001 3
quiesc_diff 0.0 0.0 0.0 4
quiesc_diff 0.9862435231845093 -1.261782987295107 -1.1980097687202897 4
quiesc_diff -1.2464972467990967 0.5744896515314123 1.4547186167797497 4
quiesc_diff 1.6250430648428469 -2.965856742492859 -2.0275082813309693 4
quiesc_diff -1.6732726155328468 -1.073762117705194 -0.21724103822510835 4
quiesc_diff -4.275837753168464 3.9019452184189047 -1.625272165786811 4
quiesc_diff 1.8420196702724443 0.7140956621520933 -1.62095781654526 4
quiesc_diff -0.550382304008756 1.0353978963922592 -4.004154519405387 4
quiesc_diff -0.817390327715666 3.0219590318070395 1.3697548964592787 4
quiesc_diff -0.5522405278133291 -2.5323039689872475 -1.3352805227260867 4
quiesc_diff -0.1642571764883234 0.9100914723287263 3.1027865304566284 4
quiesc_diff -2.1681317913146287 -1.05298632930978 2.1631758830567254 4
quiesc_diff 1.1525706760256658 -1.3650018868678142 0.8990832473208732 4
quiesc_diff 2.0992670423130826 2.6771469809656 -1.9042479668906929 4
quiesc_diff -0.1473453197077763 -0.5693986279884552 -2.6931954542649468 4
quiesc_diff 1.7809410717736072 0.44987776919755684 1.9616124218151967 4
quiesc_diff -3.3904508418692636 -0.0559747263406245 -0.09311301973040007 4
quiesc_diff 2.907721714250679 -0.9704829008773692 -0.7257113239736461 4
quiesc_diff 0.2963551434782674 4.075953884803939 -1.8029793257430202 4
quiesc_diff 0.19384053011085034 -2.3333152905919956 2.3630523929937755 4
quiesc_diff 2.5273989174338682 1.2416418640548192 0.18235865385544248 4
quiesc_diff 1.2466824533120564 3.5362603697437924 -0.045476717477737294 4
