949
 Lattice="1.0 0.0 0.0 0.0 1.0 0.0 0.0 0.0 1.0"Properties=species:S:1:pos:R:3:Color:r:1
active_stem -6.762698560790927 10.024701451214575 -2.6848218143639904 1
active_stem -7.310258658848591 1.729829967152355 -7.408106421577988 1
active_stem -6.937783023329215 9.524310533018197 1.1460885324405798 1
active_stem -10.107258729337468 2.191930115601524 -4.307577170792087 1
active_stem -1.9305014889878092 9.5307134130858 -5.078491559063657 1
active_stem -1.298075456961913 10.049261303022597 3.297627686428775 1
active_stem -6.7400721097317255 4.938137718107463 -6.038967555880828 1
active_stem -7.387153968743746 7.620302646210732 4.878403682525515 1
active_stem -5.138052449834533 5.506846271204175 7.762579502678278 1
active_stem 3.984502070561895 10.150246755967483 3.690665459632359 1
active_stem -8.388920919460505 8.81914980037836 -3.2242199896503996 1
active_stem 1.6137798941947208 10.893319913452899 -1.4356689194263281 1
active_stem -6.021533902211102 11.297426104101824 1.017446705529312 1
active_stem -10.670421806151976 -0.762689688363301 2.0656582414276827 1
active_stem -8.397371946304444 2.645541716581178 -8.815109155120084 1
active_stem -2.27614704920301 6.179927193486843 -9.938553198093741 1
active_stem 0.549865747207301 8.043463853160226 5.211843942338809 1
active_stem -8.898322372949202 -1.5177610246556417 -8.718477285555318 1
active_stem 4.676190612475585 7.527111145740655 2.2685742965661255 1
active_stem -10.206308165182756 1.9934764758320727 3.549230185387461 1
active_stem -0.959414606405039 9.897970790364333 -6.787910257133317 1
active_stem -0.5810154878777438 6.505927337615481 -8.894827529006333 1
active_stem 2.2804150783497827 7.068186450808281 5.692132988519831 1
active_stem 1.2254116744045886 9.787512699790216 3.9423146498385435 1
active_stem 4.553526911164871 8.868455588560272 -4.535185512448134 1
active_stem -6.037210686096407 8.537096325820057 6.237801958671443 1
active_stem -9.210075900261662 4.3038416911136945 -9.582933013623947 1
active_stem -0.7144481954927077 11.950682194989161 3.0879188137909397 1
active_stem -6.510711220870524 5.027920872345252 -9.921482739096845 1
active_stem -5.223576155619751 12.545488020977642 2.361174686297411 1
active_stem -11.171331036941295 3.7829034231741376 5.057799981967957 1
active_stem -8.689061156638985 10.344266815113837 -4.482764358908311 1
active_stem 3.8805783766753255 7.216167390253715 4.431581240530182 1
active_stem -8.330724764846344 0.6113486872305867 -8.714876697094823 1
active_stem -7.573419715668777 11.521965270625321 -1.635568620841536 1
active_stem -12.107804961310945 -1.7010827581021717 3.0919857290900294 1
active_stem -6.043940924994234 10.493285320233802 6.654070288020335 1
active_stem -6.366854684749149 5.691174364594295 9.329764310368809 1
active_stem 4.979625071111502 10.674816483545394 -5.280504689149395 1
active_stem -1.6161402393430886 11.69361548925113 -7.3747420545010645 1
active_stem -8.97792891507594 8.482311141323411 5.730680881842368 1
active_stem -10.442721190326992 -0.12301863480626529 -8.143855909919619 1
active_stem -8.460718943921648 10.607433196658405 1.8584869303038936 1
active_stem 4.383664278016431 9.8427463760925 5.62615326597906 1
active_stem 0.8554168620865215 7.598578217072664 -9.75667215514122 1
active_stem -1.7000835644815935 11.515605527347923 -5.162817562207941 1
active_stem 1.1761690386621995 12.787698264007485 -1.9045264714292551 1
active_stem -2.848633847220075 8.793334890548998 7.328589209031737 1
active_stem 0.15742637434886242 10.632253268296102 5.407176681152494 1
active_stem -10.670577491459879 -2.4141393069934187 -8.954311485504949 1
quiesc_stem 0.16494296841510073 1.6670818500317988 -1.092534632158162 2
quiesc_stem -1.041433474290126 3.187778176564877 -0.6107270347142411 2
quiesc_stem -1.3065743124650144 1.9784054270466347 -2.410758635302498 2
quiesc_stem -3.014990588998666 3.091131007595236 -0.301321734640928 2
quiesc_stem -5.986103959846153 4.9298532819106775 -1.4896457844854578 2
quiesc_stem -3.175739236904964 1.289075688125772 -2.2345570567548223 2
quiesc_stem -4.229916274722045 2.247024243733827 1.044575493743541 2
quiesc_stem -2.0739596022168145 4.837069334631149 -1.0730348013298747 2
quiesc_stem -4.8691505177264585 0.9899921107669474 -1.2133287533178505 2
quiesc_stem -2.083170138585417 4.433593539619772 2.006221303072261 2
quiesc_stem -4.621907639767274 4.300974345499273 0.30372015906338556 2
quiesc_stem -5.200676836749818 0.5770319511228796 1.5629862129918548 2
quiesc_stem -2.035602172996426 1.3621727436369144 -0.5282614889609918 2
quiesc_stem -2.648512267493153 2.9869649209709084 -3.497961593388113 2
quiesc_stem -4.880156582161211 5.624273945668685 1.780942434803867 2
quiesc_stem 0.35627992741697745 4.640622094644158 1.4190298517980326 2
quiesc_stem -2.6024123275061295 4.152525101801917 -5.122567471868916 2
quiesc_stem -2.4495875182610662 6.31149579002724 2.5886485017728353 2
quiesc_stem -6.490678780649622 -0.6381427180190951 0.6360312474134722 2
quiesc_stem -1.4644800520010002 7.232270922807879 4.065718721759506 2
quiesc_stem -6.47128146849625 -1.9329062442857468 2.160239617463568 2
quiesc_stem -5.9608807549758005 3.0441758133054897 -0.4884972645169887 2
quiesc_stem -0.9847994392038446 6.241546043933266 -1.990190901638572 2
quiesc_stem -8.970001224502074 4.623147594071064 -2.225418705914456 2
quiesc_stem -5.814469156272834 1.2215702548077654 -5.198533208325729 2
quiesc_stem -5.6316669630583815 6.890612762080786 -1.3170286467756969 2
quiesc_stem -6.334966601227304 2.599028239938149 3.881452051376635 2
quiesc_stem -1.2701660553263863 3.8023452349028517 -6.7263903638776785 2
quiesc_stem -3.764437517190797 4.579921400527921 3.0795004646883983 2
quiesc_stem -6.141008748572952 3.4309891253744595 -4.868657251414494 2
quiesc_stem -5.140742184701759 -0.9744270127666679 -0.953915042182529 2
quiesc_stem -6.871552472111526 5.795552354087866 1.8516963484651252 2
quiesc_stem -6.201390471633534 2.7678795624601356 -2.9783755719473834 2
quiesc_stem -3.9049385281682962 2.620262608369365 -5.122671128442992 2
quiesc_stem -8.648450001378574 2.2842939061432923 2.329187905916852 2
quiesc_stem -7.815791049619959 7.534872201305239 2.1401057412050095 2
quiesc_stem -2.2361369271522475 8.408309696808237 2.643931652933957 2
quiesc_stem -0.7299212671727544 5.407744623797168 3.110642942309903 2
quiesc_stem -3.700087633516519 7.259627346758839 3.8285259202605726 2
quiesc_stem 1.4512123407484352 5.0760154838952225 3.035060670449899 2
quiesc_stem -4.570132456925819 5.38329361836676 4.724325301468925 2
quiesc_stem -7.581007996996804 1.9869994392561117 0.019012177575693623 2
quiesc_stem 2.1214220542769793 6.356195816415347 -2.7298729023200967 2
quiesc_stem -8.722201419231581 3.5799007370063003 -3.9136814969906553 2
quiesc_stem -7.610808404541357 2.227664305346222 -5.4945153414150685 2
quiesc_stem -6.661145743117491 8.029117041409966 -2.599207045968707 2
quiesc_stem 1.34602465835817 8.3024622467868 1.6208090782259517 2
quiesc_stem -7.107700848725794 0.07192969099513302 -6.201468083415746 2
quiesc_stem -7.8814853711576065 -1.9579553499884834 0.06703946865599975 2
quiesc_stem -5.235195877511546 4.010413173704378 6.439231045481034 2
quiesc_stem 0.2505204976556171 6.134726250409231 4.695014003756276 2
quiesc_stem -9.820979655067752 -2.4449410095774313 0.032299145764773766 2
quiesc_stem -9.448594422022264 0.6873023509710956 1.429528593275971 2
quiesc_stem -0.06104893263710265 8.412765200270458 3.2677122342676435 2
quiesc_stem -5.270963676454439 8.412649225778116 3.2362554535112222 2
quiesc_stem -5.918930028579611 4.467687379150073 3.0392179376905464 2
quiesc_stem -5.980901547531289 3.1983429833507366 -6.848617214842059 2
quiesc_stem 3.0572386305541945 8.824560129777177 2.514766874734304 2
quiesc_stem -2.5863539333468437 7.577304620198833 -3.8228283265423157 2
quiesc_stem -0.8264627393402154 5.721741107221799 -7.071422033015256 2
quiesc_stem 3.164389905314561 7.887975893272338 -3.4821147901766825 2
quiesc_stem 3.2467049767059972 6.483378698205232 1.337342104741695 2
quiesc_stem -8.01716973114669 4.414180250884916 2.734516946487969 2
quiesc_stem -8.426223369120683 6.407104406724808 3.674873536285476 2
quiesc_stem -7.963701965960114 2.281349588256403 -2.16748298894657 2
active_diff 2.1203953636168924 3.9968483014192167 8.603953680726905 3
active_diff -6.9933946713865 3.6070456094971672 5.478440923940797 3
active_diff 3.349695702866385 2.473873450964805 9.015497458233556 3
active_diff 6.718037989521363 -7.873836790171734 1.2273455190833844 3
active_diff -1.3161394140318197 -0.5996149543558236 -12.023291586451702 3
active_diff -8.671353028850781 7.823523272042373 -4.978365825590037 3
active_diff 5.126712172946484 -7.686605551560084 -1.6301493723547744 3
active_diff -5.043447327983135 -5.315253453980569 -5.6373653791796094 3
active_diff -3.3381136287489803 -4.44321304947921 8.119885134608406 3
active_diff -3.108944965506767 -0.4838693322144171 -9.66384108861233 3
active_diff 1.147957736820281 -7.261377232035577 -8.082147163876671 3
active_diff -2.2973124473330664 3.6203079799772175 9.119942459785719 3
active_diff -7.756390929902582 -5.368550012260696 0.5489026461960205 3
active_diff -2.3831616770182125 4.700118435751976 -8.59739179469564 3
active_diff 4.671554006578708 -0.46743596574249746 -8.207365270877993 3
active_diff -11.06990679150757 -1.3626417470645533 -3.633910265013511 3
active_diff -8.968459915998427 5.710727386839883 -7.657424001093467 3
active_diff 3.277883918890571 -0.8387212933832906 -9.63042512876116 3
active_diff -5.133103223709675 6.589807037795941 -6.489503995304299 3
active_diff 5.99370082031423 3.549857712182341 3.646586357402426 3
active_diff 5.513272100349339 -7.2413644839238165 -5.142378403301737 3
active_diff -6.469004049889865 -7.01050478591336 -2.3042902737129682 3
active_diff -5.629929744701974 6.608930169436812 5.896777754024427 3
active_diff -9.117754405037557 6.0461835206891745 0.7631693809485214 3
active_diff 1.6731499967015424 2.5898831377534632 -9.82428953407778 3
active_diff 6.725127830021784 1.3242759866355764 3.988191589231667 3
active_diff -1.6317206854394064 -6.79612396063226 -9.414694216538056 3
active_diff 5.486290523750004 5.087262426958074 -5.039479333499436 3
active_diff 2.4281788857062803 -11.315974087496594 -4.474619002107383 3
active_diff 9.59774819489368 -2.442609510567826 -3.3822025456107645 3
active_diff 8.30891967255172 -3.8186215288197625 0.04820323731220022 3
active_diff 8.392568431354444 3.7189597733217865 -4.629285747541292 3
active_diff 6.546979264751867 7.092032527328076 1.4691709445100265 3
active_diff 4.908523920825546 1.2510198346877157 5.998365445519193 3
active_diff -2.992798299775505 1.9286385311260532 -9.946791930113186 3
active_diff -11.251894337427382 3.363629484945662 -6.15087428396834 3
active_diff 2.625107411508323 -9.3594435906151 -7.021180698010879 3
active_diff -7.098215070894811 -7.072009811891304 2.2938117024754923 3
active_diff -11.570600942835144 4.244577722254434 -3.3396808798272724 3
active_diff -5.470573078925026 -1.143022949813826 8.07883908462622 3
active_diff 0.4216938859240986 4.338469710576522 -9.013721693065298 3
active_diff -3.7850419881966153 -10.196065710569481 1.5301238708260296 3
active_diff 8.355659184957114 2.528265258262761 -0.7265425434317666 3
active_diff 7.07789897524672 -3.985280053946867 3.501010147245678 3
active_diff 8.108382656701485 -0.7537657795659216 0.2656908852385508 3
active_diff -6.0041778782869315 -9.159340981574468 -3.862321082120383 3
active_diff -2.9379324974316416 -2.895784312203746 -9.00339554390111 3
active_diff -0.7533450024032828 -8.011365008164702 2.280295489331251 3
active_diff 3.882316397245182 -9.420372672814041 -0.9416245261636903 3
active_diff 0.9038727486140978 9.164172548764324 -4.289238666881402 3
active_diff -7.4786372210458545 -5.724210581575426 4.840641150259651 3
active_diff -6.479312007736874 -4.583142213400988 7.462908984500038 3
active_diff 7.2722708268462775 -1.4685620979702374 5.274640756866259 3
active_diff 3.799787228158115 7.044078093797125 -5.8012374119865955 3
active_diff 2.047069652202984 6.859321500700661 3.7168038147584275 3
active_diff 3.145664817589348 -1.81999325792539 10.419140724877952 3
active_diff 2.9698822356731256 5.7978397384122395 8.417401012340937 3
active_diff -10.81786302866308 4.794840327782028 -1.4798126719302287 3
active_diff -3.629562878482797 2.1851342435933745 8.308981921418074 3
active_diff -0.7337226693993283 -10.546154152879204 -0.8157859524055926 3
active_diff -8.85078820446097 -0.5044553943705545 -6.994832251779896 3
active_diff 2.626546462215038 1.080387616154224 10.254550485318209 3
active_diff 7.909335048462348 2.031125904523159 2.070861293365596 3
active_diff -9.408699262022601 8.267571555523828 -1.5598887419291154 3
active_diff 2.3729231977422027 -7.6477036462881856 3.9902709484819483 3
active_diff 4.68826520669958 -4.51722913387374 -8.699481852508546 3
active_diff -4.479943858710285 -5.155190652130301 -9.165603829256659 3
active_diff 7.108575606736483 -3.4950437538717782 -5.4360915592754635 3
active_diff -1.0171168855426602 -5.286751986433538 6.944969316580954 3
active_diff 1.5777983136548972 -2.6906773266373936 -9.480369740518015 3
active_diff 5.706574862119206 5.92817601726323 2.9690440572049392 3
active_diff 5.854155010401715 7.036042547622983 -5.298191066441216 3
active_diff 8.011291768950324 4.649770856518641 -0.4600827208746372 3
active_diff -6.617887000305646 10.7469980142769 -4.544208080565333 3
active_diff 8.742139166130732 3.8593263492686845 -2.1683849745462624 3
active_diff -8.00794222697914 -3.874399094824273 4.055596435518463 3
active_diff 1.6355734603180987 10.707155205648467 1.4066356516862664 3
active_diff 8.221013919695814 2.316307534114317 4.870347026513938 3
active_diff -1.4014481809948842 3.0954976374709138 -9.384823812410824 3
active_diff 5.270633757255462 2.7140336686244106 -8.799927295045935 3
active_diff -3.8368428845824107 2.4563847564327173 10.279631093228149 3
active_diff 7.230955675639963 -5.445260970729365 -0.826759207452887 3
active_diff -7.864229140711624 -6.605174188749317 -3.678718901523105 3
active_diff 6.277218194788504 -3.3090724107325293 -8.574639015421395 3
active_diff 9.561085450540274 -0.32491384619774705 -1.0403491646907592 3
active_diff -2.3633805343998713 8.383251574078278 5.4321818435246865 3
active_diff 0.947662879611236 -4.858142733553812 7.304950432260364 3
active_diff 7.32250593822061 -4.928310771079931 5.2476814100218725 3
active_diff 2.916315507411985 7.657771293090585 9.150739418218599 3
active_diff 2.7197148463658714 -9.212219252945596 5.186944032064207 3
active_diff -8.920489839438428 -5.122907400667672 -5.112771892184964 3
active_diff -7.6873260915627695 5.482770236452473 5.489225539164528 3
active_diff 6.971146139845745 4.807578607465398 -2.9658316033924024 3
active_diff -7.41551762254323 -3.5406623442163196 -6.201696631899319 3
active_diff -4.680547734002275 -8.37095269056705 1.7594700051662786 3
active_diff 3.9442674316661788 -8.732011588889044 -5.456865230710441 3
active_diff 7.788893635244896 2.462432705326776 -7.687626791758278 3
active_diff 0.8371854820418846 -6.3603616056694845 4.811882176411832 3
active_diff -0.27412872066934657 11.411945740220451 0.8157543568869287 3
active_diff 0.28603943983520247 5.662189129677475 -10.50682743973944 3
active_diff 4.175819929161267 0.9043662048587875 11.50705525073109 3
active_diff 4.2680680217323665 -4.441935255177072 7.416876406366288 3
active_diff 5.030926550388818 -1.9057606399848521 -9.549778585107658 3
active_diff -4.675313553369257 0.5461582701798132 -10.3606427714918 3
active_diff -7.248736280318717 -1.5467625155016227 6.604378829136286 3
active_diff -8.808093012507474 -6.704244935124686 3.7127759258589497 3
active_diff -3.079856403555162 -2.9259381702863694 9.503017879371479 3
active_diff -11.493112290221042 -1.2013038705619348 -1.6009754703307566 3
active_diff -10.22024862716495 6.848219968398522 -3.436203965306751 3
active_diff 4.898986301434634 -7.101807497783353 3.112706301608414 3
active_diff -6.6784528116728055 0.4036772061166589 7.693164119322834 3
active_diff -0.5572496875451738 -2.8684358932204965 -12.991912784064876 3
active_diff 0.20072150766505104 -0.475510322436149 9.197721594634848 3
active_diff 2.3628140256431376 -11.215482873595954 -2.444334005158375 3
active_diff -0.5671428308017928 -12.20609478510021 0.28732249868819926 3
active_diff 4.8494044565431835 -0.40602020085314017 8.088614707415559 3
active_diff 6.335172644531799 0.08784541074126073 -7.118902908388492 3
active_diff -3.476880084269299 -8.161661391213356 -5.803493443592964 3
active_diff 0.9752234196722489 5.596911378884503 8.96225434627801 3
active_diff 2.034182779268625 -11.229877783169558 -7.411416537389495 3
active_diff 6.82490158695305 -1.824623859042813 -6.7944513856872994 3
active_diff -1.9248484428660144 11.284560924468936 4.740260858581484 3
active_diff 9.816925569891207 2.0275777812249496 1.469957130145006 3
active_diff -10.790038524100288 5.3667654463006285 -8.408118051933194 3
active_diff -10.667948016686152 -0.4295539147547186 -5.635490838680528 3
active_diff 6.073041937453899 -4.8816221574749035 -7.25054544238739 3
active_diff 0.6992649846232795 6.648699821168851 6.844964013113047 3
active_diff -0.42126877600365553 -6.665092600154036 -11.001400540189213 3
active_diff 9.46760621433269 0.4577393178615946 -5.411085092054094 3
active_diff 3.066906276364155 1.1839630345978305 -10.108599393991023 3
active_diff 6.300892886638551 -8.360338901249214 -3.5339003274456164 3
active_diff -11.110873990435396 9.304749954495772 -1.3959919370218086 3
active_diff -3.66631917563743 -11.720025332393208 0.2403750717070221 3
active_diff -3.3152271828233615 10.525982017624756 -3.3308770506827616 3
active_diff 2.9324828864855035 8.173106808696392 -8.715998045634997 3
active_diff -12.908677491005825 5.605449774997775 -3.93765948086393 3
active_diff 7.654948574934977 -5.6718600734786815 -2.953227607598855 3
active_diff -4.889905763413044 -10.819312388400043 -3.9161038166733526 3
active_diff 4.3606577340103145 -8.299710411736148 -8.164736258443904 3
active_diff 2.4378866538229755 -0.4908666526069533 -11.41182955885819 3
active_diff 8.19953159361059 -3.878981672053011 -2.234487640633372 3
active_diff -3.281408937513343 0.2694429359180597 10.073124732024317 3
active_diff -6.35928863651448 0.06457072394615149 -8.92832223259037 3
active_diff -11.774863754889378 6.429501655599824 -2.121709823613656 3
active_diff -4.343920927183844 -7.004090393358322 6.123953536164341 3
active_diff 9.224549568564283 -1.7980635756399312 4.991733544428244 3
active_diff -1.454515422264059 1.693930296981636 -11.203214563457522 3
active_diff -1.322739654320757 10.220847045750759 -2.1014712307308385 3
active_diff -13.0080328033364 2.784426603132099 -6.912780912272352 3
active_diff -7.2342616365265675 8.65415890391745 -6.094077606099298 3
active_diff 1.2934574723033083 -3.328427744095105 9.93202286672986 3
active_diff -9.672466104299493 7.909827753357337 2.7821073574927357 3
active_diff -9.271692174051267 -4.391836774883647 -0.3170612049051048 3
active_diff -4.219162779882014 9.378129017523328 -7.717036542461221 3
active_diff -1.6804568347542452 3.299862444604352 10.995256783329802 3
active_diff -10.261057409881351 4.386966512797113 0.4944361705909294 3
active_diff -6.626091256760732 9.824775222329619 3.6479949475564672 3
active_diff -3.596757269875593 4.0568494791530725 7.587598244300404 3
active_diff -4.41341487255618 11.016079032043105 3.842605645733688 3
active_diff -4.747088764834023 -6.490610203700534 -7.228185329059518 3
active_diff -1.9237746608985786 5.643018679323978 7.763175372769964 3
active_diff 4.068239553287871 -6.7581899519323 5.256269745862641 3
active_diff -0.6705280909918534 -11.139458810885026 -3.8773905079266804 3
active_diff 7.102660082005231 -7.447607300965501 -1.4339104952200525 3
active_diff 7.150565705690969 -7.61613990485313 -6.228109969470219 3
active_diff 5.566640153731941 2.4508947710667357 7.456852045058091 3
active_diff -4.419504439881034 -8.033761943394175 4.403006034830868 3
active_diff -1.492900425025131 0.45742043756883843 11.097699882017206 3
active_diff 1.8764484031338036 -5.490037100582531 -10.567716140091752 3
active_diff -3.950634373060522 11.197730882033408 1.321533706037349 3
active_diff 2.725386969228346 -3.2300370879365206 11.773815197814011 3
active_diff -9.235139272747102 -2.8048628998312637 -4.61610641784736 3
active_diff -9.768803149993305 -4.857125728956763 3.243627878490541 3
active_diff 0.9256071891584431 -9.90177479160501 1.554840385431077 3
active_diff -8.392567417366463 1.385894765053447 6.644885704462213 3
active_diff 7.443605336903262 4.580756952327655 4.56038264183487 3
active_diff -3.873044318994191 6.967658797977183 6.843711759796808 3
active_diff 6.2622869849623894 -3.208682108378613 5.701502436243487 3
active_diff -0.5690177195482689 7.86423668732947 -7.046022313090967 3
active_diff 9.815401866306946 -4.981322366578999 -0.5671325748850207 3
active_diff 3.8637865649421315 9.877254820059353 -1.7528725904205413 3
active_diff -9.79709395627334 -0.16953709419420487 -0.3608974342601081 3
active_diff -10.181378927230101 -0.9677055359982258 4.263094038228575 3
active_diff -1.609598968866545 -9.776018956560474 1.889366355948813 3
active_diff 5.950290859433133 -2.1945756217048746 7.958864218759419 3
active_diff -4.639547280091509 -2.29255453484338 -9.863988924737365 3
active_diff 5.251056992264159 -5.026003145438985 5.500068773280797 3
active_diff 0.5537954087067138 0.6015358283831251 -11.366679470145913 3
active_diff -1.9352123418013987 -7.103677081521022 5.221684424844484 3
active_diff 4.534524147960441 3.2940859225550363 10.402376348816237 3
active_diff 7.521267736683701 7.129676287037993 -0.7854749221111201 3
active_diff 10.328526603948813 3.2738922310255876 -4.396947983156131 3
active_diff 0.5399720869361035 -8.77800607056432 -9.235485976055413 3
active_diff -1.4920182079426272 -3.981595268895499 -10.71922847667597 3
active_diff 10.950208215557158 -3.1926318989068054 -2.114007643595607 3
active_diff -0.6659485282866933 -6.858366188228103 8.131017201609117 3
active_diff -5.5436838099929915 3.3358212705919796 8.538023865829896 3
active_diff 1.2596269249686032 -10.6960599038814 -0.657361169785309 3
active_diff 2.346050552916376 -13.256033669885676 -3.9956370048116066 3
active_diff -7.950811538559787 -3.468700784547958 6.422326228186897 3
active_diff -9.480404620393502 3.626556006039479 6.383051876188182 3
active_diff -5.544775141927965 3.117868346675112 -9.362887284628892 3
active_diff -10.487053145205453 2.2359641495492193 -8.367547253175296 3
active_diff 1.7370506887297759 -6.595285584008857 6.601141477669449 3
active_diff -6.3631723181846365 -8.548893370218735 3.424531432041733 3
active_diff -2.7987462096009352 -10.465897483707153 -4.630748020634634 3
active_diff -11.551422819403063 -3.640752430378155 2.8022817727434655 3
active_diff 3.7737803596569384 -6.17768306154686 -9.785570937730874 3
active_diff -2.6736948711313664 -1.9514881342121282 -12.597296888242933 3
active_diff -4.797748199350222 -9.16819660496943 -1.8387976162486637 3
active_diff -5.993431441894922 -4.24614016869895 -8.225932315311942 3
active_diff -9.664519270997111 -7.145884990846887 -1.6515327720137558 3
active_diff 10.07615892561121 -2.6470130158404253 0.1832244850934357 3
active_diff 9.423891403640276 -1.9182808041038613 -5.338272165565513 3
active_diff -3.429789054942817 -9.816127195231015 3.617088023284063 3
active_diff -12.193299997778363 1.0130455940211838 -3.5882437493055397 3
active_diff 2.5553717745502764 10.11615313867151 -3.684024718122934 3
active_diff 3.8649935604905243 -2.104458518136557 8.504106235588019 3
active_diff -5.573000186894992 6.0593436784013734 -8.3670287717374 3
active_diff -13.006597422895105 -0.9996706350528934 -3.2911547105132604 3
active_diff 9.789120789076781 1.7183890275566691 -2.522687857507356 3
active_diff -6.620484978840636 -9.217010891747865 -0.8042563353368244 3
active_diff 8.885025666715558 -3.9681085465156714 -6.223768451383599 3
active_diff -6.940618189653268 4.480533414126654 -8.046503547538439 3
active_diff 7.615634670106391 -6.2503102832696555 1.9746619717251517 3
active_diff -1.4852736407792 -1.6541601288843886 10.178339957677276 3
active_diff 3.830827925988893 -10.388886494431413 0.8074695006581397 3
active_diff -2.129185201617077 -10.08472974909833 -7.28138534428182 3
active_diff 4.088049097843727 5.797604044534486 6.620520798667297 3
active_diff -10.691406752968152 -4.458392562591373 -2.6426661614420563 3
active_diff -2.234008204223466 -11.039788501711374 -2.3559309468361933 3
active_diff -10.702874203884683 6.37731115631606 1.9369452165436287 3
active_diff -3.5374823400066595 6.232956725490196 -7.98888162382067 3
active_diff -4.540606866497922 11.118951054100043 -1.177712396951017 3
active_diff 6.0952206109815545 8.740287629153375 0.43034023739240057 3
active_diff -11.809604248943497 -2.273171673771234 0.1582654901160736 3
active_diff -3.1455878379781566 -7.728362851416066 -8.170475330823441 3
active_diff -1.7189199752644244 -4.408911779124171 9.293356623553649 3
active_diff 0.8840828823364981 2.3816992451242993 10.474928024445397 3
active_diff -6.824078472192346 -4.502097791504184 9.431301193046465 3
active_diff -6.767700856132409 -2.4943660221179633 -8.98151645753877 3
active_diff -9.74305535553479 4.207787253982298 3.7238201064748657 3
active_diff 4.838568625600199 4.635856709142246 -6.957071358096397 3
active_diff 4.181592535127331 8.637351361722384 -6.948279260083214 3
active_diff -12.502730586766434 1.5997010190140906 0.9978121445214195 3
active_diff -11.779305361193785 6.056186165754515 -5.783030866134075 3
active_diff 5.572485573673186 3.9995121462852854 5.773877245208843 3
active_diff 10.877093452445317 -3.28350405628755 -5.494378786327813 3
active_diff 9.843074136698318 -0.45921290912792734 -3.3050461869983514 3
active_diff 0.23538657488589687 -8.267517048349747 4.7874651167831175 3
active_diff 7.675180703585331 -5.4130331286636855 -5.452687414488623 3
active_diff -13.085552899077138 -2.5279764512847844 -2.0035028302084004 3
active_diff 10.536308054744762 3.6223651180205945 0.5008636409076779 3
active_diff -7.5122528671747775 -0.35347176649579526 -10.508168414660954 3
active_diff 6.431946803891572 0.593610134962005 7.115054841034951 3
active_diff -1.2727131743727649 -3.3119130765429095 11.276826740779633 3
active_diff -10.20534855547788 7.246942733179381 4.5922509272821 3
active_diff -13.252154728169193 5.282935644341043 -1.4124864722693133 3
active_diff -3.577046043256771 -3.943550710157307 -10.582547041022982 3
active_diff 8.240310216381298 0.020932746394288326 4.062479772566773 3
active_diff -10.681051517948083 -5.3124847566776445 0.7628061635200077 3
active_diff 8.760565284443508 -2.0461426177239423 -7.246264942112889 3
active_diff 5.071492061029006 -10.020960150371138 -7.435343430962811 3
active_diff -8.186073705841137 -7.291292551912013 0.20476046877956128 3
active_diff 2.4340084750459114 11.9654559923106 0.07277634218542683 3
active_diff -9.576391704985891 -6.789560919587956 -6.0027487405591184 3
active_diff -0.0372305388495755 -7.431955709572267 9.940909118482145 3
active_diff 11.391744138884743 0.4908984198429657 -4.86648090435783 3
active_diff -2.122193739842619 -11.840498472279506 -5.9163408324844164 3
active_diff -9.527449572781826 8.018031232483045 -6.775381507434393 3
active_diff 3.104784625689398 -2.4393301111565577 -10.81705398698083 3
active_diff -11.145478206427642 0.19349371336799082 5.575393121182653 3
active_diff -10.405964219416303 1.528756799954662 -6.170632774796088 3
active_diff -11.91519620694773 -3.027985533703201 -4.349532984362807 3
active_diff -3.3530375722969135 10.301046316290503 -9.265600646533754 3
active_diff 7.672633395271108 6.67953902430982 -2.9051700155179283 3
active_diff -4.291111309997286 -10.935263777765803 5.033300324664136 3
active_diff 5.298610649196904 10.461715013041395 1.0644540527173043 3
active_diff -6.516196906949534 -6.574681382974836 -6.132188548931701 3
active_diff 2.114194883969633 1.9331727512760797 11.989558662124486 3
active_diff -1.001822503662952 4.04265401133353 -11.100397804248079 3
active_diff 5.537372406521822 -5.156834445034887 8.787199553326488 3
active_diff -8.24260565812137 -3.4664075990045493 -8.043544710696818 3
active_diff 7.351296062909199 5.394235993012844 -5.693330668780735 3
active_diff 1.5681487487691352 -13.020098943635231 -2.109867358858983 3
active_diff -0.5065303670111694 -12.25249567127353 -1.8340110161018812 3
active_diff 3.679087438015644 -8.865847748681157 3.090237658410893 3
active_diff -1.812588312409488 12.39698086128477 0.0015996450215742808 3
active_diff 2.7258869307546587 9.962666695008519 -7.301068801814052 3
active_diff 8.42653797027965 5.9059129694916015 1.0398098033741476 3
active_diff 8.59840015134236 -5.268679828157392 3.7033988649355303 3
active_diff -3.7743735310774778 -8.812560469091846 6.760390295603047 3
active_diff 12.783486911520834 -3.190644931233496 -1.3145795512163172 3
active_diff -4.855536613082753 -4.145558341655399 9.388281429748812 3
active_diff -6.801094157391211 -11.394491142143568 -3.7875412872754044 3
active_diff 4.629208565501723 -4.400905768853815 -10.695222614201024 3
active_diff 7.86703392145481 -1.8704603881169692 7.1413851490284035 3
active_diff -8.339816606824078 -8.566577946400134 2.767828281604196 3
active_diff -11.70350106271386 -0.2037914050568378 0.24279005666579434 3
active_diff 9.314777215396871 -0.7381006500081743 1.8607980203445602 3
active_diff -8.318356409358536 -5.342242169700047 7.667072999965037 3
active_diff -3.7286375011177197 3.9866137517639166 -9.893773633773485 3
active_diff -5.494097512004872 -1.2113768828214653 -11.313402180474043 3
active_diff 9.07684766031597 0.8663376368680251 5.949761638929247 3
active_diff -12.709461214508488 3.1583269740264934 -4.7968618475977145 3
active_diff -8.867742545380935 8.864961155906675 0.270546041414637 3
active_diff 11.668382106461863 1.7900449227083448 -3.2033069386901447 3
active_diff 1.1114716726876523 -0.7796776144757295 -12.880574440083045 3
active_diff -13.850985357826632 4.569652061986365 -7.232782555919642 3
active_diff -0.8073398834978216 7.270319756570328 8.087928497162926 3
active_diff -9.534657132034834 -2.888357064087399 4.890379468588185 3
active_diff 4.335660576676607 -10.442791592954768 -4.497676415237841 3
active_diff -12.592162419366536 0.14717986251701665 2.369739342752503 3
active_diff 4.687169113182613 -11.114842627663135 -1.6351543941303497 3
active_diff 2.2202155367624625 4.428891281681139 -10.38888526683312 3
active_diff 2.162979586737059 -5.026290886250296 8.884422337716618 3
active_diff -4.911312942922303 -5.51444820293713 -11.085201371809358 3
active_diff -6.777360010929398 2.2412692329892647 9.669394215548705 3
active_diff -1.9558306923621445 -11.652528827313452 2.488394150472499 3
active_diff 4.520883785181826 -1.5501130370712586 11.84600352752073 3
active_diff 10.130149851685767 -5.380989934347709 -6.897142008868663 3
active_diff -2.294156633369425 -3.029953216013483 -14.238291645520286 3
active_diff 11.579496364642983 -3.7490031318806514 0.9082033320641887 3
active_diff -7.663175145748992 -10.910272751107009 -1.0179418319720441 3
active_diff 2.509760923200513 -12.223216408033737 -0.3333889513931918 3
active_diff 5.65746121098748 9.632893439142041 -2.6031777001607335 3
active_diff 7.7017150888119685 8.703141593683068 1.7354654298847458 3
active_diff 6.830555606957562 -7.186241224759142 -8.154967686470123 3
active_diff 4.00245373131463 -6.924609228055516 7.2482478707831755 3
active_diff 5.672710668858876 -2.243521921979958 9.938902980372468 3
active_diff -8.998859646032992 -1.5838860372556054 7.571689559415612 3
active_diff -4.2080621117958055 -9.99471773987345 -6.127958026034793 3
active_diff -7.398206685767495 6.715065168908193 -6.678801686274818 3
active_diff 3.7832891634414296 3.5773903894180723 7.404830802002886 3
active_diff -3.9850048473631663 -12.000555417735827 -2.4605143527205016 3
active_diff 5.29247573201021 -7.468729384915693 -9.949167260759774 3
active_diff 7.273082552895531 4.569541090253669 2.496182866959914 3
active_diff 6.605004384664596 -0.8445747813507061 -8.920363344525905 3
active_diff 2.4334036498609986 3.839413105529203 10.573024520447406 3
active_diff -0.3226905792751027 10.686250205548625 -3.8663651522279263 3
active_diff -1.8749772428804015 -5.458049969013723 -12.012837341850576 3
active_diff 0.20221824219751672 -11.463954360538095 -6.643878856984636 3
active_diff 7.264918585929491 -6.844550735649776 4.67784977256967 3
active_diff -4.9240821098494445 0.7416428215122666 8.799443412261304 3
active_diff 9.382454387425541 7.243595556821416 -1.5086669098103607 3
active_diff 1.0762232967841048 8.438646946050048 7.653661559184752 3
active_diff -6.053469123129867 3.3160375272905758 -11.286934947589234 3
active_diff -10.319734315992047 -2.361713310109886 -6.236992605492337 3
active_diff -10.224764633672756 1.6902156021574235 7.38680361681088 3
active_diff -3.3009706173196625 -0.2775558921211867 -11.643881722913235 3
active_diff -12.088733366871484 2.657461688821787 3.4243342407849475 3
active_diff 11.063583979918462 -0.7743848541399598 0.20080915810121747 3
active_diff 1.7328654180794811 5.848687804685925 -9.005323985647891 3
active_diff 4.150113432092416 6.639913534531192 -7.728391417215642 3
active_diff -10.431135526180476 6.670078497828503 -0.6100695232941764 3
active_diff 5.389652560439364 4.251091316052469 -10.074010617663257 3
active_diff 9.112267121510712 2.584544695568356 -6.110884960133223 3
active_diff 10.510770711787604 -2.670932865132382 6.250198631026294 3
active_diff -7.583657655412815 3.376149333748968 7.375353288688826 3
active_diff -3.5218336492954307 5.369490350937772 9.094701556220148 3
active_diff -10.385343739442925 -5.419787817133006 5.061123153887499 3
active_diff 4.877152089622629 7.883163851385969 8.827756303289133 3
active_diff 8.842299957739035 -3.4547964858374938 1.9411207763171219 3
active_diff -5.629689524403249 -9.272814643725221 5.403106263309147 3
active_diff 1.7946786222778905 -6.449448533455373 -12.320668907684666 3
active_diff 0.48699479117801636 -12.850913378768471 -4.611907419866977 3
active_diff -7.698632812747796 -8.575044275214662 -2.5048626845009396 3
active_diff -10.970340366259194 8.201689422074535 -4.703280451123027 3
active_diff -7.152407177768814 7.091358049957085 7.10065723549212 3
active_diff 2.064426726258609 9.14232412132286 5.917967976619393 3
active_diff 10.094772157003126 1.5618463539503025 -0.5227765701958134 3
active_diff 9.938662268198836 -5.059504561854016 -2.561799067727227 3
active_diff 6.571711821420198 6.741224767537394 4.578543908503178 3
active_diff 6.150620696109071 -8.642337214743115 3.35802147283072 3
active_diff -0.8329481990061578 8.932541139029729 -8.716072102914772 3
active_diff -1.346295028697168 -9.150852568656958 3.8132594046930866 3
active_diff 6.569093014525835 4.691158071560755 -7.95818428811389 3
active_diff 2.331171488350516 12.00729248834571 -4.295028966702102 3
active_diff -1.041503382049733 -7.715412349472672 -7.739417405702717 3
active_diff -1.1316270812030023 -5.6752350081419785 10.72566683305258 3
active_diff -10.207346829376519 4.695901417375203 7.908848525828665 3
active_diff -1.3451985602331105 -9.437817934430825 -9.131659508559812 3
active_diff -9.768390453689012 -9.007119716031925 -0.9269528418669412 3
active_diff -5.602495076089283 -7.227083760339871 -8.879211295855823 3
active_diff -6.537918785442335 -6.5414160561629195 6.4050017344025445 3
active_diff 0.10835703269549934 -7.563991031658064 -12.707705938586393 3
active_diff 0.30683164716107164 1.4354061241341698 -13.16769841239702 3
active_diff 1.254945511930973 -9.447885922692429 6.528179290201116 3
active_diff -5.947495322123728 8.01432993560124 -7.632963668257023 3
active_diff -6.543704962440507 -10.193394659307488 -5.48701905929385 3
active_diff -4.072743284987867 7.634112187567256 8.71880114499554 3
active_diff 8.098432485354717 0.23278260186177682 -8.051591465395186 3
active_diff 6.995695121954929 -2.9562259892311302 -10.407475698806783 3
active_diff -9.794215165231105 -3.5034108969038904 7.197347697099387 3
active_diff -13.195367905542383 2.0041471856527417 -2.1692379201086216 3
active_diff 5.543705916331981 -10.343226632479697 1.838955887967625 3
active_diff 6.924456458428752 4.200546812929089 7.2339319666424835 3
active_diff 1.2902816538714486 -3.5969468375727613 -11.239917905217105 3
active_diff 0.14050836564565472 5.605841362158837 10.779717147542481 3
active_diff 8.770437928517406 -7.094983963958709 -3.8078631406708436 3
active_diff -2.6602362117601412 -6.422972556163867 7.0406860692018896 3
active_diff -12.15947334936641 -5.170442095883753 -1.4860478446764342 3
active_diff 3.728436247456565 -3.8162886216425296 9.5292841698939 3
active_diff 8.684381173486875 -6.607415773372397 -0.09399011906132926 3
active_diff 3.6560819646043567 -11.544141687043082 -6.036730898019394 3
active_diff -0.06612855659764483 3.765069611158043 9.387093178663019 3
active_diff 0.6439623593184882 0.04678564278770858 11.07674912826399 3
active_diff 9.180240318640601 5.442884583141557 4.069633328648022 3
active_diff -3.861538493543981 -10.75785838797991 -8.020201903021167 3
active_diff 7.700189317047952 -9.407983576055921 -2.5620926637627983 3
active_diff 9.078606814264491 3.459800259051775 2.840077210004209 3
active_diff 4.385845757504379 1.1938107148286996 -11.61202936185904 3
active_diff 2.711152191976992 -7.785825015178736 -9.214126676996736 3
active_diff -4.207687005395664 10.541754909203004 -5.120644264871656 3
active_diff -12.449479384031331 -1.2679857658993892 -5.284523577883547 3
active_diff -2.1071420444690028 12.058717459291037 -2.018133164020566 3
active_diff -6.568441186430069 -2.0472761782662157 9.4849015716291 3
active_diff -8.023021366256962 -5.285860054332015 -6.966696078945349 3
active_diff 7.292010304466443 -5.278063604900602 -8.785781677950435 3
active_diff 5.610163499239545 8.635183767194029 3.64693191067621 3
active_diff -4.744214159605447 -2.479754399963929 10.518317491789464 3
active_diff -3.60466529087534 4.135886820275236 11.340463965328706 3
active_diff -6.036072038132448 -9.84099687097584 1.798508045058904 3
active_diff 8.764860978787874 -7.782464429988278 2.5506676679880087 3
active_diff 5.207136776139215 1.6487193360595152 13.0505331343469 3
active_diff 9.47765634847701 2.8843325664308517 -8.672553695440612 3
active_diff -4.1499571976739205 7.3310046955516555 -9.544248205745772 3
active_diff 0.42093221824889426 -4.559475320410534 -13.420335256474853 3
active_diff -5.710108728315923 11.896901724574029 -2.6014603203957893 3
active_diff -1.7992340428592173 -12.729046832968796 -3.4310354986941225 3
active_diff -10.385905127182356 -7.477947665691504 2.7578450301923443 3
active_diff -7.19046360620775 6.9456677867250125 -9.140489606033091 3
active_diff -3.6082067200600063 2.2724156725624844 -11.81844621263139 3
active_diff -4.91494586486548 -12.957941403869016 -0.7127750691046448 3
active_diff -1.5252613627208482 -8.397767432130625 6.690449334287113 3
active_diff 3.7782510689053512 7.844304856302035 6.766436281845442 3
active_diff 3.0579861124846373 -10.081359407220999 -8.835417061877312 3
active_diff -12.275349944720617 3.5467373948018133 -0.9159235354793862 3
active_diff -5.570275020012468 -6.047218389951887 9.229858299018327 3
active_diff 0.7438277331862871 6.769929880613441 -12.107870945452675 3
active_diff -8.847567627977568 -8.153804716255005 -4.475455312602064 3
active_diff -11.392821482654458 4.940999535656452 -10.266982246598856 3
active_diff -10.88540648733236 2.937990525881168 1.7235239700694847 3
active_diff -8.117122460839365 10.234574183338626 -6.944280116955281 3
active_diff 2.6703621981684234 9.731164384399507 -9.942272621556032 3
active_diff 10.638615831318035 5.026305725833494 -5.309576940775106 3
active_diff 8.113011755525072 -8.701730349515072 0.05745644461553168 3
active_diff 9.062814868379874 -7.702477737076318 -1.7385976696289207 3
active_diff 1.573048981184535 -10.92588701574764 3.146070500247811 3
active_diff 5.946257299496873 -9.151802574367625 -5.545801406984703 3
active_diff -12.601046176508076 -5.259729961936687 2.27578147784493 3
active_diff -13.326785317707909 -0.5571551743859763 -1.129047842953467 3
active_diff -3.3828270184373506 10.634584245285453 5.945179440765604 3
active_diff 5.1471013003841675 0.2587541480801273 -10.00917066823382 3
active_diff 5.5732727225675305 0.2826751690482133 9.821160066394464 3
active_diff -1.698892294999925 5.353767195351052 9.918073069346027 3
active_diff 0.8652574673919664 -4.835578129866612 11.17506046489925 3
active_diff 6.132286776494265 -6.40920049108803 6.644708092182256 3
active_diff 8.728598527884433 -4.29879296976534 -4.116998371909867 3
active_diff -7.13666276371599 11.730676461449638 3.974885147786158 3
active_diff -8.433713289738545 5.492294204227871 7.344708075982682 3
active_diff -6.621627984610411 -4.788279609306737 -10.045672387590887 3
active_diff 0.8836415627036898 -3.3584487033077317 12.54289537216717 3
active_diff -1.9882654573184533 1.0855351706776124 -13.03213945813443 3
active_diff -5.952638014610601 0.6756448556502248 -11.894160115670772 3
active_diff -1.629434019045125 3.859100934836887 12.91480073524118 3
active_diff -0.834471885330338 -0.3987748698281243 -13.954006389896662 3
active_diff -0.2977060561174823 -14.180304384035363 0.11440551305630978 3
active_diff -12.01219655733802 3.3824603418861154 -8.967117143501374 3
active_diff -4.124299438986012 -9.084929243687517 -9.266765085136715 3
active_diff 4.4802666217427864 5.946882133803822 9.719908352317535 3
active_diff -7.7631612620853225 12.151661052241636 -5.38994362734145 3
active_diff -5.068540834672879 -10.373789497832473 -0.26615108083991856 3
active_diff 6.673501925260334 8.694808579374522 -6.057905410796325 3
active_diff -7.477290402464458 -10.194296302338484 3.6512252459237953 3
active_diff 5.92700171519842 6.182337669562618 7.306256395597364 3
active_diff -9.48268630552578 6.914529252953194 -9.169519331241595 3
active_diff 9.154102004127507 5.32370439672936 -3.4668007608893365 3
active_diff 6.780251665648025 -4.3799045833805845 7.23771547603077 3
active_diff -8.16302216120786 -0.02396748099239754 8.963271936796794 3
active_diff -14.250495442953381 6.8874429499770375 -3.1919932799818884 3
active_diff 1.9296644990470653 -7.472740777428937 8.388030479150846 3
active_diff 7.13015687587313 2.705346520847237 8.677781922904693 3
active_diff 5.358991118285456 4.883885107967725 11.292765457523348 3
active_diff -13.487569894723608 3.9064359104166293 -2.880453101287373 3
active_diff -12.316878952815348 5.882916651034316 0.8643023386124487 3
active_diff -12.999620449409724 6.758620801147105 -7.203388802878685 3
active_diff -3.0263210331506043 -0.007747778506371927 12.294462084515894 3
active_diff -2.6221365931064726 12.363347994757522 2.2577123189002277 3
active_diff -12.529821101236092 9.700216259885249 -2.748839119098171 3
active_diff -13.649683162706705 -3.0262680838979774 -0.058426429849171846 3
active_diff 6.1452327020300945 -9.218074106281188 -0.8445158714552154 3
active_diff -5.061109279553275 -0.5031629983410506 10.558662333957017 3
active_diff -4.499772195569066 -11.492183892469397 2.8752031953336186 3
active_diff -1.631217154689521 7.815327241060163 -10.892247129897862 3
active_diff -5.365983608130105 12.393662386841632 4.935709897207046 3
quiesc_diff 0.0 0.0 0.0 4
quiesc_diff 0.9862435231845093 -1.261782987295107 -1.1980097687202897 4
quiesc_diff -1.2464972467990967 0.5744896515314123 1.4547186167797497 4
quiesc_diff 1.6250430648428469 -2.965856742492859 -2.0275082813309693 4
quiesc_diff -1.6732726155328468 -1.073762117705194 -0.21724103822510835 4
quiesc_diff -4.275837753168464 3.9019452184189047 -1.625272165786811 4
quiesc_diff 1.6249870607571146 -3.6289145976530257 -3.914398388776006 4
quiesc_diff 1.8420196702724443 0.7140956621520933 -1.62095781654526 4
quiesc_diff -0.550382304008756 1.0353978963922592 -4.004154519405387 4
quiesc_diff -0.817390327715666 3.0219590318070395 1.3697548964592787 4
quiesc_diff -0.5522405278133291 -2.5323039689872475 -1.3352805227260867 4
quiesc_diff -0.1642571764883234 0.9100914723287263 3.1027865304566284 4
quiesc_diff 1.394073675941861 1.1567878888588254 4.331910540650646 4
quiesc_diff -2.1681317913146287 -1.05298632930978 2.1631758830567254 4
quiesc_diff 1.1525706760256658 -1.3650018868678142 0.8990832473208732 4
quiesc_diff 1.3844548051455687 1.4569421943157264 -3.7236090401555026 4
quiesc_diff 2.238404011020934 -3.7951131689270023 -0.3139966446849862 4
quiesc_diff -0.02499331810662575 -3.283662490984106 -4.990672393017184 4
quiesc_diff 2.0992670423130826 2.6771469809656 -1.9042479668906929 4
quiesc_diff -0.1473453197077763 -0.5693986279884552 -2.6931954542649468 4
quiesc_diff -2.5665640993167873 -1.392127233212315 -1.9781141109442137 4
quiesc_diff -1.7438398970081135 -3.3210996017611993 0.06396655804675988 4
quiesc_diff 1.0149081325989933 2.2239020806457086 1.4458302211816216 4
quiesc_diff 1.7809410717736072 0.44987776919755684 1.9616124218151967 4
quiesc_diff 1.7459796184406726 -0.39603714261364464 -4.383735835767323 4
quiesc_diff 3.2886332123833277 -3.5414512025044997 -5.021029147741427 4
quiesc_diff -1.6529366136318966 -4.113594609211052 -1.8719256920924716 4
quiesc_diff -1.161281748256225 1.0482566356388097 4.831037782716708 4
quiesc_diff -3.3904508418692636 -0.0559747263406245 -0.09311301973040007 4
quiesc_diff -0.8588179858883395 -1.2401062181712217 -4.437889689295586 4
quiesc_diff -4.0364813620247295 -2.6384395786766603 -1.4432788294449923 4
quiesc_diff 2.907721714250679 -0.9704829008773692 -0.7257113239736461 4
quiesc_diff -1.5837817017776061 -5.279828311550115 0.435131232535325 4
quiesc_diff -3.11390495422675 -1.8113097834923744 3.7539174281078944 4
quiesc_diff -1.1067809752573503 6.131166920157122 0.10589562184557844 4
quiesc_diff -1.212804686167563 2.311742220855706 -5.394169538397987 4
quiesc_diff 0.8830297022785529 1.1599677152040164 6.265514415720933 4
quiesc_diff 3.4329273458064593 1.2608643717863006 -2.70264942975667 4
quiesc_diff 2.081248559102493 -5.532128841078054 -1.2928116009632105 4
quiesc_diff 2.879808504414414 4.382686652639997 -2.598430546825905 4
quiesc_diff -7.252341330857293 5.302618601280779 -2.992206577574943 4
quiesc_diff 0.2963551434782674 4.075953884803939 -1.8029793257430202 4
quiesc_diff 0.3612281894864815 -3.25689010335814 -6.952843686847902 4
quiesc_diff 3.566837659705394 -3.443244659266476 -2.0666813368812154 4
quiesc_diff 0.19384053011085034 -2.3333152905919956 2.3630523929937755 4
quiesc_diff -2.6678260759588213 1.3216983027844895 2.646986871365103 4
quiesc_diff 0.6153956258931883 -4.104391553344368 0.8130307120092564 4
quiesc_diff 1.2256337956662668 -5.460736354767127 -3.2180177315024947 4
quiesc_diff -7.208419359505646 5.936686041565426 -0.26807595109841076 4
quiesc_diff -3.3929893956847286 -5.666078710418782 -0.3248543921188963 4
quiesc_diff 2.8634396985044583 -1.7570512764650008 -3.0300865191941107 4
quiesc_diff -3.552806127376631 -4.584668861112872 -2.2825165832950014 4
quiesc_diff -4.18694674653799 -0.9831259153966752 -3.0767851256749545 4
quiesc_diff -1.4831594720351633 -3.467397849114141 2.0415010176346025 4
quiesc_diff -4.098130672611627 0.06309871507095632 3.2553912094505395 4
quiesc_diff -0.24483917877873296 -3.230511431384724 -8.858620827751054 4
quiesc_diff 4.536197312155341 -0.26162109975177694 -2.0208625346728653 4
quiesc_diff 5.1982610760647425 -2.9660065433669356 -5.1699749987128785 4
quiesc_diff 3.970597761890659 2.5046888083028476 -1.2198653862772657 4
quiesc_diff -3.6700206793618286 5.812723397526725 -1.780628037291081 4
quiesc_diff -0.09967785450164213 -0.6462353646544612 4.7898791419809195 4
quiesc_diff -2.774623630415567 -1.2345446277646774 -5.0120480307918704 4
quiesc_diff -6.654066755270948 0.5915949768907822 -2.022867973287631 4
quiesc_diff -4.703463642457764 3.949460561015111 -3.578443533339464 4
quiesc_diff 2.829333133108654 -1.6371818887346077 1.9547279361725776 4
quiesc_diff 2.5273989174338682 1.2416418640548192 0.18235865385544248 4
quiesc_diff -1.9126640586774806 -3.8405551664793505 -4.634906004536726 4
quiesc_diff -3.7821447570305464 -2.2057199914170162 1.9059459261198493 4
quiesc_diff -2.4572999186236855 0.8838441934501045 -4.587846806655979 4
quiesc_diff 2.018096974998561 3.1688385344103613 -4.540865744841727 4
quiesc_diff 4.5687857289365175 -4.0048063937814025 -0.42938219350740603 4
quiesc_diff -0.4191156088648421 3.4070488141520165 -3.920954986728073 4
quiesc_diff -4.582163127250907 2.183987770339002 3.0123022425339956 4
quiesc_diff 3.036075706053606 1.9784700818105718 3.5390248572795078 4
quiesc_diff 2.3211883727565876 -0.5480247642019969 3.608525712676424 4
quiesc_diff -4.590437864447076 1.4706477475854047 -3.6365768071342712 4
quiesc_diff 1.2466824533120564 3.5362603697437924 -0.045476717477737294 4
quiesc_diff -5.073869206551616 -1.7375028436252618 4.145188006143197 4
quiesc_diff 1.9396270625778738 2.364729608155441 7.462239446586674 4
quiesc_diff -5.461325230110486 -3.204983867509048 -0.15920425202753452 4
quiesc_diff 1.15936361500396 -0.41451676999866266 -6.295682531646591 4
quiesc_diff 4.684973337806365 -1.1017913239630075 0.18210736089433943 4
quiesc_diff 0.4697529391869971 5.38571495965721 -3.3044649671137787 4
quiesc_diff 1.9536158115016513 5.205030341541045 -1.0281063914619177 4
quiesc_diff 1.0569025860781882 -7.2410302953850305 -1.467084797457645 4
quiesc_diff -0.7641103610213309 8.083174978017219 -0.16288196685623713 4
quiesc_diff -8.642166753355635 5.951194021934326 -4.275847967800958 4
quiesc_diff -1.0381096018411458 2.6848347321335084 3.39718133421934 4
quiesc_diff 0.277501830236628 -4.352063319670219 -1.3334030617851709 4
quiesc_diff 0.07389583756681745 -2.692991741448775 4.326785094109074 4
quiesc_diff 3.998733448563156 1.4042788877527226 1.8826449058635175 4
quiesc_diff -2.8182199264938106 -1.8266326803779562 5.731879908339915 4
quiesc_diff 1.7586592179339915 -5.135684392079047 -5.222747172931457 4
quiesc_diff -5.9792270675988055 2.9811734818164464 1.6777710765989406 4
quiesc_diff 1.8696220173017324 -3.568472555905063 4.23244087895201 4
quiesc_diff 0.31116057529122787 4.605811743161436 -5.345617801181797 4
quiesc_diff 4.830884139734345 -2.113194081074706 -3.0783013861788104 4
quiesc_diff 3.299376742429729 -2.106492911534035 4.392314298449173 4
quiesc_diff 6.321162195914579 -0.04261938542360588 -2.896041723678004 4
quiesc_diff 1.2684222146726825 6.384064677613246 1.0606942441757854 4
quiesc_diff 1.2168910337198455 -0.3959803003992115 7.476944308083105 4
quiesc_diff -4.923368299023403 6.02660067784427 -3.3244467615112 4
quiesc_diff -7.110127393184617 1.1342842432585964 1.7714771131297962 4
quiesc_diff 2.703911229667397 3.2541551417188574 1.7388270952993297 4
quiesc_diff -1.1871878381329706 -0.4202311987808256 -6.232319457415931 4
quiesc_diff -0.6550874982512658 -6.120053342784691 -1.2664073711910024 4
quiesc_diff 2.79026735688506 -4.787270168866423 1.3325364812990794 4
quiesc_diff 4.608983717129123 -2.81204122614637 1.2161628959750863 4
quiesc_diff -3.0230636370012998 1.833618609295093 4.547445730432218 4
quiesc_diff 2.6954864871881306 -7.9557842782795625 -2.363839804669607 4
quiesc_diff -0.7442431133665374 -1.6672880944762931 6.384240126823379 4
quiesc_diff -8.632229909136273 0.31865581685335786 -1.9116261124273615 4
quiesc_diff 5.094735900591281 -4.632571539304237 -2.567708819079007 4
quiesc_diff 2.449933052737407 -2.277867683708484 -6.324846133839163 4
quiesc_diff -1.8868268952432585 5.727053078920639 -4.118177538424943 4
quiesc_diff 2.8593030241328425 0.499115763226013 -6.820545941996377 4
quiesc_diff 5.094993535433632 3.2360635655377004 0.2636524292269362 4
quiesc_diff -3.360778370974178 -4.033765877707333 1.0007785725605385 4
quiesc_diff 4.6969266280782564 -5.986285642861802 -0.668797931149955 4
quiesc_diff -5.674451605647983 -2.4703517636554944 -2.578532090812777 4
quiesc_diff -5.390642870856374 -5.756478339654505 -0.2900909031010949 4
quiesc_diff 1.4097300638345307 1.6102568444745797 -5.717563848907415 4
quiesc_diff 4.925503367081815 2.50560648382901 -3.174702281904906 4
quiesc_diff -3.159930305668818 1.1730147575832293 -6.437898407028179 4
quiesc_diff 3.7338500764306612 -0.4753530103801675 -4.588870024461251 4
quiesc_diff -4.87502791511331 0.7947937588941096 4.946855970371652 4
quiesc_diff -2.0070748517206796 8.384861310374996 -1.7004204644975227 4
quiesc_diff -1.2942319270402647 -1.6003172853803405 -9.349784656049868 4
quiesc_diff 3.5713270761567424 4.922798204334615 0.11353947523051566 4
quiesc_diff 3.7998467975430135 5.441213142287015 -4.024281594408566 4
quiesc_diff -2.1906631596303576 -3.7751301550793945 3.8866946009489682 4
quiesc_diff -0.8599751567639365 2.389022579938176 6.2841589134316695 4
quiesc_diff -0.3258630011562795 -5.25237678181477 -4.807256268042539 4
quiesc_diff -1.3803154436584144 -2.4775265514801834 -6.353161914691492 4
quiesc_diff -1.9418044962391123 -4.636220429582152 -6.4695906161226695 4
quiesc_diff 2.89992934479445 1.273863269818085 5.642899503135748 4
quiesc_diff -4.410748716487462 -1.0927137164818255 -6.153528952809803 4
quiesc_diff 1.7196541974822193 -6.397178122232373 0.4738064275927141 4
quiesc_diff -5.3186418411070395 -1.3998769229403614 6.101228674190381 4
quiesc_diff -8.28381388046626 4.3171954456314285 0.20179300294009211 4
quiesc_diff 1.6944657298869639 -7.007502756598055 -4.3960289010683375 4
quiesc_diff 4.695313382187436 -1.3511876450589377 2.615276952243505 4
quiesc_diff -3.053000870185 -2.6420915228864676 -3.4616802680422705 4
quiesc_diff -2.986061123580754 5.828817656252763 0.719810149067454 4
quiesc_diff 3.3396719059789657 2.3527260200554916 -5.800786403342694 4
quiesc_diff 0.023711709670447223 -4.880069652657709 2.5589498480315878 4
quiesc_diff -0.49562472745761377 4.030877669416796 4.773363942761849 4
quiesc_diff -2.5539860962164562 -6.685034508201494 1.4763319710598943 4
quiesc_diff -8.759714592635309 4.785403102895151 -5.8966854175677375 4
quiesc_diff -5.777504325780698 -1.235033562854627 -4.262815953379604 4
quiesc_diff 6.164723896618035 -1.2228062744587505 -5.005043379650295 4
quiesc_diff -4.605105779666225 -6.285327629752591 -2.3031368267473944 4
quiesc_diff 0.3911363355462422 7.364678464958203 -3.582894265713614 4
quiesc_diff -4.870901127000206 -3.740324546327445 2.583882816175743 4
quiesc_diff -6.68455519896383 -3.849364766476592 1.2859537671332857 4
quiesc_diff -1.9904453337030008 -5.451949079769858 -3.319300963061001 4
quiesc_diff 0.3799352403546131 -8.90152140723081 -0.5813735124978423 4
quiesc_diff -1.0028656675261933 3.8737172931213406 7.616549213073656 4
quiesc_diff 2.2083463051734293 6.382592156693104 -4.786470372876995 4
quiesc_diff 1.5397891544277664 -2.533170656977349 5.9115359509014915 4
quiesc_diff -3.741019414750971 7.492349052753945 1.5338748095509889 4
quiesc_diff 1.00119369201884 3.1170888963867696 3.2352516992873017 4
quiesc_diff 7.8148707687233445 -1.963100979381617 -4.151240679757497 4
quiesc_diff 0.04364530964947798 -4.192660477498746 5.649690452657071 4
quiesc_diff -3.894685793612653 -4.104758940622616 -4.535072328180435 4
quiesc_diff 6.510437510359928 3.2539543283160466 -4.138008705179908 4
quiesc_diff 7.098335656393827 -1.701503925489677 -2.0934811371448183 4
quiesc_diff 4.479645404543832 -3.7339686760502913 -6.8710998264104175 4
quiesc_diff 4.773809218364068 1.0003475260422867 3.692512661649967 4
quiesc_diff -5.247093859923791 0.3271035611350954 -7.2869510715418055 4
quiesc_diff -6.138650036694298 0.18956505891006364 3.286376964860059 4
quiesc_diff -2.92352814292938 -8.537287845475984 0.8186114755097419 4
quiesc_diff 1.7759781908419403 2.968051197556158 5.08919131293113 4
quiesc_diff -9.447650655462105 3.2722856277278547 -7.008989099035039 4
quiesc_diff -3.727533305726782 -4.707541299483314 -7.3674135120672375 4
quiesc_diff -6.2923424630722105 -4.767059881856532 3.5458178861684138 4
quiesc_diff 3.1959772813881644 -6.524052537363105 2.2375151891363085 4
quiesc_diff 6.498690772332689 -3.085887190987851 1.8111550245397448 4
quiesc_diff 2.5856030434927826 -0.6237831284834519 8.917337763296004 4
quiesc_diff -3.512220678847639 -7.491736835046529 -1.132787751435136 4
quiesc_diff -7.596961349857527 -2.4047181790298837 -2.031130486879665 4
quiesc_diff -3.262622412280127 -2.5270968027273075 7.551730573622178 4
quiesc_diff -9.312959235659763 2.8794646513771855 -0.7329743484028506 4
quiesc_diff 5.5938392934546295 -1.9492260711216605 4.29902314087583 4
quiesc_diff 1.7966829198453913 3.5489744671856807 -6.4918840658202015 4
quiesc_diff -2.3734423070159982 -0.7049018535914033 -7.8171736946708155 4
quiesc_diff -1.4092531615848574 0.3326137100402644 6.682082185537061 4
quiesc_diff -4.584149264422109 3.231565811943743 4.7159971395172295 4
quiesc_diff -0.9160746033067964 -7.704747036313451 -2.458309896016295 4
quiesc_diff 4.769986540364849 1.0673051573213341 -6.350234537664169 4
quiesc_diff 4.279278480416695 -1.1789158676556992 -6.379821492811954 4
quiesc_diff 0.7212619398773938 7.046732530478556 -1.3260905382203045 4
quiesc_diff -2.2506839043284668 4.358463954545922 5.674726528781871 4
quiesc_diff -5.679844978957958 6.462717180092755 3.4111299733027822 4
quiesc_diff -8.56935431856121 -3.912157367222447 1.9519788177556427 4
quiesc_diff 2.2777573953176904 -1.0770260745884617 -7.914920022939327 4
quiesc_diff 2.413942802622482 -9.54572680964684 -3.5440160205927267 4
quiesc_diff 5.985581424299523 -5.631324687603378 -4.053941102960481 4
quiesc_diff -0.8615115262531972 7.840404759312282 -5.06766961141054 4
quiesc_diff -3.9029346588988525 0.5460218162389019 6.676927420274785 4
quiesc_diff 4.139711850565188 5.677799875016666 -1.7409194392691543 4
quiesc_diff 1.2665152100752142 5.798171195323372 -6.636189945091949 4
quiesc_diff -3.4282177653034265 4.560294763287054 -6.897889775586387 4
quiesc_diff 5.554396751160239 -6.250842256932392 1.1185897676924856 4
quiesc_diff -2.5190725448913076 -6.786329292373936 -4.7121335875360195 4
quiesc_diff -0.6189345836505409 7.0221079589515405 1.828750799621162 4
quiesc_diff 0.5862901761559531 1.5426886081838644 8.684011874748133 4
quiesc_diff -1.3964314124836368 9.758892727015208 0.7271405685723413 4
quiesc_diff -9.614765396819987 -1.3877468071804389 -2.262074539635558 4
quiesc_diff 1.7999584500756012 1.2578443010121796 -8.337819839275424 4
quiesc_diff -5.707105143146272 -5.7705678925486845 1.6846630346633944 4
quiesc_diff -0.008724228211338225 2.7543821659305565 -7.871177646683885 4
quiesc_diff -5.5121815058991395 -4.472679809344607 -2.6676225145967947 4
quiesc_diff 4.833436762489871 0.9678664489306139 -0.2745157711726135 4
quiesc_diff -8.086439609148307 -0.7656186125346178 1.9908177610039233 4
quiesc_diff -0.5506293132294937 -2.2033869122040226 -11.105735161598512 4
quiesc_diff -5.999981951175398 -3.2786822194476377 6.024636819347698 4
quiesc_diff -2.819217520796111 -5.491448675717896 3.074801658023131 4
quiesc_diff 4.276821152795525 3.9989942059120844 2.724306238750283 4
quiesc_diff -10.391271029136295 5.08771105162841 -4.717471554622911 4
quiesc_diff -3.2496127131263433 -2.526775029631116 -7.062599935775479 4
quiesc_diff -3.929910705191733 7.8484702466526075 -1.8228414895096088 4
quiesc_diff 2.4756831571997298 -7.565026158043171 -6.150698952133179 4
quiesc_diff -7.237034718908002 0.1394116576751414 -3.8818135344044684 4
quiesc_diff -2.2464292591796733 1.822469549437768 -8.094317530136946 4
quiesc_diff 6.4957943235165025 -3.5863586126906357 -0.7633572388552334 4
quiesc_diff -2.5410034430623174 6.361834488792259 -5.898375731313852 4
quiesc_diff 3.1555444366558913 -4.844063026374487 -3.43362895367068 4
quiesc_diff -0.21666189892963095 -6.661849039945551 0.9052398911944277 4
quiesc_diff -4.282740456241253 -3.4585193379725405 4.787229692186218 4
quiesc_diff -8.432058435107932 6.579530896303274 -2.0033878152332942 4
quiesc_diff 0.03247597691273785 -0.6073563262795477 -7.9366996420542115 4
quiesc_diff 6.359681815420574 -0.8066519808458958 1.2348391800921346 4
quiesc_diff -4.476785035607781 -7.955237470139603 -3.3962676110650403 4
quiesc_diff -0.32567197269663195 -7.13971752348411 -5.469030314332626 4
quiesc_diff 3.468213843704503 -0.8639533886617945 5.950386686797531 4
quiesc_diff 3.789259559537781 -5.41035743537853 -5.527549387474638 4
quiesc_diff 6.382238259910848 2.269736259508651 -0.9234501598226448 4
quiesc_diff 2.944241934793803 -7.7714238676049225 -0.308391440565682 4
quiesc_diff 5.910612738221384 1.972692245966429 2.029695359722612 4
quiesc_diff 5.130430345175799 5.739810076721727 1.0631123249437957 4
quiesc_diff -6.017532897306387 6.936791402513572 -4.729564790927308 4
quiesc_diff -6.070725784001125 -3.1460023740353487 -4.774889560523759 4
quiesc_diff -6.884115909512605 -4.364260818794416 -0.9540272718407236 4
quiesc_diff 2.791402685967089 6.958655917476468 -0.55597241429168 4
quiesc_diff 0.6574324487033549 -5.888671067025603 -6.712817865913096 4
quiesc_diff -1.3865035510326864 -4.871048790385062 -8.931006149814179 4
quiesc_diff -1.395511553014181 -2.087581963056065 8.22793274858905 4
quiesc_diff 4.032706527366194 2.8607815535804413 5.197359139862612 4
quiesc_diff -3.052087065116647 2.5238133360083705 6.4243551261776854 4
quiesc_diff 1.297292023502949 -6.3913119329445225 2.8657721980842177 4
quiesc_diff -6.633729628305412 7.798809800568103 0.18162041202980583 4
quiesc_diff 2.1076157019364894 -4.223176080186826 -7.080992301131886 4
quiesc_diff -2.5928894125096944 -0.4907572513361018 8.35614000903244 4
quiesc_diff 7.6762255173999066 0.032121658246459184 -4.63018509430768 4
quiesc_diff -1.2605123647120589 1.568800085886949 9.451239719508486 4
quiesc_diff -2.3905297488798745 6.353415991865565 5.65003830171085 4
quiesc_diff 2.833051473093214 -5.809473432841203 -8.059462357335939 4
quiesc_diff -2.580885618028501 -5.143660250254376 5.291988809135305 4
quiesc_diff -7.031420525138725 -1.9389709075513686 4.502124210969404 4
quiesc_diff 1.7911959407832376 -8.099091504817684 1.521839164267708 4
quiesc_diff -5.512682277691594 -7.73713509182069 -0.04088172735147083 4
quiesc_diff -4.87388139267554 5.002806126615292 -5.270017034503734 4
quiesc_diff -1.490132344234184 -7.779883070333021 -0.5263631963310141 4
quiesc_diff 5.381134008631606 -1.3800060870063628 6.223198077957353 4
quiesc_diff 3.2678980014553978 8.855965404704886 -0.13983671047532237 4
quiesc_diff 5.29726497714127 3.908606129364478 -1.738488809969566 4
quiesc_diff -5.361682767815635 -2.0482197993530784 -7.630936329135176 4
quiesc_diff 3.631533937007382 -6.840905206232148 -3.9269745149089426 4
quiesc_diff 1.0843076032274217 8.980705059657012 -1.6837888785936201 4
quiesc_diff 2.960386002895531 4.699775581947609 -7.641428292356224 4
quiesc_diff -2.359950129428891 -6.573357555800552 -6.739134645310178 4
quiesc_diff -6.770637905720978 1.0876268273473362 5.5133465329838325 4
quiesc_diff -0.9298786808507844 -5.865822420362869 4.014613561966637 4
quiesc_diff 0.5146466998526609 9.624753185718587 0.15286969867742295 4
quiesc_diff -1.3987013139276614 -8.745848796581141 -5.987634562711882 4
quiesc_diff 1.0515362997628837 -2.2171590389869795 8.286861473028933 4
quiesc_diff -4.763031159847358 -5.063890317589219 5.87906523741917 4
quiesc_diff 6.171661888671459 2.4848407636257286 -6.511166271044428 4
quiesc_diff 3.883165451664785 -5.4351385059112065 3.7678872519821525 4
quiesc_diff -2.820300400657035 -9.33327046470766 -1.4933431833117574 4
quiesc_diff -8.983058402117658 0.3013233625653764 -4.843679376136321 4
quiesc_diff -4.815341111066991 9.269897408490447 -2.91625715609812 4
quiesc_diff 2.8180959963185357 4.567525725154029 5.685573501694521 4
quiesc_diff 0.45429326385702734 -0.7405336778517575 -9.887169833947226 4
quiesc_diff 6.650064238011011 -3.783935542036286 -3.495486112916385 4
quiesc_diff -8.942224739795197 0.351445678287992 3.4120141514907076 4
quiesc_diff -3.2792290189285778 9.619988876064934 -0.7751725672675827 4
quiesc_diff 6.53503730600532 0.08178153846608749 -0.8396786872906126 4
quiesc_diff 4.248148215151815 -3.30521014966737 5.681852849850702 4
quiesc_diff -3.492910870904408 9.244452950049622 3.9609838892731686 4
quiesc_diff -1.7877254019546185 -3.4448035025319035 6.297215406273984 4
quiesc_diff 0.5769645249255142 4.724854275483445 6.312178020519268 4
quiesc_diff -10.910526247515973 1.8030370415533146 -0.19530972855355289 4
quiesc_diff 3.359666566744713 0.8070120996688648 7.532526892777357 4
quiesc_diff -9.819476368454199 -2.6422384314733107 2.859999058167239 4
quiesc_diff -7.558531305805913 -1.7808677110136961 -4.990832422373076 4
quiesc_diff -8.620981150454577 2.600783718329372 4.896719977491221 4
quiesc_diff 4.662724289235319 -4.685101330463302 2.0278540813588037 4
quiesc_diff -4.611474115755235 -6.3232374067357435 3.384549627794116 4
quiesc_diff -5.193502086533121 2.022171721919835 7.071157265273409 4
quiesc_diff -4.52614758397273 2.0432639784122717 -8.018408445120967 4
quiesc_diff -1.1808149312263958 0.3963975309846153 -9.333458996209686 4
quiesc_diff -2.460433485892553 -8.624727360507237 -3.9267330503300113 4
quiesc_diff 2.564468954088603 -3.3943770331545853 7.3975894108411735 4
quiesc_diff -2.9888480941383966 8.072016798920169 -6.8336359275309855 4
quiesc_diff -7.066374679647137 -4.843243063217132 -4.4170385865351145 4
quiesc_diff -0.43148480251501276 -9.158297728883957 -3.7437526637412466 4
quiesc_diff 3.6399289518174385 1.998296320189231 -7.8896955193007035 4
quiesc_diff -4.516940093738489 9.28970953066556 1.1246775315042212 4
quiesc_diff 1.3351828802355457 7.460610359109955 -7.745956036564975 4
quiesc_diff 6.063332876183344 6.220921676516925 -1.8094822464963058 4
quiesc_diff 8.89474307632381 -2.195142346170731 -1.3659912806876875 4
quiesc_diff 4.329452022595845 -8.613196468806388 -3.311450400244869 4
quiesc_diff 4.374164089018208 -6.845747475959122 -6.791488516861543 4
quiesc_diff -8.773148540044883 -3.997281792088195 -2.3145468449146818 4
quiesc_diff 7.048334592403831 3.3220721749186732 0.6844388765691656 4
quiesc_diff 5.467246740785107 1.0452908674718941 -4.4292908270750395 4
quiesc_diff -8.243894847050978 -5.759905743303303 -1.4047782959322936 4
quiesc_diff -2.91487859777128 -8.009496860631838 2.930827099726945 4
quiesc_diff 2.310038841899445 -4.964229231808087 5.595487584785456 4
quiesc_diff 0.7165078589879695 -4.976739257109509 -9.021409812764398 4
quiesc_diff 7.896169602930587 1.1899979350361696 -2.893549907618588 4
quiesc_diff -10.44539502044184 0.6090221418973797 -2.7041661280888443 4
quiesc_diff 7.630651480109379 -1.720164301886699 2.734987231293167 4
quiesc_diff 4.2095129588508025 7.80623613602601 -1.6831685050696743 4
quiesc_diff -6.059430814353213 9.455980848334773 -0.7796105647582974 4
quiesc_diff 3.3742763050436437 -2.626662859605154 -8.544421504380423 4
quiesc_diff 4.336594486770823 5.180955372363007 4.336570159312748 4
quiesc_diff -10.615543961945855 2.598231892515931 -2.416396325820239 4
quiesc_diff -5.592481064289574 -6.395086555583081 -4.038948747871195 4
quiesc_diff 0.6403941742577267 -8.85342800214368 -5.8294642126290395 4
quiesc_diff -4.6126173484814625 8.337866795502945 -4.980960979899293 4
quiesc_diff 3.2319199102829197 -3.4489264209345394 2.773039230195703 4
quiesc_diff 5.011905301668204 6.932113956563225 -3.4691879585521095 4
quiesc_diff -8.333570865278098 -0.5477197656458994 5.109433647600883 4
quiesc_diff 1.9436846123242384 8.116697061076238 -5.747113058235376 4
quiesc_diff 4.359075643374389 -7.8543005059650355 1.1299516729366965 4
