984
 Lattice="1.0 0.0 0.0 0.0 1.0 0.0 0.0 0.0 1.0"Properties=species:S:1:pos:R:3:Color:r:1
active_stem -9.547805517866557 8.114354554890236 6.698546973998938 1
active_stem 7.913638827704573 8.583165389980756 8.779029135218611 1
active_stem 4.018719552171713 14.573150907497535 5.466248729242551 1
active_stem 8.831549748731119 10.071315363339087 6.133685696283846 1
active_stem -6.539624097399864 8.29039443694058 13.584291147752936 1
active_stem -10.813072463014686 9.251847123035681 7.749836760370613 1
active_stem 9.13920755826158 10.147165312335472 8.551245181535897 1
active_stem 1.2048158316044084 4.43101611896328 16.475530016025534 1
active_stem 8.150458457429558 14.367743133123643 6.375687065415888 1
active_stem -6.41637448141912 13.448928421188599 9.470894591571863 1
active_stem -10.747965607373144 9.401400886968228 5.748216768943806 1
active_stem 1.2312358061236013 4.458652071153873 18.475164542406024 1
active_stem 9.773728257689683 11.758288188153806 6.649846858706268 1
active_stem 9.547554727990654 12.061154572772892 8.96343166834068 1
active_stem -7.584537457775583 9.375969828058661 14.899464953569927 1
active_stem 5.038680101969893 16.015490069639817 6.403979083985369 1
active_stem 8.474363934055967 9.337983933436641 10.544202305636277 1
active_stem -6.772828048403938 15.203776272995704 10.361652623582682 1
active_stem 9.447687778388921 15.473690750533777 7.4216679239348915 1
quiesc_stem -0.7335211225536766 1.124733750976442 1.482201319720792 2
quiesc_stem -0.29969467826877033 2.87252612096629 2.3522682410805134 2
quiesc_stem -0.5515600138591934 3.195916605819114 4.3098132461914 2
quiesc_stem -2.687601407425439 1.5406282269132077 1.5749484229681385 2
quiesc_stem 0.8650979041973941 4.6725711305438455 1.3216287029080807 2
quiesc_stem -1.1406654311569489 4.5242475689871275 1.6008798921326224 2
quiesc_stem -1.6303683018573454 6.4584817977326985 1.738462764528916 2
quiesc_stem -1.7597467553024353 3.3094171978192084 5.899593864206473 2
quiesc_stem -3.90235971043386 2.787023140873622 2.5602717119072125 2
quiesc_stem -2.2659123322423023 4.579987921127513 3.2533666317892758 2
quiesc_stem 0.0035026712995429587 6.3198292121954465 0.5839333273761564 2
quiesc_stem -0.4981902561795767 7.908907646507162 6.076689432941471 2
quiesc_stem 2.9631502925199102 4.02308856267054 1.889342761516158 2
quiesc_stem 3.9560510420475827 5.7799061584081 3.145365344732209 2
quiesc_stem 0.6374496542785174 6.5714327160090225 4.398339414502834 2
quiesc_stem -0.39126971017197704 1.3724966860441428 5.437199944323684 2
quiesc_stem -0.2578071719075456 8.202302291042876 -0.03897298440577024 2
quiesc_stem -2.1165487915903896 3.710064291825495 9.84179553415965 2
quiesc_stem -3.7065088978694964 5.62456693899556 2.3403845889576766 2
quiesc_stem -2.568859184567444 6.931385470317085 6.600371361077003 2
quiesc_stem -5.981924059590139 5.964204427198217 3.779894405025198 2
quiesc_stem -0.7761346853568476 9.92642143019134 -0.9100354292531099 2
quiesc_stem -3.5817101405386076 8.59443979460028 7.056861509351057 2
quiesc_stem -4.671709533396385 5.694836332614977 5.444165078669606 2
quiesc_stem -1.3521977089911128 4.176540824212856 11.630137522500016 2
quiesc_stem 4.6943493150052635 9.313761804438863 4.098834779751502 2
quiesc_stem -4.890713771093272 7.21281605158401 2.6144713901631773 2
quiesc_stem -0.34465467279385387 11.595247259578624 0.10428471248148208 2
quiesc_stem -2.824400287098386 5.520533842730253 10.312057445815077 2
quiesc_stem -1.7558406157409894 6.034564987526399 12.250475021264615 2
quiesc_stem -6.467634352393259 7.683654087729976 1.477971049648173 2
quiesc_stem 2.087769021354373 11.263578802227451 4.961966084099649 2
quiesc_stem -7.896892321911683 6.033513138562147 4.3526883093488005 2
quiesc_stem -0.3671716443359145 2.385284626432056 11.265357203292742 2
quiesc_stem -3.712456447350814 10.282066555233218 8.12214143502813 2
quiesc_stem 6.118204088343529 7.872480039959083 5.501719504752359 2
quiesc_stem -9.522629710076913 6.948410372187325 5.073757651802555 2
quiesc_stem -5.166188091801211 11.407727313296231 7.3350250753451745 2
quiesc_stem 6.96052794205916 10.892456149013412 5.286962445954664 2
quiesc_stem -7.445559828667244 9.177664993171296 2.37885571334087 2
quiesc_stem 4.208489671071738 10.847024062098921 5.2875514220308855 2
quiesc_stem 7.558626450124159 8.22561906659047 6.843537766497276 2
quiesc_stem -3.913491078227093 6.096163636794097 11.887662595865262 2
quiesc_stem 1.2029783166697885 12.726874061463889 3.9247041146821235 2
quiesc_stem 1.493747296176993 2.520947326848266 10.12408403822264 2
quiesc_stem -0.15459461577981698 2.823358021617461 13.205177480370233 2
quiesc_stem -9.05607264325813 10.104557552338822 1.6391810160594118 2
quiesc_stem 2.4705801787611796 14.108565560062605 3.228921014914337 2
quiesc_stem 7.4045010154335 12.512065105053516 6.373127598973866 2
quiesc_stem 7.746528736405679 8.888913954884252 4.940096021355188 2
quiesc_stem 3.457126922016454 2.656006329573489 7.569726223194005 2
quiesc_stem 5.245510228031056 12.546555260890068 5.0973355741650686 2
quiesc_stem -4.841549075063595 7.645155721164963 12.747506696306859 2
quiesc_stem 3.631567921989446 2.8583001304600693 9.551807845037889 2
quiesc_stem -9.493317064845305 10.439219644051676 -0.2835302467570502 2
active_diff 4.172663054027196 11.913097066386062 -5.238981895036829 3
active_diff -0.4794505002857109 10.851962486051777 12.449444508813892 3
active_diff -0.49217099301649814 4.889372596731578 -16.081721013321793 3
active_diff -11.15721804752487 7.733800179983258 3.092606899391267 3
active_diff 7.702064549193344 11.405446725826495 1.1843494075723675 3
active_diff -6.436572981820257 7.15052684103972 -10.89920723934234 3
active_diff 2.3792813760919973 3.07948225621494 11.82815801724657 3
active_diff 4.393711699113403 6.043654926598119 13.124615117256715 3
active_diff 10.219847987144089 3.9791841918094972 2.1910476346615657 3
active_diff 4.582332981566286 3.897937468517335 -11.462692002380681 3
active_diff -2.8885679061935825 14.874087805883509 -3.5521671613677723 3
active_diff -2.7588845938954982 4.552900913276606 15.059240862494072 3
active_diff -7.6880441795427465 11.704801210656944 -6.554559601449023 3
active_diff 1.8140573595936262 13.821092603638684 10.913805022740837 3
active_diff 8.906166172126476 6.2010896458125035 -7.235315459593089 3
active_diff 5.97984827218861 9.142282419956034 -12.236766658181317 3
active_diff -0.7284330801133028 14.402020777769145 2.572083641346113 3
active_diff 8.787173903219571 9.05585593154101 -6.067993565035292 3
active_diff 4.702847020895707 15.401034209579864 2.351709793118309 3
active_diff 0.3668549509924842 10.599840294342131 -12.080380451578197 3
active_diff -0.9582011048253077 10.010561322130274 14.450506329295894 3
active_diff -4.7619653961625685 13.89492240973416 -2.315798152096736 3
active_diff 5.879107364159587 11.623612416009353 -2.5762086467035603 3
active_diff -0.23544504695991297 14.45782340498994 8.89298909974972 3
active_diff -0.3010302379795887 15.406841795066256 0.4353458264402963 3
active_diff 1.3518955332524867 5.660420394730399 -16.15174914977714 3
active_diff 8.786582172223218 8.84415227327286 -2.4454229983114173 3
active_diff 6.264686964343492 10.459582875412286 10.697792893212902 3
active_diff -9.091388289261378 6.151618398075151 7.888007300240145 3
active_diff 1.1361121130698117 13.309020640490864 -7.427473441652014 3
active_diff 7.139070104209522 12.168888135698365 3.389613933190631 3
active_diff -2.949163470048794 13.925395599003082 5.605448925246752 3
active_diff 1.0053763993830869 13.976667883414192 7.266936987225641 3
active_diff -5.24508139724649 5.054916886477581 -14.469317129503311 3
active_diff 2.6529427797210285 6.274083980428637 16.029617498856826 3
active_diff -7.110890589213091 4.076540032848471 -11.922790118468615 3
active_diff -6.767364390836216 12.770666279413717 1.772137518142415 3
active_diff -7.45042278194129 3.7507948820307435 9.34541758921893 3
active_diff -9.553740681743415 11.887810154877917 -4.871521664848397 3
active_diff 10.45700734830059 6.944200834504176 -0.8419787923314829 3
active_diff -0.15362075236004838 6.765516188163792 17.14907253245436 3
active_diff -7.367316816660721 8.998524079472428 8.077974707716269 3
active_diff 3.808894373777363 13.83771880498894 -1.191211206819611 3
active_diff -9.660945678175763 11.860920525335894 2.917204450076567 3
active_diff -0.9005257855353745 12.783737933382508 12.75100582138908 3
active_diff -4.817151794184368 3.7410430711987703 13.363885397770872 3
active_diff 6.320012960684048 3.794701538295394 9.952658636824474 3
active_diff 10.107556235920159 6.893270848886536 2.346824274158981 3
active_diff 5.298153663431664 10.401570603063508 -7.96283741496343 3
active_diff 2.8833885744075145 12.240793362262941 -8.005393968516483 3
active_diff 0.886835684263116 14.279379109199219 -4.354560652436041 3
active_diff -4.361670974880936 8.15712023894143 -13.366007235482126 3
active_diff -11.708493006597404 7.413150129967962 -5.314140045510177 3
active_diff -10.825282148673132 8.649135630327258 -3.980926337380991 3
active_diff 7.2335835778835955 5.8682470913532825 -10.414156985697943 3
active_diff 1.2594933991859116 2.9414509306398466 -17.01708257844067 3
active_diff 7.697404227192752 11.21345140471298 -3.481697019632956 3
active_diff 3.8554645767111015 13.770588463853299 -7.159938355905376 3
active_diff 8.236004163294426 3.815528936935606 8.392278983701404 3
active_diff -9.08390471140666 6.181062984144521 9.887776540031 3
active_diff 7.059814111226296 7.276582435837545 -12.116601699333026 3
active_diff -2.119096256698261 16.24021681171794 0.4463926903049524 3
active_diff -8.951721249720602 12.457435776271643 -0.7534818211171532 3
active_diff -6.752619335009212 10.12996329040831 11.206094689344695 3
active_diff -3.041994196146086 13.088801767378644 9.520919397422878 3
active_diff -0.8750671907039272 12.669168612064647 -11.155161161971813 3
active_diff 3.4175724066186004 12.347481707022201 11.793273022953695 3
active_diff 3.2428963108718927 8.763178468391901 14.479286809422657 3
active_diff -2.834918841744706 10.768933477888027 -11.561808428582665 3
active_diff -8.446757982649542 5.546176560322798 -11.686936807560112 3
active_diff -6.3057024392978285 8.46249444122827 -13.723062219952011 3
active_diff 4.001057936083969 8.114057230446756 -12.425645066567178 3
active_diff -10.942569364527628 10.315986532250674 -5.079949439847084 3
active_diff 7.568581134015472 9.123522852355421 -9.638455064530152 3
active_diff -4.937088466283564 12.593075087446906 -8.661905152616304 3
active_diff -0.45335401140987197 15.702189342972463 -3.9308831591913944 3
active_diff 8.097073974932165 10.816830020196898 -1.5363949045722585 3
active_diff 9.969557267814467 4.173032057139217 4.165833081469541 3
active_diff 2.0618543024097855 10.06279655572859 -14.131152076171105 3
active_diff -6.613597695469183 10.731979255040033 -8.793930033705347 3
active_diff 6.521951244747075 12.474461521198048 8.599761634709061 3
active_diff 5.101977129006544 12.816028013978663 7.15655684295855 3
active_diff 5.492820133912818 14.401336870355816 4.125475893253689 3
active_diff -9.597752352466879 12.369158899488582 -6.812234512979687 3
active_diff 6.58358396815511 13.480528550496691 -2.3404647519712958 3
active_diff -1.2584687278537128 14.611128847863588 10.604690005140558 3
active_diff 7.786833611581875 5.79252291524089 8.37062880064838 3
active_diff -6.190869792207578 12.66828897778901 5.912209851458911 3
active_diff 6.750511915650467 12.808631393333792 -4.229223443410614 3
active_diff -3.016826867261603 12.734877879501482 -10.970209652661392 3
active_diff -7.336477796045724 13.425550541501323 -0.029871509382367156 3
active_diff -11.482519286951275 9.550898150691793 3.8622393236527217 3
active_diff -2.3215851207120464 14.690968205704383 -0.997309985627086 3
active_diff 7.182140851191361 9.387202202036818 -13.816167447981174 3
active_diff 10.272405506975085 7.537000025830045 -6.64477880833949 3
active_diff 2.486308427191326 3.1034316928491035 13.825148661896137 3
active_diff 1.0070206264733992 12.039479800591195 13.06605315048265 3
active_diff 3.4311977975360524 6.738086026090055 -14.680807030494188 3
active_diff -0.5790983348761952 15.525038094573514 -1.8065221504383207 3
active_diff -5.731803705564549 13.0635717175703 -6.284973301639012 3
active_diff 10.354786467190495 4.989170425811251 -5.131090898654029 3
active_diff 1.8251959576196244 15.803615966050556 -2.1810083386993604 3
active_diff -4.434744692415003 15.635723651572604 -1.3870691025603916 3
active_diff -5.502347953143826 14.345500973136234 -4.6930137162637715 3
active_diff -10.99412491471803 4.938920909367511 -8.31885038508587 3
active_diff -9.625233606579686 3.6124309207238015 1.1041944509254373 3
active_diff 1.8948547923937316 15.130493484848497 -7.1010592510290085 3
active_diff -1.325769815479223 15.654655517060657 4.012255518068636 3
active_diff 9.698011245980759 8.378883205498008 0.3266149826916521 3
active_diff -10.345848701169794 6.7158277277110106 -11.006361117095405 3
active_diff 2.5915964462904735 10.489752033627534 -11.605820836250974 3
active_diff 10.163585271780002 9.718612262322845 -3.602653395147633 3
active_diff 2.5788460725355744 6.712568842803597 17.97955101142906 3
active_diff -2.3255740784088386 16.514519342973887 -4.548170335055275 3
active_diff 0.11127024855293555 10.49358255356179 16.756971484661367 3
active_diff 1.68211992223711 10.1113860444567 13.976283566181408 3
active_diff 4.469902521273817 14.829514706176628 -2.797265103589768 3
active_diff -12.260740219302386 6.371254958241112 -2.555829795762451 3
active_diff 11.411693605843052 5.4434821731868315 -1.9268853518001912 3
active_diff -5.802156359084805 12.098383822015995 12.477386926537083 3
active_diff -7.784643849854927 8.391797013166814 -10.097987360317969 3
active_diff -4.9550286794361265 14.730725344953711 0.32801175680902983 3
active_diff 5.255188253867145 13.58635807013037 -5.407317289592077 3
active_diff -7.0262439484428265 12.257378564147754 -4.749932570030845 3
active_diff 10.406641180944892 8.75197594271816 3.9985707661795535 3
active_diff -0.2040958132204597 7.121078156990526 19.116565341730976 3
active_diff -8.740293994041481 10.885390533007342 7.869124360197711 3
active_diff -3.847996702670669 13.709564137901406 7.78550595042803 3
active_diff 5.261452297934833 10.991796989082458 13.656380025362168 3
active_diff 5.7923715531491675 3.710939723985825 -15.951387167125114 3
active_diff 7.005328945966271 7.76200137155241 11.265247864931693 3
active_diff 7.902949052444686 2.100115560405521 5.114341082542737 3
active_diff -6.924363169242269 6.303657763757155 12.722672946556774 3
active_diff 2.2312957905168043 14.956940725392867 8.506367018216253 3
active_diff 11.890490695812264 5.880723387902749 0.19700439682059562 3
active_diff 4.8513769457187035 4.749490927154819 -13.252237210648886 3
active_diff -5.476748920961497 11.372429923278771 -11.585808572337427 3
active_diff -3.045419565687922 12.819625076748746 -7.622708461646901 3
active_diff -1.6094002814510346 11.850834262487567 14.8856329055363 3
active_diff -4.261687956111037 5.125309047974428 -16.95243068217496 3
active_diff -8.863674990432191 12.507382804942782 5.436998177755425 3
active_diff -4.01066116895915 6.469032985613573 -15.15959414502638 3
active_diff 5.897271043721957 7.454082427085872 -15.143033351917271 3
active_diff -1.8113132444168918 7.566784626393927 17.945956786089706 3
active_diff 9.49876221666724 7.724596523585889 7.877513699472563 3
active_diff -12.628441503447737 7.316495550521246 1.3145241490219677 3
active_diff -11.77530976217528 7.305676579556487 6.279210150155855 3
active_diff -3.177338048906495 15.152563611217012 -7.791076255624762 3
active_diff -0.10250827382973376 16.79808116454633 6.5643312732249965 3
active_diff 2.0711815346551847 16.01873770891257 3.6667829621582153 3
active_diff 8.919587574079117 9.854672395837369 1.5649108018098563 3
active_diff 5.2918366428546495 0.8376266208354054 3.197459518494092 3
active_diff -0.7386482501486644 15.542554557084223 -6.0261857966151755 3
active_diff -12.844313997287099 5.1458276265371 -0.10639397034392428 3
active_diff 3.807326654995131 16.4974377582846 0.9389314903952819 3
active_diff -9.757304500349129 2.2821815194373123 -7.077068975712414 3
active_diff 8.491372947331056 1.9712028564985267 -0.30207241617325487 3
active_diff 11.190868945026637 8.559901902824421 2.12597476807333 3
active_diff 11.041901874007293 10.53133887288952 3.157396860414173 3
active_diff 5.899138801159613 2.6319850698871297 -12.672820622537214 3
active_diff -2.093938907866961 15.612316330551387 6.255748389888558 3
active_diff 8.560942892357053 3.949726647507191 -11.245613223386982 3
active_diff 3.686155738775637 0.7926694624147297 6.416342151022 3
active_diff 4.182537965893736 7.028453265255761 14.852497603589399 3
active_diff 8.591930351149239 12.974293651429655 0.3201398389289143 3
active_diff 10.247303816505486 7.6222647006148225 -3.1853684519717174 3
active_diff 6.861957470125944 11.265794251923738 -8.861522642904331 3
active_diff 0.0542849175585054 8.115048115513755 -16.67317677106254 3
active_diff -11.85860429178724 9.449099972077857 -0.7498046692869015 3
active_diff 1.4086162612768973 5.895581025750103 -18.137065808809343 3
active_diff 6.5895111219053115 9.055533785961572 14.151184234572323 3
active_diff -0.5271307193581503 5.124629214670026 -18.06752869314637 3
active_diff 8.337138149506671 4.026499999549877 -9.031191089266258 3
active_diff -3.962395124305834 6.1308541412316 13.886763634627185 3
active_diff 3.0571620006609463 15.29360010650755 -5.312086622116815 3
active_diff -12.192433753902353 4.383622309199383 -5.504568980039213 3
active_diff -10.681792186641013 13.481257463610744 3.4937290485252315 3
active_diff -5.207197684015625 13.909633553510385 4.108760057158105 3
active_diff -7.6288366985951095 13.649622392848288 3.804419273602744 3
active_diff -8.286368818011665 4.623611937576726 10.938962258290454 3
active_diff -12.499529649788801 9.16856231909592 -5.855239921124168 3
active_diff 9.219405280509278 9.399862722917277 -7.990189019190058 3
active_diff 2.122828874550456 15.26224330471208 12.265746148806215 3
active_diff -8.243674038284093 3.2417431690953618 -9.92034421886207 3
active_diff -9.907691478046546 10.307545454622316 -3.2083843067500295 3
active_diff -8.530710502774152 10.364073297678381 -7.7988391808218624 3
active_diff -11.082147072888663 10.516461734129827 1.7759972628448892 3
active_diff 5.654488086559034 14.225792294211805 -0.5248617169894352 3
active_diff -11.120190359121583 9.634572502066835 -7.375256034987785 3
active_diff -5.188097323800683 4.0879950891406 15.298316505694793 3
active_diff -3.213124079225371 10.41188589965812 13.413360106560553 3
active_diff -11.184388253155388 5.671087245601361 7.739553385705579 3
active_diff 7.679033436016711 11.61109309183233 -6.146152282022147 3
active_diff 10.658336187191868 7.219829685714095 5.720825257785002 3
active_diff -0.23754587220031276 14.275778414417816 13.90611310535285 3
active_diff -0.8061192765179038 13.433544180640665 -8.741959562834012 3
active_diff -2.608534648548625 4.498809018186307 -17.91273203142405 3
active_diff -8.239065864536759 7.69222647270399 11.744325749154166 3
active_diff 7.720550783906751 4.9205719058288935 10.830673284329055 3
active_diff -3.4532071756153035 8.214768648576138 14.222316739205736 3
active_diff -0.297940144581495 11.468938681421411 -13.754511711210183 3
active_diff 10.02033033994707 3.905103899837998 -7.427492928031538 3
active_diff -2.2025091236912284 8.090997414077492 -14.999900475087962 3
active_diff -0.18104939081825838 9.982300900675938 -15.947423626743696 3
active_diff -7.494965491878506 6.694655116114358 -13.284022502191865 3
active_diff 1.2285926658623039 3.1498417796263958 -19.005956229213574 3
active_diff 11.294083558669252 5.172529501090352 7.389503582685542 3
active_diff -3.778615924777127 5.921815380332269 16.101460222659718 3
active_diff 8.570358166893776 13.156069479358527 2.4012377515943353 3
active_diff -3.0106696119359393 15.889747975215007 2.3571330603727283 3
active_diff 6.595887411293283 11.627423169288987 12.287275611564455 3
active_diff 4.28460465026785 14.023389164596464 10.7891559547568 3
active_diff -6.950681292555727 12.184635824316429 7.79545659247371 3
active_diff 8.086400271825374 10.56241391404418 -10.927429793960489 3
active_diff 3.504862153883841 15.802855211877468 -0.9771941243521869 3
active_diff -9.076192141217522 11.06700894374035 9.832332751481356 3
active_diff -2.3076901585385445 11.503568692830159 11.966796497029478 3
active_diff 2.5073843795434554 17.220185662827205 12.402050168842909 3
active_diff -9.75820773622212 7.825760140212904 8.755533237827567 3
active_diff -12.454233929182466 7.272213273470002 -0.7807708394297994 3
active_diff 11.426543652717177 5.33377328645658 4.893755105295548 3
active_diff 7.092171438794441 9.266616149255174 16.075444310999444 3
active_diff -9.361979974123782 3.4909043306995122 -11.559646067032133 3
active_diff 2.0086689045731094 8.079105268832187 16.601289889489674 3
active_diff 2.5707851394707713 6.874645944770466 19.972956648617874 3
active_diff -1.2101563231411931 11.647359625849306 -15.536913744318293 3
active_diff -7.448465114653667 11.57258043819026 -11.31696842854798 3
active_diff 10.296707331562924 10.26297305945595 -5.554011981504957 3
active_diff -2.6109195536868746 4.506398350511423 -19.912716209927055 3
active_diff 1.0887537050246752 12.379941854443683 -11.523513659022928 3
active_diff -8.906831844000846 12.745801520754476 -8.650921323403637 3
active_diff -3.963394558606028 9.617426106037406 -14.673249627222955 3
active_diff 3.8941765994108293 16.786567455089838 -6.3467146023815815 3
active_diff 5.201409910456324 14.506633157166172 8.220496395659314 3
active_diff 11.667971603253644 6.922792626101844 3.5975170206237355 3
active_diff -2.8722554775182343 11.368247033746911 -13.469537245105835 3
active_diff 2.6713083176028665 11.787485270999513 -10.086105579305805 3
active_diff 1.9698411554711623 7.758503751935721 -17.673875206143677 3
active_diff 6.543063722202586 10.837840231816617 -15.035687734716925 3
active_diff 10.121697286607072 9.691365089392503 -1.2208013932650208 3
active_diff -2.1567308277772956 18.50688589063171 -4.592526805724382 3
active_diff 6.665921755691338 13.060761639178944 1.6160213305727331 3
active_diff 0.11946841031667918 17.11013862856886 8.52732553986033 3
active_diff 6.0721745792771475 7.921895176454309 -17.079669607071718 3
active_diff -2.3970929985130174 16.45309119112087 -1.940295215976366 3
active_diff 4.4176101298299235 16.624880086517024 -3.676997254231236 3
active_diff 0.9564542220645301 11.440906131559904 18.302365314559754 3
active_diff 11.757074200073081 8.384825175851063 -0.3578014611384453 3
active_diff -9.753798679080807 12.982562066589633 -3.2097469961568517 3
active_diff 5.24308888704544 1.7541315696177255 7.22352849148587 3
active_diff 8.332461937555669 5.73218802933477 -12.123467354542246 3
active_diff 1.2326967419753938 16.123968248245113 -5.0458428212152375 3
active_diff -3.3640044755596836 15.422773820671273 8.696913711509602 3
active_diff -4.689479731901728 17.42814296490902 -2.236976782744717 3
active_diff -7.291300466462626 14.15314800745033 7.700913675127247 3
active_diff 3.2765500831502545 5.850395106612634 -16.661272919981318 3
active_diff -6.222278508772536 13.114507952744134 -10.102875076547791 3
active_diff -7.070461586264299 4.126687607902162 -13.921752528429543 3
active_diff 9.781546338867583 13.794940400691814 3.858930160144747 3
active_diff -6.283474117993699 5.313281057763378 -16.158988255046683 3
active_diff -0.523079183901152 15.09244330390945 -9.82267321815144 3
active_diff -12.329313948306204 11.173256717181351 -6.238408454827634 3
active_diff 9.779658435756499 4.705988278689282 9.300141114089714 3
active_diff -7.717111879109932 13.65488040689615 -6.111449911601317 3
active_diff -9.057285769415438 12.7940450581783 1.2544136271637392 3
active_diff -12.743577663094854 7.934249509957969 4.293974135585655 3
active_diff -0.49697108551337316 17.4074444034882 -1.135849649831441 3
active_diff 0.09059685111384053 16.222140710450006 2.69996406366274 3
active_diff -9.57557150840742 6.2537560251029465 -13.1786175123651 3
active_diff 3.0017603927135057 15.500821422043389 10.375024893961879 3
active_diff -7.967085989078758 11.538054357761197 11.942539047184534 3
active_diff -1.388326476487766 17.516647926557482 4.739628140002996 3
active_diff 7.444109064937555 13.790135683156585 4.520325046737619 3
active_diff -2.6141710222271977 9.068870379228162 15.824355617324773 3
active_diff 3.445256402297858 10.468875664374625 15.503809854070628 3
active_diff -3.602880018584363 14.004690572383453 11.208093007652305 3
active_diff 12.962064045010717 6.1078053031440165 7.975251200074605 3
active_diff 4.533066339018902 16.752761179004906 3.8159531882512487 3
active_diff -7.228107398832875 15.601213234606641 3.979659721778922 3
active_diff -6.920989949464014 12.624865410095566 -8.226046237332307 3
active_diff -4.3273902517021225 15.962348026577128 -4.415578969325701 3
active_diff 5.709826125367225 5.166341503989146 -17.320690607241826 3
active_diff 10.453279915247544 11.670785973607968 -3.2784700912692855 3
active_diff -11.34704835217574 3.9671497105204447 2.0578865196841125 3
active_diff 5.219668400368074 10.933680578129671 -12.698306690433146 3
active_diff 4.307150845495091 3.596455911856893 11.701439635329704 3
active_diff -11.385731493937875 8.325521339282918 -11.578663706788516 3
active_diff -7.596118735537814 6.597963729939594 14.583352515268263 3
active_diff -7.454336853837771 6.822249469422471 -15.279534715828966 3
active_diff 9.922581655651596 5.139360706607695 -9.529096638050023 3
active_diff -2.217942129379466 8.374406970411505 -16.979658249593214 3
active_diff 1.9342926466610444 15.605566182035954 6.571376106863491 3
active_diff -1.5707269854538595 12.72140482661346 16.685802694487954 3
active_diff -0.9526520410133062 14.153953218045741 -12.492843958767839 3
active_diff -6.753187041159502 4.14847502134967 13.656744969009662 3
active_diff -7.066124909642148 14.748199595620681 1.7619328283234548 3
active_diff -4.06808449388952 15.526659494553769 5.176532057761856 3
active_diff -11.58512206556432 10.177175094627193 -9.24325521456229 3
active_diff 2.166423841302731 14.116468562809292 -8.939586398877548 3
active_diff -7.444473260775322 13.665539689204655 -3.3926682301970854 3
active_diff -13.258477211752606 8.637370936961785 6.115489488756091 3
active_diff 0.9899089901454874 15.618683532508642 10.614729250434861 3
active_diff 11.961915994021394 4.946370283091314 2.018565391385535 3
active_diff 6.727610552775454 14.938647503587864 -5.349994852128407 3
active_diff -6.026840352659164 14.646373255564649 6.157723462035302 3
active_diff -8.473472205442027 14.972915992062672 -0.5892496242658728 3
active_diff -1.430405704849972 15.866989773779997 8.127274289153762 3
active_diff 1.078124709733225 16.85445712991093 0.3869570620232793 3
active_diff -11.20711133937558 11.205250851011842 7.579697877556957 3
active_diff -8.055712501040924 9.294695548730678 9.932265365224989 3
active_diff -6.530916714194178 15.790483480122049 -0.29927573457824086 3
active_diff -5.327304126677301 14.625421687593468 -7.4669228613997785 3
active_diff -2.1647116832586826 4.845499473627117 16.946393382760036 3
active_diff 2.334720023974354 16.374656226876574 -8.603915747636618 3
active_diff 4.6031145448741695 7.725945502348234 16.67913930912687 3
active_diff 2.930703901051007 16.824247715395977 8.351470601199924 3
active_diff 7.853891762723336 7.833444508649486 13.07489894295172 3
active_diff 4.347667803857788 14.459620513218015 -8.971835377850786 3
active_diff -2.733088961128224 13.859330341563592 -9.302429437217446 3
active_diff -4.2523872977597 12.931183819808671 13.42852309987717 3
active_diff -4.903553886917178 15.714516595288647 3.3024117143279814 3
active_diff -9.272595160321787 4.396496604206343 8.832819199203286 3
active_diff 0.553884465683818 17.146557620393178 -2.98258419291404 3
active_diff -5.337877962614659 6.997322680045493 15.051786910258885 3
active_diff 3.0917405393618838 3.536117963683819 -17.554894383003987 3
active_diff 0.387982551196388 11.409987560024582 14.929459112932278 3
active_diff -9.279441850842774 9.231599306917568 -11.127701419488623 3
active_diff 8.251459511596758 14.11415700642053 -4.022440494893218 3
active_diff -6.580049810750981 9.025927979387697 -11.579122653083708 3
active_diff 4.448246577065908 12.392073247948748 -9.241651962505955 3
active_diff -9.082300121341385 8.528255552134812 13.353676974492252 3
active_diff -11.797907994732629 11.266918421044945 4.839891815462107 3
active_diff 9.690709354148227 7.31626207413014 -8.698490927766107 3
active_diff 6.388133479989008 15.333405919177476 0.9701153712929862 3
active_diff -1.7669078799890057 6.376846004652429 -16.484795112861775 3
active_diff 12.839551449646846 9.68987901650381 2.055280203076904 3
active_diff 6.2666659313382915 6.427065821402237 13.712014921254287 3
active_diff -13.42559482450782 10.17245531038089 -4.394212147869482 3
active_diff -1.9697859102892408 15.781602213179598 12.06209179155973 3
active_diff 8.385008773534068 12.099027066098502 11.527911064269968 3
active_diff 6.334168866437491 3.8021605851153586 11.952594629038433 3
active_diff -6.0629889593720865 9.102961988603589 -15.602128873219366 3
active_diff -8.481730669490362 5.0124081753603935 12.891056321718771 3
active_diff -10.270811679336223 13.811452287632648 6.002125705891497 3
active_diff -6.32019510371682 15.148677346981781 -2.3114696624517905 3
active_diff -11.535523926965192 11.408277518022068 -0.989058553966903 3
active_diff 6.4008983388409515 4.61526688392874 -11.884898765834325 3
active_diff -11.380036271579684 11.642422371722693 -3.432670786833995 3
active_diff 10.844129506170065 9.980288563914074 0.6757765666280122 3
active_diff 9.842904158440964 11.602163883430501 1.8711133260187756 3
active_diff 7.06940495331409 13.189764543933169 -9.36679866369302 3
active_diff 11.488011335916907 8.0350570923772 -5.136719914560766 3
active_diff 8.72330102154243 7.154407985704602 -10.769870482630521 3
active_diff 11.264661152433154 5.465097542266045 -7.561882900431987 3
active_diff 11.435973822582534 9.430357971958282 5.573458741644261 3
active_diff 8.869752976621239 12.593089442560535 -2.0342599714459793 3
active_diff -7.128838048962427 15.482825055132817 -4.940043877812172 3
active_diff 2.6807451823654134 17.561315864198143 -2.6035324114914857 3
active_diff -4.349937979929428 7.6367281403441005 -16.747479301817226 3
active_diff 2.7695786251889114 18.201144704647756 0.7958872051293322 3
active_diff 8.496485353688914 8.634972268575655 -12.417853758902154 3
active_diff 2.983312503401491 11.629706491237297 13.936272472585493 3
active_diff 6.481402822555027 12.00546728151183 -0.7076725773465058 3
active_diff -9.266293336334872 14.829691102227036 3.915735834051271 3
active_diff 5.456009919784358 12.01078633886791 -6.7698240254321345 3
active_diff 11.751125605957457 8.743386856855851 -2.491390688383473 3
active_diff -11.076621254257464 6.5334492584124035 9.540863473616326 3
active_diff -0.669961981712669 6.869806520655162 -19.033942373289964 3
active_diff -1.266353393506999 8.773643422457523 19.491581176724353 3
active_diff 11.86782848202882 8.053550966062593 7.078041974239711 3
active_diff -3.7953787655892683 11.05335086519045 15.215997668080307 3
active_diff 8.98390084936656 12.148483038831685 -4.694397429599363 3
active_diff -13.902929693383792 8.85246685402665 1.1861808261670983 3
active_diff -12.312250288641103 6.410777622521286 -8.628984734302986 3
active_diff 6.866537558994043 3.313808141442352 -14.285041743362582 3
active_diff 4.2847971595962395 9.489163395151223 -13.849925617874547 3
active_diff -14.29437537409473 6.208477003825281 0.7700182069104758 3
active_diff -8.469984629406486 10.972934667255815 -9.702940071252836 3
active_diff 8.737191102019668 6.845451784314165 9.78065058666477 3
active_diff 1.371691246513023 17.65838901471787 4.573566801982113 3
active_diff -2.3890447754266457 14.002816021238191 13.297045959513746 3
active_diff 5.339673554877188 10.431100375284297 -9.96218833242813 3
active_diff 6.872344268989952 15.742260078727629 3.578815020326491 3
active_diff 5.415070401821386 12.245074402385914 10.397506856585322 3
active_diff 12.427302555968861 5.783042184198711 -3.6160382339710044 3
active_diff 13.260487630459215 6.998564355063667 1.1316379994664139 3
active_diff -9.961376866969706 2.5140866289564405 -9.053068593465614 3
active_diff 9.269930489247773 14.789258993992593 0.8163420336376436 3
active_diff 10.050445831699331 2.5165178461055855 -1.429868188171642 3
active_diff 3.3226140651019125 8.603560084953452 -15.393699805572176 3
active_diff -10.610703584116251 13.427562311493967 -0.19973808993756237 3
active_diff 4.297019872395613 3.9527025832367544 13.833086983278365 3
active_diff 0.2282891733686123 8.609886391399 17.821711634832482 3
active_diff 9.70563332994637 10.872440881030723 -9.253160060896008 3
active_diff -2.422875568570415 17.42393926176132 7.036660054777487 3
active_diff 8.10850012414861 13.218208927371931 -7.256439206624463 3
active_diff 2.3575378362183166 12.03832834174393 -14.031928035346604 3
active_diff -0.6606503716655614 9.328494291617861 -18.093182373136145 3
active_diff 10.330966088025724 8.107870575855653 9.655303821324033 3
active_diff 0.6209465599497803 13.194535193733948 -14.176369389735136 3
active_diff 8.014031334751692 14.423355500544908 -1.3085259584085764 3
active_diff 7.8198761732243325 13.971320999505478 8.87326224209141 3
active_diff 8.598796633023076 5.6517805466563535 12.472019729199609 3
active_diff -3.5758698763646373 13.752321476638212 -12.59879168640071 3
active_diff 1.2260191233940225 3.1713740159644686 -21.005838660677345 3
active_diff 5.237731785326442 5.49267103652611 -15.068390635595842 3
active_diff 6.062860867137535 0.9687353774274099 5.0382017979873055 3
active_diff -11.878745244912576 9.802378222345743 -2.731827850945236 3
active_diff 0.3351001197882991 15.972906166726835 14.795963632240326 3
active_diff -3.6115864451161186 17.76892065717379 2.6851711541675467 3
active_diff -5.201527306205442 4.277806855996412 17.289243708968606 3
active_diff -12.277437110008332 12.117349719117103 1.6841311282476326 3
active_diff 1.9501240669077022 13.386479485517949 14.20453799862434 3
active_diff 7.939322074061685 2.269590558636567 7.106815731885367 3
active_diff -13.037236260210301 8.221019575219316 -4.056448380034301 3
active_diff -12.9661042057921 4.985046366444388 -7.248049159232448 3
active_diff -3.6357825503316534 5.9963710493814055 18.094959678229536 3
active_diff -3.5225800560684153 8.420256508623098 18.531748255457625 3
active_diff 11.854852278879997 11.70310826901429 4.559562371872325 3
active_diff -1.6031492457094814 16.803701114979212 -7.315428748189461 3
active_diff -2.6022103428531937 18.10027066066982 -0.10750302077970081 3
active_diff 3.913178162516294 13.922767939311976 12.92147877594353 3
active_diff -10.089931148167004 6.448874040695453 11.595461536313499 3
active_diff 6.425733184323792 12.53072236855835 14.181888059548436 3
active_diff -4.129601703680019 5.643368437065115 -18.879648285688823 3
active_diff -2.276333817525297 15.953760144937608 -9.386781582239697 3
active_diff 12.143775007693685 5.701672845922824 -5.6713318664484165 3
quiesc_diff 0.0 0.0 0.0 4
quiesc_diff -0.52505883997771 0.7018948365434272 -1.7976809652980523 4
quiesc_diff 1.4209353368199933 1.3406394451852872 0.4285191321161024 4
quiesc_diff -1.2060392019202548 2.1614109301993647 -0.16158306113641885 4
quiesc_diff -0.590141078327865 0.7537596426021268 -3.795948801235925 4
quiesc_diff -1.9603440164918087 0.235809726143966 -0.3185044898595166 4
quiesc_diff -0.5973146336513846 0.7570653953407511 -5.795933204200821 4
quiesc_diff 0.3974450846244387 3.9129757054074354 5.917673803189318 4
quiesc_diff -2.108271536206756 1.8046441417268952 -2.3243511926856772 4
quiesc_diff 2.327902215383512 2.0723474809904454 2.0539465932865184 4
quiesc_diff -2.6310198404517218 3.39297324146671 -0.8344013525615898 4
quiesc_diff 1.3476349750586285 3.773167488750776 3.0415795930133838 4
quiesc_diff -0.777293965820403 3.102969990879636 -3.0611338584360697 4
quiesc_diff -3.6827729758388523 1.0155221816920443 -0.9706447866253628 4
quiesc_diff -1.9923457897778696 5.146240576161735 -1.5542271023700134 4
quiesc_diff 1.0334846202852348 1.9461807217261533 -1.9483292922275157 4
quiesc_diff 0.46628646215718855 4.024840595135492 7.913355919956796 4
quiesc_diff 0.19277331514707474 3.580957063205895 -0.3295482907584095 4
quiesc_diff -0.7719747344027723 1.274491899797937 3.476215817310345 4
quiesc_diff -0.7808490279528536 5.168868855287658 4.544090793841549 4
quiesc_diff 1.6562185892681394 0.08956915036452671 -1.1175497089014121 4
quiesc_diff 3.18621935169275 2.4030167158642515 0.278010347069926 4
quiesc_diff -4.178768344091928 2.3389561727707466 0.507665115755118 4
quiesc_diff 0.5992794359357646 2.1746854975509655 -4.548443688252943 4
quiesc_diff -0.1561757523788001 1.0541687681672907 -7.723918181653879 4
quiesc_diff 2.97197396461136 2.5253649199538137 -1.706713772567462 4
quiesc_diff -3.917330856625164 4.479019356157477 0.24537075600388725 4
quiesc_diff 0.3576226605830626 5.364623295709457 -1.2191321622038593 4
quiesc_diff -0.7071224221769312 4.782706941202014 -4.144443478159059 4
quiesc_diff -0.013852237930019745 2.94540814231471 -8.358707632503076 4
quiesc_diff 1.7644920581458627 0.2560309141282433 -3.1076671268297757 4
quiesc_diff -2.3737713654748234 1.6064720575750266 4.6268837657335755 4
quiesc_diff 1.3726211067717644 5.516911836476714 6.937507098297501 4
quiesc_diff -2.3444570580729804 1.403873529705193 -6.523348206868637 4
quiesc_diff -5.310363458189186 2.024905152882271 -1.546921837386365 4
quiesc_diff 2.379887741767024 5.075140198654682 4.154827673311905 4
quiesc_diff 2.3455020442383745 5.926437372680175 1.8076565097056392 4
quiesc_diff -0.8341301528307697 5.960772198803214 6.379860446129283 4
quiesc_diff 1.5215460624846278 3.4869096138752536 -3.1264424062939264 4
quiesc_diff 1.4420646048380008 3.23067920981763 -6.02309294781662 4
quiesc_diff -2.43145786994487 6.487227847672 -2.971595691939736 4
quiesc_diff -2.070450900755936 1.9459077457562097 -4.418416254014859 4
quiesc_diff -6.023530348426014 3.097202191564261 0.3596241675378443 4
quiesc_diff -2.7538230900305036 3.620641552695277 -2.858595139503871 4
quiesc_diff 2.3725334696932197 2.2924857896651463 4.041293361264514 4
quiesc_diff -2.0989563039325283 3.6369814108780845 7.8432086841852895 4
quiesc_diff 4.931212758264294 3.19136657991452 -0.29948640865581844 4
quiesc_diff -5.053861344343684 4.3401479858378575 3.0719817890581558 4
quiesc_diff -2.6665095710361664 7.222379791699102 3.26910678752009 4
quiesc_diff -0.18669694129574943 4.219895162228616 -6.827104699432829 4
quiesc_diff 1.3775481111558083 5.877574278150147 8.904712813974932 4
quiesc_diff 2.6076081287227204 3.598190451644643 -7.606268169029091 4
quiesc_diff -4.031567805976568 6.329477416346758 -0.5047991493398349 4
quiesc_diff -0.7085993451538886 6.896123688768608 -1.9386300291513163 4
quiesc_diff 2.1204833170386035 4.080938542455737 -0.5138107910521515 4
quiesc_diff 4.1499367875997795 2.458102840944909 2.7829066881580324 4
quiesc_diff -2.442989078897254 3.5226163085045155 -5.59110777951648 4
quiesc_diff -6.759658570633742 3.838255596924241 -1.3459417475981459 4
quiesc_diff -3.604687282891176 3.100793308733728 5.128730358415595 4
quiesc_diff -6.450450116880468 2.5126243993986503 -3.1161039005172317 4
quiesc_diff -1.1896304240594417 7.376110062187663 -4.263010808532153 4
quiesc_diff 0.35408538456417293 6.109157601650136 -5.200079133254356 4
quiesc_diff 2.569700917587931 4.7103548155774435 -4.311580895313358 4
quiesc_diff 4.216668034935085 4.028206694214592 -2.1451237095416045 4
quiesc_diff 3.0189165566564338 3.274505002614521 5.6592634383321325 4
quiesc_diff -4.333762152199774 4.832978853114515 -3.0430696088590716 4
quiesc_diff 3.5850330269283055 0.38293958222626306 -1.557559543772129 4
quiesc_diff -3.931914451094403 1.1684501770995583 -2.9491648278501486 4
quiesc_diff 1.876074094594239 7.567045665971294 0.7645640746466447 4
quiesc_diff -0.26714623054621356 1.162603576034014 -9.717890961161714 4
quiesc_diff 1.3442052730947216 1.0907445855746944 -6.141126845094466 4
quiesc_diff 2.9632399887541356 0.9052882259649663 -4.571042793529525 4
quiesc_diff -1.922397787661379 6.6463472628294165 -0.23332316732597613 4
quiesc_diff 0.5455867492179427 4.340788439292356 9.886649720748942 4
quiesc_diff -2.156021247982247 1.9921712873339632 -8.425556842598276 4
quiesc_diff 3.2925238454731676 5.957966931921223 5.700050084889604 4
quiesc_diff -2.5032845615540027 3.7721210012453903 -7.574567348822462 4
quiesc_diff -3.6348708499836744 5.760344404515503 -4.671425860347494 4
quiesc_diff 1.9953796796951488 1.3443464438620947 -8.015068677079055 4
quiesc_diff -0.8827386592549764 5.220368581628143 8.797510014044963 4
quiesc_diff -0.8494144066319048 8.168414244765177 2.421281950051503 4
quiesc_diff 2.692886001357998 5.499456725638261 -6.9915208715049575 4
quiesc_diff 3.4322614088917214 2.895646723768866 -3.6174798112025757 4
quiesc_diff 1.1598850401066805 5.452712628129385 -3.057017525725726 4
quiesc_diff 2.5345522639554092 5.794095602414649 -1.4591360235050586 4
quiesc_diff -2.8247632016827544 4.996716893336907 5.76262778648896 4
quiesc_diff 0.6207216495011993 7.248305258777489 7.59850938526014 4
quiesc_diff -0.15586241228729836 9.283816175001837 7.488226958325997 4
quiesc_diff -7.105609529658551 4.748963335820355 -3.092632718624372 4
quiesc_diff 1.271429955624794 6.016494276138973 10.897058208535192 4
quiesc_diff -3.957477049172355 2.5865860426786327 -4.587719635685981 4
quiesc_diff 3.009846070710974 6.660918160124994 -4.271896098605193 4
quiesc_diff -4.829803779924661 3.7019584327189277 6.59081450866149 4
quiesc_diff -1.5211582951569151 5.416386007306597 -5.857860076270137 4
quiesc_diff 0.08868279053011383 3.8052675058974375 -10.161518893505677 4
quiesc_diff 3.799989146334349 1.26639940894785 -6.351337589571322 4
quiesc_diff 0.7649558552075726 8.247044494559653 -1.8782309565709343 4
quiesc_diff 5.252274260156874 4.960953313446886 0.5754320472637784 4
quiesc_diff 3.918702298767318 6.466539294601324 0.6971022007737666 4
quiesc_diff -7.223294943261434 3.345718422150064 1.9403849337876977 4
quiesc_diff -2.525636630003378 8.487936187076558 0.2613010669975561 4
quiesc_diff 1.234549507922992 7.868885957470932 -5.558044272895389 4
quiesc_diff -4.098696353027651 1.7178719245705136 -7.431119931510324 4
quiesc_diff -5.453038252456634 5.607152204013056 0.8527578417883854 4
quiesc_diff -5.4652180726645385 7.074248624727715 -1.6837659682080681 4
quiesc_diff -3.7525212290461205 7.754923289954976 -3.776418571121913 4
quiesc_diff -2.7194437080942797 1.6976898058032528 6.594671852382174 4
quiesc_diff 2.373338246090777 4.105416226030125 8.510566989095379 4
quiesc_diff 5.325439618571066 0.8290444869902296 -0.678938288786819 4
quiesc_diff -8.036179456189805 3.1573028123988687 -4.1504405025308575 4
quiesc_diff -1.065540105716676 8.994345961005243 -3.0942875013838553 4
quiesc_diff -0.2830546570234193 1.5616484925945768 7.425292270235829 4
quiesc_diff 1.669020983765662 7.833440418610866 3.2393755881675412 4
quiesc_diff 5.247575946825598 5.492631311753972 -3.035454780967388 4
quiesc_diff 4.613591736298925 4.2709912163189685 6.340458195599951 4
quiesc_diff 3.3517355696394677 8.888746637313515 1.0393908444860647 4
quiesc_diff -3.5876129471537634 8.858598212543578 2.58037037219564 4
quiesc_diff 4.84156872718543 7.319475883885552 4.064921482062276 4
quiesc_diff 5.14553185749113 2.6832492508303147 4.502819346092658 4
quiesc_diff -0.5687552351219862 1.552396007608651 -11.656213397869793 4
quiesc_diff 0.8740147608624741 5.145932037037888 -8.247437896748895 4
quiesc_diff -3.0934087369373455 2.885333924233944 -9.949881348599648 4
quiesc_diff 5.1887395111378645 2.1975674137230508 -7.448742970978337 4
quiesc_diff -5.624509622596376 5.747580587279226 -4.266783070224792 4
quiesc_diff -1.9020636587341422 5.383663708616332 -8.595088553076447 4
quiesc_diff -5.888067759086695 5.130146081924473 7.5075245986380725 4
quiesc_diff 2.9495345078453745 7.580334628860563 -2.2573464454224883 4
quiesc_diff -1.8933446845122623 9.785369126212752 1.8775297212859567 4
quiesc_diff -3.8002636052566956 10.028024461958108 0.3200733353641375 4
quiesc_diff 5.2145604091893425 7.0770392492726755 -0.6986203945150458 4
quiesc_diff 2.0848119746465876 8.333925883454807 6.775182366943056 4
quiesc_diff -7.112393086488273 6.275018730703354 -0.04194648775432264 4
quiesc_diff -1.9240478874624487 8.60247034117192 4.511725282344907 4
quiesc_diff 5.645417827834507 6.558192618495296 1.713089613318774 4
quiesc_diff 1.2622596810510633 9.3617716786326 1.3987489098512562 4
quiesc_diff 5.946266190734226 3.1573837467653325 2.2497961084565867 4
quiesc_diff -3.4678690290155023 4.980500914501777 8.409806684965961 4
quiesc_diff -0.3726514570198204 4.839448627097497 -11.810045544970835 4
quiesc_diff -0.9989895905354826 7.188529398201913 -6.623919895096336 4
quiesc_diff 1.4067382465753404 2.238155439683818 -9.921112381909959 4
quiesc_diff 1.6544633498195311 9.35882858606081 4.532812488019093 4
quiesc_diff -0.8461370752620685 7.08044523411668 9.531523073136045 4
quiesc_diff 3.826783793055195 5.342291376815547 7.834864173428123 4
quiesc_diff -9.540819003177628 3.5514402788204986 -2.893175418627302 4
quiesc_diff -1.8764734662684406 8.937614494877005 -5.307017773097343 4
quiesc_diff -2.5105042703599985 8.196834804835445 -1.936706461828727 4
quiesc_diff -1.4787290615934576 2.6933445386698946 -13.023760137329202 4
quiesc_diff -4.169117570297878 4.054851518629844 -6.449714856285506 4
quiesc_diff -5.172509465416182 8.269446620536595 -5.087486514005821 4
quiesc_diff -5.936693874367 2.784560191389085 -5.029766736105826 4
quiesc_diff 2.881849709074436 4.9365263582290915 10.257184302696283 4
quiesc_diff 5.326274873535352 1.3661556715792178 1.2475899040353253 4
quiesc_diff -0.0799326804939775 10.521822008278416 -3.928190930056867 4
quiesc_diff 3.6145299586768824 8.158443730420387 -5.451631052713908 4
quiesc_diff 4.029356472358145 7.688232733319679 6.3806806281865835 4
quiesc_diff -4.56148956538625 7.925959723742022 0.5770636751800038 4
quiesc_diff 0.674477087136037 4.367467582650449 11.882313896932159 4
quiesc_diff 5.938699671850593 4.647640414097907 -1.3383344507301005 4
quiesc_diff 6.527690261935664 4.050694813043831 4.034064848081281 4
quiesc_diff -7.91677049611265 4.26536349513965 0.22843776039746722 4
quiesc_diff 5.1781292875036256 0.7451900809107361 -2.7111707784364683 4
quiesc_diff -6.772568426541694 8.078634343773269 -2.8160399543062313 4
quiesc_diff -0.38781962410598375 2.3366422272722516 9.266055430689269 4
quiesc_diff 6.905417243420346 3.28375778793036 0.007076008269517431 4
quiesc_diff 4.123559765659336 6.8512573224733675 -7.346214720529844 4
quiesc_diff 2.807076077662724 4.417468853658667 -9.419826945947836 4
quiesc_diff -3.1214922863932077 6.992237066483835 -6.1610173881947645 4
quiesc_diff -0.6937558415771579 9.820833104161448 5.5232500539833485 4
quiesc_diff -6.611715787092308 7.861962040686895 3.823235152775925 4
quiesc_diff -5.101037547399431 2.912686936508201 -8.683209871296478 4
quiesc_diff -4.359681408855263 4.253690888240495 -10.67386528447712 4
quiesc_diff -3.7992445575657245 9.97293814573426 4.227628267842532 4
quiesc_diff 4.410791787822437 4.944935567973076 -5.056803196472313 4
quiesc_diff 2.286576089760245 9.176527671002734 -0.9722878642582065 4
quiesc_diff 3.751130219115375 1.8110842758195418 -8.851427355843882 4
quiesc_diff 1.9876885154770434 7.657734501218674 9.582029776127316 4
quiesc_diff -8.243380282432767 5.860080180246047 -4.305438173825283 4
quiesc_diff 6.072174152588446 6.8404291476642065 -4.261619040994722 4
quiesc_diff 1.394504695553486 1.8650138293059135 6.191147313474299 4
quiesc_diff -8.337557487413498 4.785545512061862 2.7682236462528076 4
quiesc_diff -3.925342861776203 2.4052515207741596 8.02476403495526 4
quiesc_diff 0.8841312094029763 7.393403555358439 12.294956816437187 4
quiesc_diff 1.2599157437473028 9.866940291471499 -5.642515761941425 4
quiesc_diff 5.299904652422742 3.416900753568515 -4.107584852301475 4
quiesc_diff 1.1141197762391433 7.12672575687456 -8.11030357921106 4
quiesc_diff 3.470818119044364 10.79639728189997 0.45058836093482224 4
quiesc_diff 1.0355721021407818 10.766891539560838 6.870998264187667 4
quiesc_diff 3.403887839638212 2.05445368069954 -10.805959029330754 4
quiesc_diff 0.20472777299424294 8.732497193288722 -7.039139417589885 4
quiesc_diff 7.463548774591611 5.752402312449125 -2.0123792280419086 4
quiesc_diff -5.389812224959388 9.356609513932238 1.7027291447873705 4
quiesc_diff -1.16349115221379 10.97608285387118 7.835959341147437 4
quiesc_diff 4.409291950623221 4.070839696059169 -6.877887706869112 4
quiesc_diff -4.022787781339898 7.783028016994496 -7.7617410068682835 4
quiesc_diff 4.98096142487411 7.444092292013586 -2.6880116356777375 4
quiesc_diff 1.5875162811815096 2.240758136043468 8.146029085799078 4
quiesc_diff 0.20007793560596798 9.089038223542184 13.10544690931988 4
quiesc_diff 0.0977885522777488 6.723473711227539 -11.331364356682755 4
quiesc_diff 1.6239320570045195 5.983072672368877 -9.901771480287787 4
quiesc_diff 0.0232845683649352 10.490466109330427 2.4900735875966573 4
quiesc_diff 1.7281677772511832 3.2591151555934075 -11.610586949726628 4
quiesc_diff -2.210441161097325 5.499826360563403 -10.567754149250534 4
quiesc_diff -2.4369083379716665 11.527415795498134 2.6959501246664965 4
quiesc_diff 8.519846473890814 4.285943428122395 0.6309687894390155 4
quiesc_diff -3.8891382857104744 4.941323683405985 -8.41859018220442 4
quiesc_diff -4.995878706849505 4.69668168850932 -12.517506287737248 4
quiesc_diff -0.9412858113520614 3.4113469546882973 -14.81139189005729 4
quiesc_diff 6.936994183335374 4.521444923003193 -4.423686173943948 4
quiesc_diff 6.802608346230908 7.740826073842063 2.836605618735712 4
quiesc_diff 6.362254897060884 3.1438776833759428 6.021834320380501 4
quiesc_diff -1.279608156429143 12.038718322188226 -3.4184808896549086 4
quiesc_diff -8.04379683783483 9.584026502357034 -3.1592203371891205 4
quiesc_diff 6.924831354743665 4.8992216291415005 2.158084542629341 4
quiesc_diff 5.299173607628493 1.523559519047427 -5.052755813637377 4
quiesc_diff -2.601500833502477 10.646218419947651 -6.0520063260260875 4
quiesc_diff 0.5865336821104554 8.809639562715581 10.424573461778841 4
quiesc_diff -0.16550365815665025 7.968591306281311 -9.396315345435298 4
quiesc_diff -3.9803674028905123 7.711038932084806 4.695637488974672 4
quiesc_diff 1.0183612226645278 11.53282120269767 8.718443943160327 4
quiesc_diff 5.931182322757327 5.669714570039586 -6.135278054521342 4
quiesc_diff -7.109451479721449 4.49929625569431 -5.3081230392320515 4
quiesc_diff 5.570366262587583 8.755615244302446 -4.544905215695271 4
quiesc_diff 4.422963224041735 11.504492884474926 2.0605636143606496 4
quiesc_diff -8.35590655849743 7.636673392275709 -0.8162660778138822 4
quiesc_diff 5.88841732627448 8.547716100476492 0.4774010570876632 4
quiesc_diff 2.916637822835929 7.025647799373452 11.421367506764803 4
quiesc_diff -7.259720212826352 3.382058860848455 3.939722967300873 4
quiesc_diff 6.903976482024628 6.018876302216953 0.18469080282069505 4
quiesc_diff -2.9063229835676547 9.787063348368887 -3.0832232412986764 4
quiesc_diff 4.116206283658198 8.063160460334661 8.343302932602928 4
quiesc_diff -6.620689804565436 3.8215854175859425 -7.7533923793203146 4
quiesc_diff -0.4708119149176639 11.528835405512972 4.506872100590248 4
quiesc_diff -2.5363929804575926 10.609313625179434 5.641923902904887 4
quiesc_diff -8.642739486671207 5.094114305255737 -1.8605197759311773 4
quiesc_diff 4.239307383439827 10.01361528042428 -5.861498945531502 4
quiesc_diff -6.007474294874198 1.7815010249476686 -6.837387579094478 4
quiesc_diff -6.543119295410146 4.149080329202948 5.660958630537767 4
quiesc_diff -1.9428254283017519 7.936138301134224 -8.220871628745288 4
quiesc_diff 0.6379025206360065 2.0780949288357795 -13.16207451520091 4
quiesc_diff -6.191137102101581 6.759701707946732 6.38828493037049 4
quiesc_diff -3.903633629122312 11.922848771192323 0.9517025583273435 4
quiesc_diff -10.505882072874831 3.7541857152811966 -4.633160349453133 4
quiesc_diff -8.212448757471558 6.308821147021668 -6.254200546589304 4
quiesc_diff 4.238558060147485 5.734565735223919 -9.884708800178123 4
quiesc_diff 7.2953804483265525 1.71480184321535 1.2802867284940747 4
quiesc_diff -7.699751752444611 9.438494064845251 4.398321680963675 4
quiesc_diff 3.5462804677220907 9.68760894186861 6.9530925159258175 4
quiesc_diff 6.601837498733588 2.110223911713387 -2.3799041636974967 4
quiesc_diff -4.06224385454135 6.869988869499606 8.686490321452183 4
quiesc_diff 4.50716770629219 6.206649330424052 9.505182424134267 4
quiesc_diff -5.635368537112125 5.7818460945773245 -6.266460033882959 4
quiesc_diff -2.3891810155477726 8.352720180916574 9.549740045796032 4
quiesc_diff -5.203258275114443 10.216338553400274 -4.630686434701459 4
quiesc_diff 6.2798007815196915 10.365236307670221 3.481789387270835 4
quiesc_diff 5.5105882042301815 7.468363575973031 -8.648263868022875 4
quiesc_diff 5.198766438689193 5.441365521621155 4.827912476234456 4
quiesc_diff 3.0694531307829607 9.508945441330814 2.919728598244345 4
quiesc_diff -4.582968767962004 8.855495242296609 -1.9046656100168913 4
quiesc_diff 6.747593253801224 2.968239229000298 -8.436690318827255 4
quiesc_diff 2.7751957998469905 9.688993350746038 -2.8427502953163604 4
quiesc_diff 0.9603605588960591 11.777169373709157 -6.153682608090716 4
quiesc_diff -3.821143429021407 2.523607543228944 10.018537926388854 4
quiesc_diff -8.90674221839842 5.826172330281221 0.9925266094317646 4
quiesc_diff 0.9006300810891446 10.238460307459288 -2.0041498374614366 4
quiesc_diff -10.13609586338897 5.314655854327911 3.4648598180459595 4
quiesc_diff 3.53430125144927 0.40926204113746134 0.44162364321039793 4
quiesc_diff 8.100820449618592 4.169319141950407 5.263369399928439 4
quiesc_diff -0.08193558067373063 4.922601170038452 13.648571685628541 4
quiesc_diff 2.9014293454972164 5.035574272479565 12.254634214088352 4
quiesc_diff 4.212793049366709 8.950683963093091 -1.5318669078462341 4
quiesc_diff -3.102044571163166 3.3027332417739785 -11.905821846693682 4
quiesc_diff 2.710132170249329 7.9332208088103755 -9.006021263176784 4
quiesc_diff -0.5646320848584165 11.936587990120286 -7.437809993218958 4
quiesc_diff -8.59672114601802 4.242156093707693 5.15325551926332 4
quiesc_diff -0.6597959173363653 12.90707269509807 7.703409941147567 4
quiesc_diff 2.6583670125690926 5.504428870939087 14.183648487704517 4
quiesc_diff -7.865789141645969 4.854585396308545 6.984894836760269 4
quiesc_diff -5.489404175003561 6.133008977841942 -8.556558448809795 4
quiesc_diff 2.3738789337841153 10.490843144484934 -7.1819413825040765 4
quiesc_diff -0.2464699385347798 6.076561981578245 15.273780253940213 4
quiesc_diff -4.776634285680468 5.398524050105418 9.863213084101035 4
quiesc_diff -7.0309909097082 6.541299622409485 8.345601180431185 4
quiesc_diff 7.168016227897283 5.431119482949875 6.503424311370884 4
quiesc_diff -1.1709560533428052 7.806749250646834 11.366454981150822 4
quiesc_diff -5.805296741863106 11.065636358949172 -6.338387498132861 4
quiesc_diff -5.166462588693134 9.07843395240132 5.546172067125053 4
quiesc_diff -4.674709232747775 6.206594776338837 -10.968693834695598 4
quiesc_diff 9.947008955509412 5.687084272842115 0.6275652150889733 4
quiesc_diff 1.5162858177294192 11.282721174105395 0.9033462880101077 4
quiesc_diff 4.923615989258601 8.341723595091587 2.2590011092134104 4
quiesc_diff 4.8243525952727015 3.3446058537801084 -9.556058678767121 4
quiesc_diff 5.421899708857758 8.965993857816871 7.035012228526084 4
quiesc_diff 0.03161248880635814 13.456950996416149 0.7307687261215088 4
quiesc_diff -2.4015322126410052 9.882688433960416 -8.243907826249975 4
quiesc_diff -8.920464051296229 6.8312271562049665 2.7215947134083875 4
quiesc_diff -5.777050045995352 10.066112399304814 -0.8517762518184067 4
quiesc_diff 8.529605611851357 2.9153763267153296 2.297788156154462 4
quiesc_diff 0.514537171959274 12.497169958405031 6.013875638880884 4
quiesc_diff 7.494132103133256 5.79809578368827 3.92190418040547 4
quiesc_diff 6.291779701419324 3.6354048939882673 7.959212509590587 4
quiesc_diff 2.836971967289825 11.135941732826463 -1.4634301422224827 4
quiesc_diff 6.619488129115207 2.859443334452311 -5.739912270414579 4
quiesc_diff -7.925982327707549 2.0101120446876113 -6.320605294561265 4
quiesc_diff 8.154439331591485 3.7866958534773336 -1.4717739251194235 4
quiesc_diff -8.371372817148183 4.658489604520064 -8.23785122313095 4
quiesc_diff -2.0447628417678767 4.555863702759517 -13.482702533606068 4
quiesc_diff 2.1069141278943655 9.505096044931369 8.396253601555767 4
quiesc_diff -6.449334583435367 7.526372955762435 -6.808756360660614 4
quiesc_diff 6.5453689564184705 4.92645361861063 -8.789538356757308 4
quiesc_diff -8.65396526461563 8.1204553580407 1.1013146942287728 4
quiesc_diff -3.2669472574975926 6.675382820832548 -9.279598959835822 4
quiesc_diff -9.195375637832067 10.760623503006627 4.521134311444488 4
quiesc_diff 7.584004412740131 7.668406854883035 -5.275927761670208 4
quiesc_diff 2.5280910262566474 9.411292105669386 10.377643284192748 4
quiesc_diff 1.1286031864738277 8.884184730563852 -3.838176900588035 4
quiesc_diff 6.766323596435395 9.481645740201344 -3.115721611451075 4
quiesc_diff -4.0483885725851 13.197963857233589 -0.5822881599278424 4
quiesc_diff 3.4768186171143207 0.4749456438777365 2.4397180881956624 4
quiesc_diff 8.336859526699882 6.235787938167171 1.689291471883327 4
quiesc_diff -5.669426852057175 3.062604486145167 8.750062672596023 4
quiesc_diff 2.3635458288169047 11.38022704013385 2.91997152242845 4
quiesc_diff 8.645749696623325 8.474071355473045 3.0919119434507865 4
quiesc_diff -4.491965982022078 9.403329418689738 -8.836215382397576 4
quiesc_diff -6.723199736501714 10.81090023943951 1.375442985950042 4
quiesc_diff -11.174700000444144 6.096072391609699 1.9447645441389532 4
quiesc_diff -1.0399165663667354 9.934193615095754 10.124510514209813 4
quiesc_diff 2.082776065527127 11.915934982915395 10.367760429981784 4
quiesc_diff 0.9502432630864319 2.468479579184546 -15.098577312869322 4
quiesc_diff -3.641383184968071 12.71400237930409 3.76424438285789 4
quiesc_diff 7.380084763611286 9.803155355376848 0.03153052246546478 4
quiesc_diff 0.8206797465129276 12.286160663236762 -4.203883452517139 4
quiesc_diff -9.416829778537727 6.825492653504577 -2.49543176609448 4
quiesc_diff -3.0911660325719073 12.235449342563967 6.665598406491871 4
quiesc_diff -0.16826213141619836 8.90475412574326 -11.163683888292823 4
quiesc_diff -6.207313858168749 3.585922645492836 -10.20731826782823 4
quiesc_diff 0.9375790282277926 7.46905466018056 14.292810725260868 4
quiesc_diff 0.4795979290779308 10.157638663684288 -8.415154746957 4
quiesc_diff 4.135254500277112 8.846475495589308 -7.483937902493175 4
quiesc_diff -8.688390457057352 10.088229811548183 -4.984125290620478 4
quiesc_diff 5.412590599143461 6.454577523493783 -11.334960716960547 4
quiesc_diff 3.9545705903690664 11.37795517358507 7.9410342109012255 4
quiesc_diff -5.115086663447352 11.322252951481126 4.896888387214142 4
quiesc_diff 7.668857150666556 7.619885990193297 -1.3265562304160115 4
quiesc_diff -7.479857385496111 8.27557520077261 -4.676404603342958 4
quiesc_diff 4.834331101853659 7.600256757677096 10.901900882274575 4
quiesc_diff 3.2261466889311765 8.693671968108116 12.480565143811575 4
quiesc_diff 5.285886508243276 6.120728251730501 6.706975108085579 4
quiesc_diff -3.228287649496501 10.902405379860744 -1.3853009685468707 4
quiesc_diff -2.067688132489088 6.779449819536533 14.080201151957205 4
quiesc_diff -9.539398531627713 3.5565975384814523 -0.8931825724067548 4
quiesc_diff -5.424190615432792 8.328238786054682 8.550078440135248 4
quiesc_diff -10.716057873205568 5.722713185502139 -4.91728309043117 4
quiesc_diff -5.510971071604286 6.5454506633464895 -13.080296775797278 4
quiesc_diff -3.861485785019127 3.4876574153461 -13.746759676367908 4
quiesc_diff -9.572597798746962 7.6568628939513985 -6.8310697120438615 4
quiesc_diff -0.6560395912230117 13.519750581625262 4.551002242854825 4
quiesc_diff 2.9675020007371153 12.72035538687555 0.23831943869018796 4
quiesc_diff -0.1865564229059761 12.479357557865002 2.473413325639482 4
quiesc_diff 2.154023790598937 7.176795208346135 -11.416376795567938 4
quiesc_diff 5.318721697477549 9.227211077123634 9.438265416471708 4
quiesc_diff -9.491970407078595 7.362555173575382 -4.733914071696949 4
quiesc_diff -7.5167238411319595 8.248897263363109 6.229803401368165 4
quiesc_diff 1.034838844150662 12.199905414994088 -1.6371061097595547 4
quiesc_diff 3.925399117350567 2.3123359911623664 -12.719469599243862 4
quiesc_diff -2.7246194786147475 4.424452656218999 13.063664016784125 4
quiesc_diff -3.6918087449362447 2.8173382456071554 11.992618678023142 4
quiesc_diff -3.1926020850423606 11.577719653467348 -3.9267837151652314 4
quiesc_diff -0.5498239034189254 7.7077570134128015 -12.94746598970767 4
quiesc_diff -2.4333570330822996 7.318374700231179 -11.369745701767611 4
quiesc_diff 4.797753993343541 13.41149803362113 2.532647547974181 4
quiesc_diff -1.2794083135926893 13.944744440690274 -2.812622493946094 4
quiesc_diff 5.894710637960393 8.342670486865535 -10.405545115140361 4
quiesc_diff 8.211441317707177 2.788310465832973 -3.354262501819498 4
quiesc_diff 2.9058375208301284 5.0608118905261215 -11.310952514030943 4
quiesc_diff -3.8992904701907616 12.163645503392576 -5.937301900076976 4
quiesc_diff 4.7977585992183185 10.81412442570728 -1.101280159584031 4
quiesc_diff 5.841775963521065 7.647650993638278 -6.41772098172918 4
quiesc_diff 8.394658904225416 5.396011128203407 -5.47741645926095 4
quiesc_diff 1.1844865286804664 4.006425934419406 -13.384265979259048 4
quiesc_diff -0.31351200329429785 5.61484622626298 -13.652668970476288 4
quiesc_diff -4.306776838944022 9.590160747756872 -6.3147685572307655 4
quiesc_diff -3.3348231190792283 9.309247784245139 11.02988056483438 4
quiesc_diff -10.343844091586911 4.209196949781308 -6.573961335927228 4
quiesc_diff -2.52238052510926 11.15818322939238 9.573012522261124 4
quiesc_diff -7.061816576310793 7.391160433076887 10.155790778448544 4
quiesc_diff 0.018659871486881197 11.603259741942832 -9.71811898482341 4
quiesc_diff 8.580163382940846 6.553524859807614 -3.4654361713634465 4
quiesc_diff 4.5507927829861305 10.425533467391604 -3.9293239397116273 4
quiesc_diff 0.017558795252575865 14.979506735318624 5.740698500515512 4
quiesc_diff -4.143791844782243 11.04008341605165 -7.682672116566378 4
quiesc_diff 0.11247828350573508 7.04449096610458 -14.984828192714858 4
quiesc_diff -9.687716971146003 8.782172414672106 -8.480441125256025 4
quiesc_diff 0.3390554337874125 3.2785177527359006 15.089093414728893 4
quiesc_diff 5.481306796388297 6.777355006144219 -13.30754602080169 4
quiesc_diff -9.53459247677279 5.707021293969655 -9.48183728401861 4
quiesc_diff -5.621265316588702 10.759420131785067 -2.7517685247072468 4
quiesc_diff -7.691823453071881 9.499220199141718 -0.5164110773193238 4
quiesc_diff -6.530185485095697 11.985654428702356 3.6489325366368255 4
quiesc_diff -4.827626455206072 9.655465645790061 -10.79165890490737 4
quiesc_diff -2.4292934499008707 4.088444725506951 -15.963508149977619 4
quiesc_diff -2.3045206275420944 13.156871323082038 1.543844149613213 4
quiesc_diff -7.8110987112474985 10.315856450377094 6.19215475547736 4
quiesc_diff 4.718614394661001 3.091868929337225 -14.381738507135061 4
quiesc_diff 2.88551261572383 9.77720636289364 -9.76031495642723 4
quiesc_diff 9.59163742837395 4.789088889429733 -2.4359678019299915 4
quiesc_diff 0.6142598308547758 9.075732654058804 15.439131151929367 4
quiesc_diff -8.03008149894098 2.0652693999876504 -8.317132536725723 4
quiesc_diff 2.1061204768076616 10.458117663045613 12.028732957051758 4
quiesc_diff -8.303334158030205 6.7102588684434075 -8.21138924464195 4
quiesc_diff -10.008155858406065 4.605047050916634 6.522986224855501 4
quiesc_diff -5.762990580627031 9.740473522945486 3.7556810836590637 4
quiesc_diff 4.337225163804682 10.293336289614126 12.026055868687864 4
quiesc_diff -11.494290925469727 6.1317079302628565 4.684586049029717 4
quiesc_diff -6.442680990680567 5.475657774060414 10.966996924074763 4
quiesc_diff -3.637165108654468 14.136945859365387 -6.1306306355433975 4
quiesc_diff -10.463225852154947 8.904476430816421 0.7668194269670521 4
quiesc_diff 6.057876234759518 10.700048152168339 7.802208137497945 4
quiesc_diff -8.44000322752931 11.370767556630415 -2.3526368624394127 4
quiesc_diff -9.348581802969987 8.536425042548665 3.6750176830870034 4
quiesc_diff 3.3712993908383644 13.541906380720183 -4.399460306952887 4
quiesc_diff -10.866122975911548 4.936359905783945 -0.3134774243223445 4
quiesc_diff -5.257907216103141 9.075123487112311 10.397918550759929 4
quiesc_diff -4.822452393591 11.081496976307449 2.5411002224674384 4
quiesc_diff -2.0208083643463803 6.886916425812361 16.076761498121186 4
quiesc_diff 8.976388449739757 6.280319636012238 6.596424350657829 4
quiesc_diff 1.0679323363871787 14.172114412940383 -1.3065059143705227 4
quiesc_diff -4.952493276474151 12.503052555394444 -4.142519699488603 4
quiesc_diff -2.452814057864903 9.118588776815486 -10.498625329686734 4
quiesc_diff 8.149590927041489 3.4548473408044638 -6.881962837157562 4
quiesc_diff -1.1333731596296919 13.681224333841019 -6.6423367893731164 4
quiesc_diff 6.935179217370562 3.126400693300327 -10.421582370673459 4
quiesc_diff 2.2451001009802796 12.345509153278405 7.0831502137049265 4
quiesc_diff 3.6092828269693524 0.7316032239949529 4.4187532368668165 4
quiesc_diff 1.958052312407908 5.826709545810788 -13.681189458199494 4
quiesc_diff 9.265852113370233 3.3194949480902434 -4.968592368915525 4
quiesc_diff -5.960137751275859 8.028057124044429 -8.989227402797033 4
quiesc_diff 4.025396114699333 7.630352210301364 -10.485171643263516 4
quiesc_diff -5.290610082069085 3.621566039240145 10.815503983770018 4
quiesc_diff -0.335251514371695 12.266424958226974 9.994985398815649 4
quiesc_diff -3.93671251958721 14.117100059588555 2.3699354200760503 4
quiesc_diff 6.068632298557502 7.353428729566778 8.073634743725547 4
quiesc_diff 1.9428598644615351 8.47027313941371 -12.92711325112178 4
quiesc_diff 7.890602526962683 8.175606237218025 1.2157308943265221 4
quiesc_diff -10.587175059239355 8.253386598037908 -1.7263993824431312 4
quiesc_diff -5.0139140061826 12.044449377400372 9.224839250318993 4
quiesc_diff -7.839815288901154 9.006341060799615 -6.502989275783641 4
quiesc_diff 7.002044055957434 10.013670692692799 -5.151201500317717 4
quiesc_diff 0.2626179650805145 8.932434681380148 -14.303969885717999 4
quiesc_diff 5.013250901608387 12.655972649621596 0.5355538412212315 4
quiesc_diff -5.7383357896087785 11.963409850813978 -0.22029894672402506 4
quiesc_diff 2.7339700054981018 11.590004768957389 -3.4627954724690992 4
quiesc_diff -1.2122519574819828 12.060339243038573 -5.417229417670621 4
quiesc_diff 3.699229358357497 12.821234605270087 9.301822709276262 4
quiesc_diff -2.4538904521758784 6.480510412057448 -13.840961717424822 4
quiesc_diff 7.0308334578486145 8.654320106862293 -7.671818095857214 4
quiesc_diff -1.246859178100238 13.004276186142203 -0.991463668631605 4
quiesc_diff 6.451846285042331 6.366022390803909 9.944301374961364 4
quiesc_diff 3.2731290930829675 12.86060747476189 4.751203375219571 4
quiesc_diff 9.324794025621875 6.340333658044013 4.517433367905492 4
quiesc_diff -4.4120515924692585 3.6012293827671273 -15.666129025889491 4
quiesc_diff 5.569598027012887 8.184042289821079 12.667850202392868 4
quiesc_diff -6.045985542143387 9.384320892671038 -7.429513168618372 4
quiesc_diff -10.15610421831238 7.053356565069594 0.02654863501523186 4
quiesc_diff 5.96635955418257 10.320172462681027 1.4006147123102193 4
quiesc_diff 7.1738493320596595 1.813601932796218 3.274144479206932 4
quiesc_diff 9.781894661813242 4.422273016172723 6.316936593139226 4
quiesc_diff -2.9967247296907003 12.706808117140959 -2.2162699065142766 4
quiesc_diff -1.82012217327948 9.197172532809727 12.649149974181405 4
quiesc_diff -11.133315802821087 4.719453555711917 -2.5774240478769705 4
quiesc_diff 9.128721098372438 10.31730636823994 3.699549428142707 4
quiesc_diff -4.494976278900775 10.767166620575834 11.75687252657002 4
quiesc_diff -2.793923793094778 11.353065309676639 -9.541606054247527 4
quiesc_diff -1.4952981736735356 9.46619650617057 -12.829275657631339 4
quiesc_diff 1.4857136661266228 14.581662160219903 1.5185596654772657 4
quiesc_diff 2.4185797484860263 13.379082288024081 -2.6262964488282927 4
quiesc_diff -7.279059896382856 5.263225234731321 -10.01234018263341 4
quiesc_diff 3.7733397513532925 10.901337930182196 9.898979463231607 4
quiesc_diff -6.445490120208677 12.458446897540467 -2.024425071772417 4
quiesc_diff -6.308688827642602 10.507775639669337 8.85351742666259 4
quiesc_diff 2.2808182688718346 3.924353991503451 -15.430239565069146 4
quiesc_diff 3.4721922267657983 14.517096215094092 0.9573536325667118 4
quiesc_diff 7.597068178089603 7.085954165570265 -8.869790310709456 4
quiesc_diff 8.680339856528176 11.853944764233933 4.943761889935675 4
