60
 Lattice="1.0 0.0 0.0 0.0 1.0 0.0 0.0 0.0 1.0"Properties=species:S:1:pos:R:3:Color:r:1
active_stem -1.041433474290126 3.187778176564877 -0.6107270347142411 1
active_stem -1.3065743124650144 1.9784054270466347 -2.410758635302498 1
active_stem -3.014990588998666 3.091131007595236 -0.301321734640928 1
active_stem -4.275837753168464 3.9019452184189047 -1.625272165786811 1
active_stem -0.817390327715666 3.0219590318070395 1.3697548964592787 1
active_stem -5.986103959846153 4.9298532819106775 -1.4896457844854578 1
active_stem -3.175739236904964 1.289075688125772 -2.2345570567548223 1
active_stem -4.229916274722045 2.247024243733827 1.044575493743541 1
active_stem -2.0739596022168145 4.837069334631149 -1.0730348013298747 1
active_stem -4.8691505177264585 0.9899921107669474 -1.2133287533178505 1
active_stem -2.083170138585417 4.433593539619772 2.006221303072261 1
active_stem -4.621907639767274 4.300974345499273 0.30372015906338556 1
active_stem -5.200676836749818 0.5770319511228796 1.5629862129918548 1
active_stem -2.035602172996426 1.3621727436369144 -0.5282614889609918 1
active_stem -2.648512267493153 2.9869649209709084 -3.497961593388113 1
active_stem -1.212804686167563 2.311742220855706 -5.394169538397987 1
active_stem -7.252341330857293 5.302618601280779 -2.992206577574943 1
active_stem 0.2963551434782674 4.075953884803939 -1.8029793257430202 1
quiesc_stem 0.16494296841510073 1.6670818500317988 -1.092534632158162 2
active_diff 0.9862435231845093 -1.261782987295107 -1.1980097687202897 3
active_diff -1.2464972467990967 0.5744896515314123 1.4547186167797497 3
active_diff 1.6250430648428469 -2.965856742492859 -2.0275082813309693 3
active_diff -1.6732726155328468 -1.073762117705194 -0.21724103822510835 3
active_diff 1.6249870607571146 -3.6289145976530257 -3.914398388776006 3
active_diff 1.8420196702724443 0.7140956621520933 -1.62095781654526 3
active_diff -0.550382304008756 1.0353978963922592 -4.004154519405387 3
active_diff -0.5522405278133291 -2.5323039689872475 -1.3352805227260867 3
active_diff -0.1642571764883234 0.9100914723287263 3.1027865304566284 3
active_diff 1.394073675941861 1.1567878888588254 4.331910540650646 3
active_diff -2.1681317913146287 -1.05298632930978 2.1631758830567254 3
active_diff 1.1525706760256658 -1.3650018868678142 0.8990832473208732 3
active_diff 1.3844548051455687 1.4569421943157264 -3.7236090401555026 3
active_diff 2.238404011020934 -3.7951131689270023 -0.3139966446849862 3
active_diff -0.02499331810662575 -3.283662490984106 -4.990672393017184 3
active_diff 2.0992670423130826 2.6771469809656 -1.9042479668906929 3
active_diff -0.1473453197077763 -0.5693986279884552 -2.6931954542649468 3
active_diff -2.5665640993167873 -1.392127233212315 -1.9781141109442137 3
active_diff -1.7438398970081135 -3.3210996017611993 0.06396655804675988 3
active_diff 1.0149081325989933 2.2239020806457086 1.4458302211816216 3
active_diff 1.7809410717736072 0.44987776919755684 1.9616124218151967 3
active_diff 1.7459796184406726 -0.39603714261364464 -4.383735835767323 3
active_diff 3.2886332123833277 -3.5414512025044997 -5.021029147741427 3
active_diff -1.6529366136318966 -4.113594609211052 -1.8719256920924716 3
active_diff -1.161281748256225 1.0482566356388097 4.831037782716708 3
active_diff -3.3904508418692636 -0.0559747263406245 -0.09311301973040007 3
active_diff -0.8588179858883395 -1.2401062181712217 -4.437889689295586 3
active_diff -4.0364813620247295 -2.6384395786766603 -1.4432788294449923 3
active_diff 2.907721714250679 -0.9704829008773692 -0.7257113239736461 3
active_diff -1.5837817017776061 -5.279828311550115 0.435131232535325 3
active_diff -3.11390495422675 -1.8113097834923744 3.7539174281078944 3
active_diff -1.1067809752573503 6.131166920157122 0.10589562184557844 3
active_diff 0.8830297022785529 1.1599677152040164 6.265514415720933 3
active_diff 3.4329273458064593 1.2608643717863006 -2.70264942975667 3
active_diff 2.081248559102493 -5.532128841078054 -1.2928116009632105 3
active_diff 2.879808504414414 4.382686652639997 -2.598430546825905 3
active_diff 0.3612281894864815 -3.25689010335814 -6.952843686847902 3
active_diff 3.566837659705394 -3.443244659266476 -2.0666813368812154 3
active_diff 0.19384053011085034 -2.3333152905919956 2.3630523929937755 3
active_diff -2.6678260759588213 1.3216983027844895 2.646986871365103 3
quiesc_diff 0.0 0.0 0.0 4
