431
 Lattice="1.0 0.0 0.0 0.0 1.0 0.0 0.0 0.0 1.0"Properties=species:S:1:pos:R:3:Color:r:1
active_stem -1.3521977089911128 4.176540824212856 11.630137522500016 1
active_stem 4.6943493150052635 9.313761804438863 4.098834779751502 1
active_stem 1.5875162811815096 2.240758136043468 8.146029085799078 1
active_stem -0.34465467279385387 11.595247259578624 0.10428471248148208 1
active_stem -2.824400287098386 5.520533842730253 10.312057445815077 1
active_stem -1.7558406157409894 6.034564987526399 12.250475021264615 1
active_stem -6.467634352393259 7.683654087729976 1.477971049648173 1
active_stem 2.087769021354373 11.263578802227451 4.961966084099649 1
active_stem -7.896892321911683 6.033513138562147 4.3526883093488005 1
active_stem -0.3671716443359145 2.385284626432056 11.265357203292742 1
active_stem -3.712456447350814 10.282066555233218 8.12214143502813 1
active_stem 6.118204088343529 7.872480039959083 5.501719504752359 1
active_stem -9.522629710076913 6.948410372187325 5.073757651802555 1
active_stem -5.166188091801211 11.407727313296231 7.3350250753451745 1
active_stem 6.96052794205916 10.892456149013412 5.286962445954664 1
active_stem -7.445559828667244 9.177664993171296 2.37885571334087 1
active_stem 4.208489671071738 10.847024062098921 5.2875514220308855 1
active_stem 7.558626450124159 8.22561906659047 6.843537766497276 1
active_stem -3.913491078227093 6.096163636794097 11.887662595865262 1
active_stem 1.2029783166697885 12.726874061463889 3.9247041146821235 1
active_stem 1.493747296176993 2.520947326848266 10.12408403822264 1
active_stem -0.15459461577981698 2.823358021617461 13.205177480370233 1
quiesc_stem -0.7335211225536766 1.124733750976442 1.482201319720792 2
quiesc_stem -0.29969467826877033 2.87252612096629 2.3522682410805134 2
quiesc_stem -0.5515600138591934 3.195916605819114 4.3098132461914 2
quiesc_stem -2.687601407425439 1.5406282269132077 1.5749484229681385 2
quiesc_stem 0.8650979041973941 4.6725711305438455 1.3216287029080807 2
quiesc_stem -1.1406654311569489 4.5242475689871275 1.6008798921326224 2
quiesc_stem -1.6303683018573454 6.4584817977326985 1.738462764528916 2
quiesc_stem -1.7597467553024353 3.3094171978192084 5.899593864206473 2
quiesc_stem -3.90235971043386 2.787023140873622 2.5602717119072125 2
quiesc_stem -2.2659123322423023 4.579987921127513 3.2533666317892758 2
quiesc_stem 0.0035026712995429587 6.3198292121954465 0.5839333273761564 2
quiesc_stem -0.4981902561795767 7.908907646507162 6.076689432941471 2
quiesc_stem 2.9631502925199102 4.02308856267054 1.889342761516158 2
quiesc_stem 3.9560510420475827 5.7799061584081 3.145365344732209 2
quiesc_stem 0.6374496542785174 6.5714327160090225 4.398339414502834 2
quiesc_stem -0.39126971017197704 1.3724966860441428 5.437199944323684 2
quiesc_stem -0.2578071719075456 8.202302291042876 -0.03897298440577024 2
quiesc_stem -2.1165487915903896 3.710064291825495 9.84179553415965 2
quiesc_stem -3.7065088978694964 5.62456693899556 2.3403845889576766 2
quiesc_stem -2.568859184567444 6.931385470317085 6.600371361077003 2
quiesc_stem -5.981924059590139 5.964204427198217 3.779894405025198 2
quiesc_stem -0.7761346853568476 9.92642143019134 -0.9100354292531099 2
quiesc_stem -3.5817101405386076 8.59443979460028 7.056861509351057 2
quiesc_stem -4.671709533396385 5.694836332614977 5.444165078669606 2
quiesc_stem -4.890713771093272 7.21281605158401 2.6144713901631773 2
active_diff 1.234549507922992 7.868885957470932 -5.558044272895389 3
active_diff -1.9020636587341422 5.383663708616332 -8.595088553076447 3
active_diff -5.888067759086695 5.130146081924473 7.5075245986380725 3
active_diff -3.8002636052566956 10.028024461958108 0.3200733353641375 3
active_diff 2.0848119746465876 8.333925883454807 6.775182366943056 3
active_diff 5.645417827834507 6.558192618495296 1.713089613318774 3
active_diff 1.2622596810510633 9.3617716786326 1.3987489098512562 3
active_diff -3.4678690290155023 4.980500914501777 8.409806684965961 3
active_diff -0.3726514570198204 4.839448627097497 -11.810045544970835 3
active_diff -0.8461370752620685 7.08044523411668 9.531523073136045 3
active_diff -9.540819003177628 3.5514402788204986 -2.893175418627302 3
active_diff -1.4787290615934576 2.6933445386698946 -13.023760137329202 3
active_diff -5.172509465416182 8.269446620536595 -5.087486514005821 3
active_diff -0.0799326804939775 10.521822008278416 -3.928190930056867 3
active_diff 4.029356472358145 7.688232733319679 6.3806806281865835 3
active_diff 6.527690261935664 4.050694813043831 4.034064848081281 3
active_diff -6.772568426541694 8.078634343773269 -2.8160399543062313 3
active_diff 6.905417243420346 3.28375778793036 0.007076008269517431 3
active_diff 4.123559765659336 6.8512573224733675 -7.346214720529844 3
active_diff 2.807076077662724 4.417468853658667 -9.419826945947836 3
active_diff -5.101037547399431 2.912686936508201 -8.683209871296478 3
active_diff -4.359681408855263 4.253690888240495 -10.67386528447712 3
active_diff -3.7992445575657245 9.97293814573426 4.227628267842532 3
active_diff 3.751130219115375 1.8110842758195418 -8.851427355843882 3
active_diff 1.9876885154770434 7.657734501218674 9.582029776127316 3
active_diff -8.243380282432767 5.860080180246047 -4.305438173825283 3
active_diff 6.072174152588446 6.8404291476642065 -4.261619040994722 3
active_diff -3.925342861776203 2.4052515207741596 8.02476403495526 3
active_diff 0.8841312094029763 7.393403555358439 12.294956816437187 3
active_diff 1.2599157437473028 9.866940291471499 -5.642515761941425 3
active_diff 1.1141197762391433 7.12672575687456 -8.11030357921106 3
active_diff 3.470818119044364 10.79639728189997 0.45058836093482224 3
active_diff 1.0355721021407818 10.766891539560838 6.870998264187667 3
active_diff 3.403887839638212 2.05445368069954 -10.805959029330754 3
active_diff 0.20472777299424294 8.732497193288722 -7.039139417589885 3
active_diff 7.463548774591611 5.752402312449125 -2.0123792280419086 3
active_diff -5.389812224959388 9.356609513932238 1.7027291447873705 3
active_diff -1.16349115221379 10.97608285387118 7.835959341147437 3
active_diff -4.022787781339898 7.783028016994496 -7.7617410068682835 3
active_diff 0.20007793560596798 9.089038223542184 13.10544690931988 3
active_diff 0.0977885522777488 6.723473711227539 -11.331364356682755 3
active_diff 1.6239320570045195 5.983072672368877 -9.901771480287787 3
active_diff 0.0232845683649352 10.490466109330427 2.4900735875966573 3
active_diff 1.7281677772511832 3.2591151555934075 -11.610586949726628 3
active_diff -2.210441161097325 5.499826360563403 -10.567754149250534 3
active_diff -2.4369083379716665 11.527415795498134 2.6959501246664965 3
active_diff 8.519846473890814 4.285943428122395 0.6309687894390155 3
active_diff -3.8891382857104744 4.941323683405985 -8.41859018220442 3
active_diff -4.995878706849505 4.69668168850932 -12.517506287737248 3
active_diff -0.9412858113520614 3.4113469546882973 -14.81139189005729 3
active_diff 6.936994183335374 4.521444923003193 -4.423686173943948 3
active_diff 6.802608346230908 7.740826073842063 2.836605618735712 3
active_diff 6.362254897060884 3.1438776833759428 6.021834320380501 3
active_diff -1.279608156429143 12.038718322188226 -3.4184808896549086 3
active_diff -8.04379683783483 9.584026502357034 -3.1592203371891205 3
active_diff 6.924831354743665 4.8992216291415005 2.158084542629341 3
active_diff 5.299173607628493 1.523559519047427 -5.052755813637377 3
active_diff -2.601500833502477 10.646218419947651 -6.0520063260260875 3
active_diff 0.5865336821104554 8.809639562715581 10.424573461778841 3
active_diff -0.16550365815665025 7.968591306281311 -9.396315345435298 3
active_diff -3.9803674028905123 7.711038932084806 4.695637488974672 3
active_diff 1.0183612226645278 11.53282120269767 8.718443943160327 3
active_diff 5.931182322757327 5.669714570039586 -6.135278054521342 3
active_diff 5.570366262587583 8.755615244302446 -4.544905215695271 3
active_diff 4.422963224041735 11.504492884474926 2.0605636143606496 3
active_diff -8.35590655849743 7.636673392275709 -0.8162660778138822 3
active_diff 5.88841732627448 8.547716100476492 0.4774010570876632 3
active_diff 2.916637822835929 7.025647799373452 11.421367506764803 3
active_diff -7.259720212826352 3.382058860848455 3.939722967300873 3
active_diff -2.9063229835676547 9.787063348368887 -3.0832232412986764 3
active_diff 4.116206283658198 8.063160460334661 8.343302932602928 3
active_diff -6.620689804565436 3.8215854175859425 -7.7533923793203146 3
active_diff -0.4708119149176639 11.528835405512972 4.506872100590248 3
active_diff -2.5363929804575926 10.609313625179434 5.641923902904887 3
active_diff -8.642739486671207 5.094114305255737 -1.8605197759311773 3
active_diff 4.239307383439827 10.01361528042428 -5.861498945531502 3
active_diff -6.007474294874198 1.7815010249476686 -6.837387579094478 3
active_diff -6.543119295410146 4.149080329202948 5.660958630537767 3
active_diff -1.9428254283017519 7.936138301134224 -8.220871628745288 3
active_diff 0.6379025206360065 2.0780949288357795 -13.16207451520091 3
active_diff -6.191137102101581 6.759701707946732 6.38828493037049 3
active_diff -3.903633629122312 11.922848771192323 0.9517025583273435 3
active_diff -10.505882072874831 3.7541857152811966 -4.633160349453133 3
active_diff -8.212448757471558 6.308821147021668 -6.254200546589304 3
active_diff 4.238558060147485 5.734565735223919 -9.884708800178123 3
active_diff 7.2953804483265525 1.71480184321535 1.2802867284940747 3
active_diff -7.699751752444611 9.438494064845251 4.398321680963675 3
active_diff 3.5462804677220907 9.68760894186861 6.9530925159258175 3
active_diff 6.601837498733588 2.110223911713387 -2.3799041636974967 3
active_diff -4.06224385454135 6.869988869499606 8.686490321452183 3
active_diff 4.50716770629219 6.206649330424052 9.505182424134267 3
active_diff -5.635368537112125 5.7818460945773245 -6.266460033882959 3
active_diff -2.3891810155477726 8.352720180916574 9.549740045796032 3
active_diff -5.203258275114443 10.216338553400274 -4.630686434701459 3
active_diff 6.2798007815196915 10.365236307670221 3.481789387270835 3
active_diff 5.5105882042301815 7.468363575973031 -8.648263868022875 3
active_diff 5.198766438689193 5.441365521621155 4.827912476234456 3
active_diff 3.0694531307829607 9.508945441330814 2.919728598244345 3
active_diff -4.582968767962004 8.855495242296609 -1.9046656100168913 3
active_diff 6.747593253801224 2.968239229000298 -8.436690318827255 3
active_diff 2.7751957998469905 9.688993350746038 -2.8427502953163604 3
active_diff 0.9603605588960591 11.777169373709157 -6.153682608090716 3
active_diff -3.821143429021407 2.523607543228944 10.018537926388854 3
active_diff -8.90674221839842 5.826172330281221 0.9925266094317646 3
active_diff 0.9006300810891446 10.238460307459288 -2.0041498374614366 3
active_diff -10.13609586338897 5.314655854327911 3.4648598180459595 3
active_diff 3.53430125144927 0.40926204113746134 0.44162364321039793 3
active_diff 8.100820449618592 4.169319141950407 5.263369399928439 3
active_diff -0.08193558067373063 4.922601170038452 13.648571685628541 3
active_diff 2.9014293454972164 5.035574272479565 12.254634214088352 3
active_diff 4.212793049366709 8.950683963093091 -1.5318669078462341 3
active_diff -3.102044571163166 3.3027332417739785 -11.905821846693682 3
active_diff 2.710132170249329 7.9332208088103755 -9.006021263176784 3
active_diff -0.5646320848584165 11.936587990120286 -7.437809993218958 3
active_diff -8.59672114601802 4.242156093707693 5.15325551926332 3
active_diff -0.6597959173363653 12.90707269509807 7.703409941147567 3
active_diff 2.6583670125690926 5.504428870939087 14.183648487704517 3
active_diff -7.865789141645969 4.854585396308545 6.984894836760269 3
active_diff -5.489404175003561 6.133008977841942 -8.556558448809795 3
active_diff 2.3738789337841153 10.490843144484934 -7.1819413825040765 3
active_diff -0.2464699385347798 6.076561981578245 15.273780253940213 3
active_diff -4.776634285680468 5.398524050105418 9.863213084101035 3
active_diff -7.0309909097082 6.541299622409485 8.345601180431185 3
active_diff 7.168016227897283 5.431119482949875 6.503424311370884 3
active_diff -1.1709560533428052 7.806749250646834 11.366454981150822 3
active_diff -5.805296741863106 11.065636358949172 -6.338387498132861 3
active_diff -5.166462588693134 9.07843395240132 5.546172067125053 3
active_diff -4.674709232747775 6.206594776338837 -10.968693834695598 3
active_diff 9.947008955509412 5.687084272842115 0.6275652150889733 3
active_diff 1.5162858177294192 11.282721174105395 0.9033462880101077 3
active_diff 4.923615989258601 8.341723595091587 2.2590011092134104 3
active_diff 4.8243525952727015 3.3446058537801084 -9.556058678767121 3
active_diff 5.421899708857758 8.965993857816871 7.035012228526084 3
active_diff 0.03161248880635814 13.456950996416149 0.7307687261215088 3
active_diff -2.4015322126410052 9.882688433960416 -8.243907826249975 3
active_diff -8.920464051296229 6.8312271562049665 2.7215947134083875 3
active_diff -5.777050045995352 10.066112399304814 -0.8517762518184067 3
active_diff 8.529605611851357 2.9153763267153296 2.297788156154462 3
active_diff 0.514537171959274 12.497169958405031 6.013875638880884 3
active_diff 7.494132103133256 5.79809578368827 3.92190418040547 3
active_diff 6.291779701419324 3.6354048939882673 7.959212509590587 3
active_diff 2.836971967289825 11.135941732826463 -1.4634301422224827 3
active_diff 6.619488129115207 2.859443334452311 -5.739912270414579 3
active_diff -7.925982327707549 2.0101120446876113 -6.320605294561265 3
active_diff 8.154439331591485 3.7866958534773336 -1.4717739251194235 3
active_diff -8.371372817148183 4.658489604520064 -8.23785122313095 3
active_diff -2.0447628417678767 4.555863702759517 -13.482702533606068 3
active_diff 2.1069141278943655 9.505096044931369 8.396253601555767 3
active_diff -6.449334583435367 7.526372955762435 -6.808756360660614 3
active_diff 6.5453689564184705 4.92645361861063 -8.789538356757308 3
active_diff -8.65396526461563 8.1204553580407 1.1013146942287728 3
active_diff -3.2669472574975926 6.675382820832548 -9.279598959835822 3
active_diff -9.195375637832067 10.760623503006627 4.521134311444488 3
active_diff 7.584004412740131 7.668406854883035 -5.275927761670208 3
active_diff 2.5280910262566474 9.411292105669386 10.377643284192748 3
active_diff 1.1286031864738277 8.884184730563852 -3.838176900588035 3
active_diff 6.766323596435395 9.481645740201344 -3.115721611451075 3
active_diff -4.0483885725851 13.197963857233589 -0.5822881599278424 3
active_diff 3.4768186171143207 0.4749456438777365 2.4397180881956624 3
active_diff 8.336859526699882 6.235787938167171 1.689291471883327 3
active_diff -5.669426852057175 3.062604486145167 8.750062672596023 3
active_diff 2.3635458288169047 11.38022704013385 2.91997152242845 3
active_diff 8.645749696623325 8.474071355473045 3.0919119434507865 3
active_diff -4.491965982022078 9.403329418689738 -8.836215382397576 3
active_diff -6.723199736501714 10.81090023943951 1.375442985950042 3
active_diff -11.174700000444144 6.096072391609699 1.9447645441389532 3
active_diff -1.0399165663667354 9.934193615095754 10.124510514209813 3
active_diff 2.082776065527127 11.915934982915395 10.367760429981784 3
active_diff 0.9502432630864319 2.468479579184546 -15.098577312869322 3
active_diff -3.641383184968071 12.71400237930409 3.76424438285789 3
active_diff 7.380084763611286 9.803155355376848 0.03153052246546478 3
active_diff 0.8206797465129276 12.286160663236762 -4.203883452517139 3
active_diff -9.416829778537727 6.825492653504577 -2.49543176609448 3
active_diff -3.0911660325719073 12.235449342563967 6.665598406491871 3
active_diff -0.16826213141619836 8.90475412574326 -11.163683888292823 3
active_diff -6.207313858168749 3.585922645492836 -10.20731826782823 3
active_diff 0.9375790282277926 7.46905466018056 14.292810725260868 3
active_diff 0.4795979290779308 10.157638663684288 -8.415154746957 3
active_diff 4.135254500277112 8.846475495589308 -7.483937902493175 3
active_diff -8.688390457057352 10.088229811548183 -4.984125290620478 3
active_diff 5.412590599143461 6.454577523493783 -11.334960716960547 3
active_diff 3.9545705903690664 11.37795517358507 7.9410342109012255 3
active_diff -5.115086663447352 11.322252951481126 4.896888387214142 3
active_diff 7.668857150666556 7.619885990193297 -1.3265562304160115 3
active_diff -7.479857385496111 8.27557520077261 -4.676404603342958 3
active_diff 4.834331101853659 7.600256757677096 10.901900882274575 3
active_diff 3.2261466889311765 8.693671968108116 12.480565143811575 3
active_diff 5.285886508243276 6.120728251730501 6.706975108085579 3
active_diff -3.228287649496501 10.902405379860744 -1.3853009685468707 3
active_diff -2.067688132489088 6.779449819536533 14.080201151957205 3
active_diff -9.539398531627713 3.5565975384814523 -0.8931825724067548 3
active_diff -5.424190615432792 8.328238786054682 8.550078440135248 3
active_diff -10.716057873205568 5.722713185502139 -4.91728309043117 3
active_diff -5.510971071604286 6.5454506633464895 -13.080296775797278 3
active_diff -3.861485785019127 3.4876574153461 -13.746759676367908 3
active_diff -9.572597798746962 7.6568628939513985 -6.8310697120438615 3
active_diff -0.6560395912230117 13.519750581625262 4.551002242854825 3
active_diff 4.172663054027196 11.913097066386062 -5.238981895036829 3
active_diff 2.9675020007371153 12.72035538687555 0.23831943869018796 3
active_diff -0.1865564229059761 12.479357557865002 2.473413325639482 3
active_diff 2.154023790598937 7.176795208346135 -11.416376795567938 3
active_diff 5.318721697477549 9.227211077123634 9.438265416471708 3
active_diff -9.491970407078595 7.362555173575382 -4.733914071696949 3
active_diff -0.4794505002857109 10.851962486051777 12.449444508813892 3
active_diff -7.5167238411319595 8.248897263363109 6.229803401368165 3
active_diff 1.034838844150662 12.199905414994088 -1.6371061097595547 3
active_diff 3.925399117350567 2.3123359911623664 -12.719469599243862 3
active_diff -2.7246194786147475 4.424452656218999 13.063664016784125 3
active_diff -3.6918087449362447 2.8173382456071554 11.992618678023142 3
active_diff -3.1926020850423606 11.577719653467348 -3.9267837151652314 3
active_diff -0.5498239034189254 7.7077570134128015 -12.94746598970767 3
active_diff -2.4333570330822996 7.318374700231179 -11.369745701767611 3
active_diff 4.797753993343541 13.41149803362113 2.532647547974181 3
active_diff -1.2794083135926893 13.944744440690274 -2.812622493946094 3
active_diff 5.894710637960393 8.342670486865535 -10.405545115140361 3
active_diff 8.211441317707177 2.788310465832973 -3.354262501819498 3
active_diff 2.9058375208301284 5.0608118905261215 -11.310952514030943 3
active_diff -3.8992904701907616 12.163645503392576 -5.937301900076976 3
active_diff 4.7977585992183185 10.81412442570728 -1.101280159584031 3
active_diff 5.841775963521065 7.647650993638278 -6.41772098172918 3
active_diff 8.394658904225416 5.396011128203407 -5.47741645926095 3
active_diff 1.1844865286804664 4.006425934419406 -13.384265979259048 3
active_diff -0.31351200329429785 5.61484622626298 -13.652668970476288 3
active_diff -4.306776838944022 9.590160747756872 -6.3147685572307655 3
active_diff -0.49217099301649814 4.889372596731578 -16.081721013321793 3
active_diff -3.3348231190792283 9.309247784245139 11.02988056483438 3
quiesc_diff 0.0 0.0 0.0 4
quiesc_diff -0.52505883997771 0.7018948365434272 -1.7976809652980523 4
quiesc_diff 1.4209353368199933 1.3406394451852872 0.4285191321161024 4
quiesc_diff -1.2060392019202548 2.1614109301993647 -0.16158306113641885 4
quiesc_diff -0.590141078327865 0.7537596426021268 -3.795948801235925 4
quiesc_diff -1.9603440164918087 0.235809726143966 -0.3185044898595166 4
quiesc_diff -0.5973146336513846 0.7570653953407511 -5.795933204200821 4
quiesc_diff 0.3974450846244387 3.9129757054074354 5.917673803189318 4
quiesc_diff -2.108271536206756 1.8046441417268952 -2.3243511926856772 4
quiesc_diff 2.327902215383512 2.0723474809904454 2.0539465932865184 4
quiesc_diff -2.6310198404517218 3.39297324146671 -0.8344013525615898 4
quiesc_diff 1.3476349750586285 3.773167488750776 3.0415795930133838 4
quiesc_diff -0.777293965820403 3.102969990879636 -3.0611338584360697 4
quiesc_diff -3.6827729758388523 1.0155221816920443 -0.9706447866253628 4
quiesc_diff -1.9923457897778696 5.146240576161735 -1.5542271023700134 4
quiesc_diff 1.0334846202852348 1.9461807217261533 -1.9483292922275157 4
quiesc_diff 0.46628646215718855 4.024840595135492 7.913355919956796 4
quiesc_diff 0.19277331514707474 3.580957063205895 -0.3295482907584095 4
quiesc_diff -0.7719747344027723 1.274491899797937 3.476215817310345 4
quiesc_diff -0.7808490279528536 5.168868855287658 4.544090793841549 4
quiesc_diff 1.6562185892681394 0.08956915036452671 -1.1175497089014121 4
quiesc_diff 3.18621935169275 2.4030167158642515 0.278010347069926 4
quiesc_diff -4.178768344091928 2.3389561727707466 0.507665115755118 4
quiesc_diff 0.5992794359357646 2.1746854975509655 -4.548443688252943 4
quiesc_diff -0.1561757523788001 1.0541687681672907 -7.723918181653879 4
quiesc_diff 2.97197396461136 2.5253649199538137 -1.706713772567462 4
quiesc_diff -3.917330856625164 4.479019356157477 0.24537075600388725 4
quiesc_diff 0.3576226605830626 5.364623295709457 -1.2191321622038593 4
quiesc_diff -0.7071224221769312 4.782706941202014 -4.144443478159059 4
quiesc_diff -0.013852237930019745 2.94540814231471 -8.358707632503076 4
quiesc_diff 1.7644920581458627 0.2560309141282433 -3.1076671268297757 4
quiesc_diff -2.3737713654748234 1.6064720575750266 4.6268837657335755 4
quiesc_diff 1.3726211067717644 5.516911836476714 6.937507098297501 4
quiesc_diff -2.3444570580729804 1.403873529705193 -6.523348206868637 4
quiesc_diff -5.310363458189186 2.024905152882271 -1.546921837386365 4
quiesc_diff 2.379887741767024 5.075140198654682 4.154827673311905 4
quiesc_diff 2.3455020442383745 5.926437372680175 1.8076565097056392 4
quiesc_diff -0.8341301528307697 5.960772198803214 6.379860446129283 4
quiesc_diff 1.5215460624846278 3.4869096138752536 -3.1264424062939264 4
quiesc_diff 1.4420646048380008 3.23067920981763 -6.02309294781662 4
quiesc_diff -2.43145786994487 6.487227847672 -2.971595691939736 4
quiesc_diff -2.070450900755936 1.9459077457562097 -4.418416254014859 4
quiesc_diff -6.023530348426014 3.097202191564261 0.3596241675378443 4
quiesc_diff -2.7538230900305036 3.620641552695277 -2.858595139503871 4
quiesc_diff 2.3725334696932197 2.2924857896651463 4.041293361264514 4
quiesc_diff -2.0989563039325283 3.6369814108780845 7.8432086841852895 4
quiesc_diff 4.931212758264294 3.19136657991452 -0.29948640865581844 4
quiesc_diff -5.053861344343684 4.3401479858378575 3.0719817890581558 4
quiesc_diff -2.6665095710361664 7.222379791699102 3.26910678752009 4
quiesc_diff -0.18669694129574943 4.219895162228616 -6.827104699432829 4
quiesc_diff 1.3775481111558083 5.877574278150147 8.904712813974932 4
quiesc_diff 2.6076081287227204 3.598190451644643 -7.606268169029091 4
quiesc_diff -4.031567805976568 6.329477416346758 -0.5047991493398349 4
quiesc_diff -0.7085993451538886 6.896123688768608 -1.9386300291513163 4
quiesc_diff 2.1204833170386035 4.080938542455737 -0.5138107910521515 4
quiesc_diff 4.1499367875997795 2.458102840944909 2.7829066881580324 4
quiesc_diff -2.442989078897254 3.5226163085045155 -5.59110777951648 4
quiesc_diff -6.759658570633742 3.838255596924241 -1.3459417475981459 4
quiesc_diff -3.604687282891176 3.100793308733728 5.128730358415595 4
quiesc_diff -6.450450116880468 2.5126243993986503 -3.1161039005172317 4
quiesc_diff -1.1896304240594417 7.376110062187663 -4.263010808532153 4
quiesc_diff 0.35408538456417293 6.109157601650136 -5.200079133254356 4
quiesc_diff 2.569700917587931 4.7103548155774435 -4.311580895313358 4
quiesc_diff 4.216668034935085 4.028206694214592 -2.1451237095416045 4
quiesc_diff 3.0189165566564338 3.274505002614521 5.6592634383321325 4
quiesc_diff -4.333762152199774 4.832978853114515 -3.0430696088590716 4
quiesc_diff 3.5850330269283055 0.38293958222626306 -1.557559543772129 4
quiesc_diff -3.931914451094403 1.1684501770995583 -2.9491648278501486 4
quiesc_diff 1.876074094594239 7.567045665971294 0.7645640746466447 4
quiesc_diff -0.26714623054621356 1.162603576034014 -9.717890961161714 4
quiesc_diff 1.3442052730947216 1.0907445855746944 -6.141126845094466 4
quiesc_diff 2.9632399887541356 0.9052882259649663 -4.571042793529525 4
quiesc_diff -1.922397787661379 6.6463472628294165 -0.23332316732597613 4
quiesc_diff 0.5455867492179427 4.340788439292356 9.886649720748942 4
quiesc_diff -2.156021247982247 1.9921712873339632 -8.425556842598276 4
quiesc_diff 3.2925238454731676 5.957966931921223 5.700050084889604 4
quiesc_diff -2.5032845615540027 3.7721210012453903 -7.574567348822462 4
quiesc_diff -3.6348708499836744 5.760344404515503 -4.671425860347494 4
quiesc_diff 1.9953796796951488 1.3443464438620947 -8.015068677079055 4
quiesc_diff -0.8827386592549764 5.220368581628143 8.797510014044963 4
quiesc_diff -0.8494144066319048 8.168414244765177 2.421281950051503 4
quiesc_diff 2.692886001357998 5.499456725638261 -6.9915208715049575 4
quiesc_diff 3.4322614088917214 2.895646723768866 -3.6174798112025757 4
quiesc_diff 1.1598850401066805 5.452712628129385 -3.057017525725726 4
quiesc_diff 2.5345522639554092 5.794095602414649 -1.4591360235050586 4
quiesc_diff -2.8247632016827544 4.996716893336907 5.76262778648896 4
quiesc_diff 0.6207216495011993 7.248305258777489 7.59850938526014 4
quiesc_diff -0.15586241228729836 9.283816175001837 7.488226958325997 4
quiesc_diff -7.105609529658551 4.748963335820355 -3.092632718624372 4
quiesc_diff 1.271429955624794 6.016494276138973 10.897058208535192 4
quiesc_diff -3.957477049172355 2.5865860426786327 -4.587719635685981 4
quiesc_diff 3.009846070710974 6.660918160124994 -4.271896098605193 4
quiesc_diff -4.829803779924661 3.7019584327189277 6.59081450866149 4
quiesc_diff -1.5211582951569151 5.416386007306597 -5.857860076270137 4
quiesc_diff 0.08868279053011383 3.8052675058974375 -10.161518893505677 4
quiesc_diff 3.799989146334349 1.26639940894785 -6.351337589571322 4
quiesc_diff 0.7649558552075726 8.247044494559653 -1.8782309565709343 4
quiesc_diff 5.252274260156874 4.960953313446886 0.5754320472637784 4
quiesc_diff 3.918702298767318 6.466539294601324 0.6971022007737666 4
quiesc_diff -7.223294943261434 3.345718422150064 1.9403849337876977 4
quiesc_diff -2.525636630003378 8.487936187076558 0.2613010669975561 4
quiesc_diff -4.098696353027651 1.7178719245705136 -7.431119931510324 4
quiesc_diff -5.453038252456634 5.607152204013056 0.8527578417883854 4
quiesc_diff -5.4652180726645385 7.074248624727715 -1.6837659682080681 4
quiesc_diff -3.7525212290461205 7.754923289954976 -3.776418571121913 4
quiesc_diff -2.7194437080942797 1.6976898058032528 6.594671852382174 4
quiesc_diff 2.373338246090777 4.105416226030125 8.510566989095379 4
quiesc_diff 5.325439618571066 0.8290444869902296 -0.678938288786819 4
quiesc_diff -8.036179456189805 3.1573028123988687 -4.1504405025308575 4
quiesc_diff -1.065540105716676 8.994345961005243 -3.0942875013838553 4
quiesc_diff -0.2830546570234193 1.5616484925945768 7.425292270235829 4
quiesc_diff 1.669020983765662 7.833440418610866 3.2393755881675412 4
quiesc_diff 5.247575946825598 5.492631311753972 -3.035454780967388 4
quiesc_diff 4.613591736298925 4.2709912163189685 6.340458195599951 4
quiesc_diff 3.3517355696394677 8.888746637313515 1.0393908444860647 4
quiesc_diff -3.5876129471537634 8.858598212543578 2.58037037219564 4
quiesc_diff 4.84156872718543 7.319475883885552 4.064921482062276 4
quiesc_diff 5.14553185749113 2.6832492508303147 4.502819346092658 4
quiesc_diff -0.5687552351219862 1.552396007608651 -11.656213397869793 4
quiesc_diff 0.8740147608624741 5.145932037037888 -8.247437896748895 4
quiesc_diff -3.0934087369373455 2.885333924233944 -9.949881348599648 4
quiesc_diff 5.1887395111378645 2.1975674137230508 -7.448742970978337 4
quiesc_diff -5.624509622596376 5.747580587279226 -4.266783070224792 4
quiesc_diff 2.9495345078453745 7.580334628860563 -2.2573464454224883 4
quiesc_diff -1.8933446845122623 9.785369126212752 1.8775297212859567 4
quiesc_diff 5.2145604091893425 7.0770392492726755 -0.6986203945150458 4
quiesc_diff -7.112393086488273 6.275018730703354 -0.04194648775432264 4
quiesc_diff -1.9240478874624487 8.60247034117192 4.511725282344907 4
quiesc_diff 5.946266190734226 3.1573837467653325 2.2497961084565867 4
quiesc_diff -0.9989895905354826 7.188529398201913 -6.623919895096336 4
quiesc_diff 1.4067382465753404 2.238155439683818 -9.921112381909959 4
quiesc_diff 1.6544633498195311 9.35882858606081 4.532812488019093 4
quiesc_diff 3.826783793055195 5.342291376815547 7.834864173428123 4
quiesc_diff -1.8764734662684406 8.937614494877005 -5.307017773097343 4
quiesc_diff -2.5105042703599985 8.196834804835445 -1.936706461828727 4
quiesc_diff -4.169117570297878 4.054851518629844 -6.449714856285506 4
quiesc_diff -5.936693874367 2.784560191389085 -5.029766736105826 4
quiesc_diff 2.881849709074436 4.9365263582290915 10.257184302696283 4
quiesc_diff 5.326274873535352 1.3661556715792178 1.2475899040353253 4
quiesc_diff 3.6145299586768824 8.158443730420387 -5.451631052713908 4
quiesc_diff -4.56148956538625 7.925959723742022 0.5770636751800038 4
quiesc_diff 0.674477087136037 4.367467582650449 11.882313896932159 4
quiesc_diff 5.938699671850593 4.647640414097907 -1.3383344507301005 4
quiesc_diff -7.91677049611265 4.26536349513965 0.22843776039746722 4
quiesc_diff 5.1781292875036256 0.7451900809107361 -2.7111707784364683 4
quiesc_diff -0.38781962410598375 2.3366422272722516 9.266055430689269 4
quiesc_diff -3.1214922863932077 6.992237066483835 -6.1610173881947645 4
quiesc_diff -0.6937558415771579 9.820833104161448 5.5232500539833485 4
quiesc_diff -6.611715787092308 7.861962040686895 3.823235152775925 4
quiesc_diff 4.410791787822437 4.944935567973076 -5.056803196472313 4
quiesc_diff 2.286576089760245 9.176527671002734 -0.9722878642582065 4
quiesc_diff 1.394504695553486 1.8650138293059135 6.191147313474299 4
quiesc_diff -8.337557487413498 4.785545512061862 2.7682236462528076 4
quiesc_diff 5.299904652422742 3.416900753568515 -4.107584852301475 4
quiesc_diff 4.409291950623221 4.070839696059169 -6.877887706869112 4
quiesc_diff 4.98096142487411 7.444092292013586 -2.6880116356777375 4
quiesc_diff -7.109451479721449 4.49929625569431 -5.3081230392320515 4
quiesc_diff 6.903976482024628 6.018876302216953 0.18469080282069505 4
