305
 Lattice="1.0 0.0 0.0 0.0 1.0 0.0 0.0 0.0 1.0"Properties=species:S:1:pos:R:3:Color:r:1
active_stem -2.083170138585417 4.433593539619772 2.006221303072261 1
active_stem -5.200676836749818 0.5770319511228796 1.5629862129918548 1
active_stem -4.880156582161211 5.624273945668685 1.780942434803867 1
active_stem 0.35627992741697745 4.640622094644158 1.4190298517980326 1
active_stem -2.6024123275061295 4.152525101801917 -5.122567471868916 1
active_stem -2.4495875182610662 6.31149579002724 2.5886485017728353 1
active_stem -6.490678780649622 -0.6381427180190951 0.6360312474134722 1
active_stem -1.4644800520010002 7.232270922807879 4.065718721759506 1
active_stem -6.47128146849625 -1.9329062442857468 2.160239617463568 1
active_stem -5.9608807549758005 3.0441758133054897 -0.4884972645169887 1
active_stem 1.2684222146726825 6.384064677613246 1.0606942441757854 1
active_stem -0.9847994392038446 6.241546043933266 -1.990190901638572 1
active_stem -1.8868268952432585 5.727053078920639 -4.118177538424943 1
active_stem -8.970001224502074 4.623147594071064 -2.225418705914456 1
active_stem -5.814469156272834 1.2215702548077654 -5.198533208325729 1
active_stem -5.6316669630583815 6.890612762080786 -1.3170286467756969 1
active_stem -6.334966601227304 2.599028239938149 3.881452051376635 1
active_stem -1.2701660553263863 3.8023452349028517 -6.7263903638776785 1
active_stem -3.764437517190797 4.579921400527921 3.0795004646883983 1
active_stem -6.141008748572952 3.4309891253744595 -4.868657251414494 1
active_stem -6.871552472111526 5.795552354087866 1.8516963484651252 1
active_stem -6.201390471633534 2.7678795624601356 -2.9783755719473834 1
active_stem -3.9049385281682962 2.620262608369365 -5.122671128442992 1
active_stem -8.648450001378574 2.2842939061432923 2.329187905916852 1
active_stem -7.815791049619959 7.534872201305239 2.1401057412050095 1
active_stem -2.2361369271522475 8.408309696808237 2.643931652933957 1
active_stem -4.584149264422109 3.231565811943743 4.7159971395172295 1
active_stem -0.7299212671727544 5.407744623797168 3.110642942309903 1
active_stem 0.7212619398773938 7.046732530478556 -1.3260905382203045 1
active_stem -5.679844978957958 6.462717180092755 3.4111299733027822 1
active_stem -0.8615115262531972 7.840404759312282 -5.06766961141054 1
active_stem -3.700087633516519 7.259627346758839 3.8285259202605726 1
active_stem -3.4282177653034265 4.560294763287054 -6.897889775586387 1
active_stem 1.4512123407484352 5.0760154838952225 3.035060670449899 1
active_stem -4.570132456925819 5.38329361836676 4.724325301468925 1
active_stem -7.581007996996804 1.9869994392561117 0.019012177575693623 1
active_stem 2.1214220542769793 6.356195816415347 -2.7298729023200967 1
active_stem -8.722201419231581 3.5799007370063003 -3.9136814969906553 1
active_stem -7.610808404541357 2.227664305346222 -5.4945153414150685 1
active_stem -6.661145743117491 8.029117041409966 -2.599207045968707 1
active_stem 1.34602465835817 8.3024622467868 1.6208090782259517 1
active_stem -7.107700848725794 0.07192969099513302 -6.201468083415746 1
active_stem -7.8814853711576065 -1.9579553499884834 0.06703946865599975 1
active_stem -6.633729628305412 7.798809800568103 0.18162041202980583 1
quiesc_stem 0.16494296841510073 1.6670818500317988 -1.092534632158162 2
quiesc_stem -1.041433474290126 3.187778176564877 -0.6107270347142411 2
quiesc_stem -1.3065743124650144 1.9784054270466347 -2.410758635302498 2
quiesc_stem -3.014990588998666 3.091131007595236 -0.301321734640928 2
quiesc_stem -5.986103959846153 4.9298532819106775 -1.4896457844854578 2
quiesc_stem -3.175739236904964 1.289075688125772 -2.2345570567548223 2
quiesc_stem -4.229916274722045 2.247024243733827 1.044575493743541 2
quiesc_stem -2.0739596022168145 4.837069334631149 -1.0730348013298747 2
quiesc_stem -4.8691505177264585 0.9899921107669474 -1.2133287533178505 2
quiesc_stem -4.621907639767274 4.300974345499273 0.30372015906338556 2
quiesc_stem -2.035602172996426 1.3621727436369144 -0.5282614889609918 2
quiesc_stem -2.648512267493153 2.9869649209709084 -3.497961593388113 2
quiesc_stem -5.140742184701759 -0.9744270127666679 -0.953915042182529 2
active_diff 1.394073675941861 1.1567878888588254 4.331910540650646 3
active_diff 1.0149081325989933 2.2239020806457086 1.4458302211816216 3
active_diff 3.2886332123833277 -3.5414512025044997 -5.021029147741427 3
active_diff -1.161281748256225 1.0482566356388097 4.831037782716708 3
active_diff -1.5837817017776061 -5.279828311550115 0.435131232535325 3
active_diff -1.1067809752573503 6.131166920157122 0.10589562184557844 3
active_diff 2.879808504414414 4.382686652639997 -2.598430546825905 3
active_diff -7.252341330857293 5.302618601280779 -2.992206577574943 3
active_diff 0.3612281894864815 -3.25689010335814 -6.952843686847902 3
active_diff 3.566837659705394 -3.443244659266476 -2.0666813368812154 3
active_diff -7.208419359505646 5.936686041565426 -0.26807595109841076 3
active_diff -3.3929893956847286 -5.666078710418782 -0.3248543921188963 3
active_diff -3.552806127376631 -4.584668861112872 -2.2825165832950014 3
active_diff -0.24483917877873296 -3.230511431384724 -8.858620827751054 3
active_diff 5.1982610760647425 -2.9660065433669356 -5.1699749987128785 3
active_diff 3.970597761890659 2.5046888083028476 -1.2198653862772657 3
active_diff -6.654066755270948 0.5915949768907822 -2.022867973287631 3
active_diff -4.703463642457764 3.949460561015111 -3.578443533339464 3
active_diff 2.018096974998561 3.1688385344103613 -4.540865744841727 3
active_diff 4.5687857289365175 -4.0048063937814025 -0.42938219350740603 3
active_diff -4.582163127250907 2.183987770339002 3.0123022425339956 3
active_diff 3.036075706053606 1.9784700818105718 3.5390248572795078 3
active_diff -4.590437864447076 1.4706477475854047 -3.6365768071342712 3
active_diff -5.073869206551616 -1.7375028436252618 4.145188006143197 3
active_diff 1.9396270625778738 2.364729608155441 7.462239446586674 3
active_diff -5.461325230110486 -3.204983867509048 -0.15920425202753452 3
active_diff 1.15936361500396 -0.41451676999866266 -6.295682531646591 3
active_diff 4.684973337806365 -1.1017913239630075 0.18210736089433943 3
active_diff 0.4697529391869971 5.38571495965721 -3.3044649671137787 3
active_diff 1.9536158115016513 5.205030341541045 -1.0281063914619177 3
active_diff 1.0569025860781882 -7.2410302953850305 -1.467084797457645 3
active_diff -0.7641103610213309 8.083174978017219 -0.16288196685623713 3
active_diff -8.642166753355635 5.951194021934326 -4.275847967800958 3
active_diff 0.07389583756681745 -2.692991741448775 4.326785094109074 3
active_diff 3.998733448563156 1.4042788877527226 1.8826449058635175 3
active_diff -2.8182199264938106 -1.8266326803779562 5.731879908339915 3
active_diff 1.7586592179339915 -5.135684392079047 -5.222747172931457 3
active_diff 1.8696220173017324 -3.568472555905063 4.23244087895201 3
active_diff 0.31116057529122787 4.605811743161436 -5.345617801181797 3
active_diff 3.299376742429729 -2.106492911534035 4.392314298449173 3
active_diff 6.321162195914579 -0.04261938542360588 -2.896041723678004 3
active_diff 1.2168910337198455 -0.3959803003992115 7.476944308083105 3
active_diff -4.923368299023403 6.02660067784427 -3.3244467615112 3
active_diff -7.110127393184617 1.1342842432585964 1.7714771131297962 3
active_diff 2.703911229667397 3.2541551417188574 1.7388270952993297 3
active_diff -1.1871878381329706 -0.4202311987808256 -6.232319457415931 3
active_diff 2.1203953636168924 3.9968483014192167 8.603953680726905 3
active_diff -0.6550874982512658 -6.120053342784691 -1.2664073711910024 3
active_diff 2.79026735688506 -4.787270168866423 1.3325364812990794 3
active_diff 4.608983717129123 -2.81204122614637 1.2161628959750863 3
active_diff -3.0230636370012998 1.833618609295093 4.547445730432218 3
active_diff 2.6954864871881306 -7.9557842782795625 -2.363839804669607 3
active_diff -0.7442431133665374 -1.6672880944762931 6.384240126823379 3
active_diff -8.632229909136273 0.31865581685335786 -1.9116261124273615 3
active_diff 5.094735900591281 -4.632571539304237 -2.567708819079007 3
active_diff 2.449933052737407 -2.277867683708484 -6.324846133839163 3
active_diff 2.8593030241328425 0.499115763226013 -6.820545941996377 3
active_diff 5.094993535433632 3.2360635655377004 0.2636524292269362 3
active_diff 4.6969266280782564 -5.986285642861802 -0.668797931149955 3
active_diff -5.674451605647983 -2.4703517636554944 -2.578532090812777 3
active_diff -5.390642870856374 -5.756478339654505 -0.2900909031010949 3
active_diff 4.925503367081815 2.50560648382901 -3.174702281904906 3
active_diff -3.159930305668818 1.1730147575832293 -6.437898407028179 3
active_diff 3.7338500764306612 -0.4753530103801675 -4.588870024461251 3
active_diff -4.87502791511331 0.7947937588941096 4.946855970371652 3
active_diff -2.0070748517206796 8.384861310374996 -1.7004204644975227 3
active_diff -1.2942319270402647 -1.6003172853803405 -9.349784656049868 3
active_diff 3.5713270761567424 4.922798204334615 0.11353947523051566 3
active_diff 3.7998467975430135 5.441213142287015 -4.024281594408566 3
active_diff -2.1906631596303576 -3.7751301550793945 3.8866946009489682 3
active_diff -0.8599751567639365 2.389022579938176 6.2841589134316695 3
active_diff -0.3258630011562795 -5.25237678181477 -4.807256268042539 3
active_diff -1.3803154436584144 -2.4775265514801834 -6.353161914691492 3
active_diff -1.9418044962391123 -4.636220429582152 -6.4695906161226695 3
active_diff 2.89992934479445 1.273863269818085 5.642899503135748 3
active_diff -4.410748716487462 -1.0927137164818255 -6.153528952809803 3
active_diff 1.7196541974822193 -6.397178122232373 0.4738064275927141 3
active_diff -5.3186418411070395 -1.3998769229403614 6.101228674190381 3
active_diff -8.28381388046626 4.3171954456314285 0.20179300294009211 3
active_diff 1.6944657298869639 -7.007502756598055 -4.3960289010683375 3
active_diff 4.695313382187436 -1.3511876450589377 2.615276952243505 3
active_diff -3.053000870185 -2.6420915228864676 -3.4616802680422705 3
active_diff -2.986061123580754 5.828817656252763 0.719810149067454 3
active_diff 3.3396719059789657 2.3527260200554916 -5.800786403342694 3
active_diff 0.023711709670447223 -4.880069652657709 2.5589498480315878 3
active_diff -0.49562472745761377 4.030877669416796 4.773363942761849 3
active_diff -2.5539860962164562 -6.685034508201494 1.4763319710598943 3
active_diff -8.759714592635309 4.785403102895151 -5.8966854175677375 3
active_diff -5.777504325780698 -1.235033562854627 -4.262815953379604 3
active_diff 6.164723896618035 -1.2228062744587505 -5.005043379650295 3
active_diff -4.605105779666225 -6.285327629752591 -2.3031368267473944 3
active_diff 0.3911363355462422 7.364678464958203 -3.582894265713614 3
active_diff -4.870901127000206 -3.740324546327445 2.583882816175743 3
active_diff -6.68455519896383 -3.849364766476592 1.2859537671332857 3
active_diff -1.9904453337030008 -5.451949079769858 -3.319300963061001 3
active_diff 0.3799352403546131 -8.90152140723081 -0.5813735124978423 3
active_diff -1.0028656675261933 3.8737172931213406 7.616549213073656 3
active_diff 2.2083463051734293 6.382592156693104 -4.786470372876995 3
active_diff 1.5397891544277664 -2.533170656977349 5.9115359509014915 3
active_diff -3.741019414750971 7.492349052753945 1.5338748095509889 3
active_diff 1.00119369201884 3.1170888963867696 3.2352516992873017 3
active_diff 7.8148707687233445 -1.963100979381617 -4.151240679757497 3
active_diff 0.04364530964947798 -4.192660477498746 5.649690452657071 3
active_diff -3.894685793612653 -4.104758940622616 -4.535072328180435 3
active_diff 6.510437510359928 3.2539543283160466 -4.138008705179908 3
active_diff 7.098335656393827 -1.701503925489677 -2.0934811371448183 3
active_diff 4.479645404543832 -3.7339686760502913 -6.8710998264104175 3
active_diff 4.773809218364068 1.0003475260422867 3.692512661649967 3
active_diff -5.247093859923791 0.3271035611350954 -7.2869510715418055 3
active_diff -6.138650036694298 0.18956505891006364 3.286376964860059 3
active_diff -2.92352814292938 -8.537287845475984 0.8186114755097419 3
active_diff 1.7759781908419403 2.968051197556158 5.08919131293113 3
active_diff -9.447650655462105 3.2722856277278547 -7.008989099035039 3
active_diff -3.727533305726782 -4.707541299483314 -7.3674135120672375 3
active_diff -6.2923424630722105 -4.767059881856532 3.5458178861684138 3
active_diff 3.1959772813881644 -6.524052537363105 2.2375151891363085 3
active_diff 6.498690772332689 -3.085887190987851 1.8111550245397448 3
active_diff 2.5856030434927826 -0.6237831284834519 8.917337763296004 3
active_diff -3.512220678847639 -7.491736835046529 -1.132787751435136 3
active_diff -7.596961349857527 -2.4047181790298837 -2.031130486879665 3
active_diff -6.9933946713865 3.6070456094971672 5.478440923940797 3
active_diff -3.262622412280127 -2.5270968027273075 7.551730573622178 3
active_diff -9.312959235659763 2.8794646513771855 -0.7329743484028506 3
active_diff 5.5938392934546295 -1.9492260711216605 4.29902314087583 3
active_diff 1.7966829198453913 3.5489744671856807 -6.4918840658202015 3
active_diff -2.3734423070159982 -0.7049018535914033 -7.8171736946708155 3
active_diff -1.4092531615848574 0.3326137100402644 6.682082185537061 3
active_diff -0.9160746033067964 -7.704747036313451 -2.458309896016295 3
active_diff 4.769986540364849 1.0673051573213341 -6.350234537664169 3
active_diff 4.279278480416695 -1.1789158676556992 -6.379821492811954 3
active_diff -2.2506839043284668 4.358463954545922 5.674726528781871 3
active_diff -8.56935431856121 -3.912157367222447 1.9519788177556427 3
active_diff 2.2777573953176904 -1.0770260745884617 -7.914920022939327 3
active_diff 2.413942802622482 -9.54572680964684 -3.5440160205927267 3
active_diff 5.985581424299523 -5.631324687603378 -4.053941102960481 3
active_diff -3.9029346588988525 0.5460218162389019 6.676927420274785 3
active_diff 4.139711850565188 5.677799875016666 -1.7409194392691543 3
active_diff 1.2665152100752142 5.798171195323372 -6.636189945091949 3
active_diff 5.554396751160239 -6.250842256932392 1.1185897676924856 3
active_diff -2.5190725448913076 -6.786329292373936 -4.7121335875360195 3
active_diff -0.6189345836505409 7.0221079589515405 1.828750799621162 3
active_diff 0.5862901761559531 1.5426886081838644 8.684011874748133 3
active_diff -1.3964314124836368 9.758892727015208 0.7271405685723413 3
active_diff -9.614765396819987 -1.3877468071804389 -2.262074539635558 3
active_diff 1.7999584500756012 1.2578443010121796 -8.337819839275424 3
active_diff -5.707105143146272 -5.7705678925486845 1.6846630346633944 3
active_diff -0.008724228211338225 2.7543821659305565 -7.871177646683885 3
active_diff -5.5121815058991395 -4.472679809344607 -2.6676225145967947 3
active_diff 4.833436762489871 0.9678664489306139 -0.2745157711726135 3
active_diff -8.086439609148307 -0.7656186125346178 1.9908177610039233 3
active_diff -0.5506293132294937 -2.2033869122040226 -11.105735161598512 3
active_diff -5.999981951175398 -3.2786822194476377 6.024636819347698 3
active_diff -2.819217520796111 -5.491448675717896 3.074801658023131 3
active_diff 4.276821152795525 3.9989942059120844 2.724306238750283 3
active_diff -10.391271029136295 5.08771105162841 -4.717471554622911 3
active_diff -3.2496127131263433 -2.526775029631116 -7.062599935775479 3
active_diff -3.929910705191733 7.8484702466526075 -1.8228414895096088 3
active_diff 2.4756831571997298 -7.565026158043171 -6.150698952133179 3
active_diff -7.237034718908002 0.1394116576751414 -3.8818135344044684 3
active_diff -2.2464292591796733 1.822469549437768 -8.094317530136946 3
active_diff 6.4957943235165025 -3.5863586126906357 -0.7633572388552334 3
active_diff -2.5410034430623174 6.361834488792259 -5.898375731313852 3
active_diff 3.1555444366558913 -4.844063026374487 -3.43362895367068 3
active_diff -0.21666189892963095 -6.661849039945551 0.9052398911944277 3
active_diff -4.282740456241253 -3.4585193379725405 4.787229692186218 3
active_diff 3.349695702866385 2.473873450964805 9.015497458233556 3
active_diff -8.432058435107932 6.579530896303274 -2.0033878152332942 3
active_diff 0.03247597691273785 -0.6073563262795477 -7.9366996420542115 3
active_diff 6.359681815420574 -0.8066519808458958 1.2348391800921346 3
active_diff -4.476785035607781 -7.955237470139603 -3.3962676110650403 3
active_diff -0.32567197269663195 -7.13971752348411 -5.469030314332626 3
active_diff 3.468213843704503 -0.8639533886617945 5.950386686797531 3
active_diff 3.789259559537781 -5.41035743537853 -5.527549387474638 3
active_diff 6.382238259910848 2.269736259508651 -0.9234501598226448 3
active_diff 2.944241934793803 -7.7714238676049225 -0.308391440565682 3
active_diff 5.910612738221384 1.972692245966429 2.029695359722612 3
active_diff 5.130430345175799 5.739810076721727 1.0631123249437957 3
active_diff -6.017532897306387 6.936791402513572 -4.729564790927308 3
active_diff -6.070725784001125 -3.1460023740353487 -4.774889560523759 3
active_diff -6.884115909512605 -4.364260818794416 -0.9540272718407236 3
active_diff 2.791402685967089 6.958655917476468 -0.55597241429168 3
active_diff 0.6574324487033549 -5.888671067025603 -6.712817865913096 3
active_diff -1.3865035510326864 -4.871048790385062 -8.931006149814179 3
active_diff -1.395511553014181 -2.087581963056065 8.22793274858905 3
active_diff 4.032706527366194 2.8607815535804413 5.197359139862612 3
active_diff -3.052087065116647 2.5238133360083705 6.4243551261776854 3
active_diff 1.297292023502949 -6.3913119329445225 2.8657721980842177 3
active_diff 2.1076157019364894 -4.223176080186826 -7.080992301131886 3
quiesc_diff 0.0 0.0 0.0 4
quiesc_diff 0.9862435231845093 -1.261782987295107 -1.1980097687202897 4
quiesc_diff -1.2464972467990967 0.5744896515314123 1.4547186167797497 4
quiesc_diff 1.6250430648428469 -2.965856742492859 -2.0275082813309693 4
quiesc_diff -1.6732726155328468 -1.073762117705194 -0.21724103822510835 4
quiesc_diff -4.275837753168464 3.9019452184189047 -1.625272165786811 4
quiesc_diff 1.6249870607571146 -3.6289145976530257 -3.914398388776006 4
quiesc_diff 1.8420196702724443 0.7140956621520933 -1.62095781654526 4
quiesc_diff -0.550382304008756 1.0353978963922592 -4.004154519405387 4
quiesc_diff -0.817390327715666 3.0219590318070395 1.3697548964592787 4
quiesc_diff -0.5522405278133291 -2.5323039689872475 -1.3352805227260867 4
quiesc_diff -0.1642571764883234 0.9100914723287263 3.1027865304566284 4
quiesc_diff -2.1681317913146287 -1.05298632930978 2.1631758830567254 4
quiesc_diff 1.1525706760256658 -1.3650018868678142 0.8990832473208732 4
quiesc_diff 1.3844548051455687 1.4569421943157264 -3.7236090401555026 4
quiesc_diff 2.238404011020934 -3.7951131689270023 -0.3139966446849862 4
quiesc_diff -0.02499331810662575 -3.283662490984106 -4.990672393017184 4
quiesc_diff 2.0992670423130826 2.6771469809656 -1.9042479668906929 4
quiesc_diff -0.1473453197077763 -0.5693986279884552 -2.6931954542649468 4
quiesc_diff -2.5665640993167873 -1.392127233212315 -1.9781141109442137 4
quiesc_diff -1.7438398970081135 -3.3210996017611993 0.06396655804675988 4
quiesc_diff 1.7809410717736072 0.44987776919755684 1.9616124218151967 4
quiesc_diff 1.7459796184406726 -0.39603714261364464 -4.383735835767323 4
quiesc_diff -1.6529366136318966 -4.113594609211052 -1.8719256920924716 4
quiesc_diff -3.3904508418692636 -0.0559747263406245 -0.09311301973040007 4
quiesc_diff -0.8588179858883395 -1.2401062181712217 -4.437889689295586 4
quiesc_diff -4.0364813620247295 -2.6384395786766603 -1.4432788294449923 4
quiesc_diff 2.907721714250679 -0.9704829008773692 -0.7257113239736461 4
quiesc_diff -3.11390495422675 -1.8113097834923744 3.7539174281078944 4
quiesc_diff -1.212804686167563 2.311742220855706 -5.394169538397987 4
quiesc_diff 0.8830297022785529 1.1599677152040164 6.265514415720933 4
quiesc_diff 3.4329273458064593 1.2608643717863006 -2.70264942975667 4
quiesc_diff 2.081248559102493 -5.532128841078054 -1.2928116009632105 4
quiesc_diff 0.2963551434782674 4.075953884803939 -1.8029793257430202 4
quiesc_diff 0.19384053011085034 -2.3333152905919956 2.3630523929937755 4
quiesc_diff -2.6678260759588213 1.3216983027844895 2.646986871365103 4
quiesc_diff 0.6153956258931883 -4.104391553344368 0.8130307120092564 4
quiesc_diff 1.2256337956662668 -5.460736354767127 -3.2180177315024947 4
quiesc_diff 2.8634396985044583 -1.7570512764650008 -3.0300865191941107 4
quiesc_diff -4.18694674653799 -0.9831259153966752 -3.0767851256749545 4
quiesc_diff -1.4831594720351633 -3.467397849114141 2.0415010176346025 4
quiesc_diff -4.098130672611627 0.06309871507095632 3.2553912094505395 4
quiesc_diff 4.536197312155341 -0.26162109975177694 -2.0208625346728653 4
quiesc_diff -3.6700206793618286 5.812723397526725 -1.780628037291081 4
quiesc_diff -0.09967785450164213 -0.6462353646544612 4.7898791419809195 4
quiesc_diff -2.774623630415567 -1.2345446277646774 -5.0120480307918704 4
quiesc_diff 2.829333133108654 -1.6371818887346077 1.9547279361725776 4
quiesc_diff 2.5273989174338682 1.2416418640548192 0.18235865385544248 4
quiesc_diff -1.9126640586774806 -3.8405551664793505 -4.634906004536726 4
quiesc_diff -3.7821447570305464 -2.2057199914170162 1.9059459261198493 4
quiesc_diff -2.4572999186236855 0.8838441934501045 -4.587846806655979 4
quiesc_diff -0.4191156088648421 3.4070488141520165 -3.920954986728073 4
quiesc_diff 2.3211883727565876 -0.5480247642019969 3.608525712676424 4
quiesc_diff 1.2466824533120564 3.5362603697437924 -0.045476717477737294 4
quiesc_diff -1.0381096018411458 2.6848347321335084 3.39718133421934 4
quiesc_diff 0.277501830236628 -4.352063319670219 -1.3334030617851709 4
quiesc_diff -5.9792270675988055 2.9811734818164464 1.6777710765989406 4
quiesc_diff 4.830884139734345 -2.113194081074706 -3.0783013861788104 4
quiesc_diff -3.360778370974178 -4.033765877707333 1.0007785725605385 4
quiesc_diff 1.4097300638345307 1.6102568444745797 -5.717563848907415 4
