1241
 Lattice="1.0 0.0 0.0 0.0 1.0 0.0 0.0 0.0 1.0"Properties=species:S:1:pos:R:3:Color:r:1
active_stem 5.596959034869762 -6.9537863635311385 -5.5158812361916745 1
active_stem 5.844758047812179 -8.177314136107482 0.046249605724720144 1
active_stem 7.717685613672042 -4.33270017063149 -5.774037570221545 1
active_stem 9.070728115480955 -2.8805365097665825 0.7959660732033947 1
active_stem 6.371785671629898 -2.75949133892893 9.995079021631396 1
active_stem -5.561094382831059 -7.952291523739545 1.0134429034917873 1
active_stem 8.729076608703105 -3.0432968502668354 -2.842503507628621 1
active_stem 3.8832230121118934 -9.503349094431762 1.6898801738295997 1
active_stem 8.820908900260225 -2.810361459287065 2.978648924564245 1
active_stem -1.6957683183705474 -10.108101631277144 -1.3133283944505592 1
active_stem 2.6852687371171733 -8.746657209838695 6.800350336292103 1
active_stem 7.427411652939765 -8.033350099620383 -3.452374642743769 1
active_stem 2.52011242575463 -8.972985132600586 8.780627858306481 1
active_stem -2.1889503811062028 -11.271057064081228 0.2372541136112556 1
active_stem 3.5040938685398526 -9.970681973521064 -1.574070753735626 1
active_stem 8.035427506885338 -6.569904783758223 -1.7725084479079243 1
active_stem 9.497887398493951 -3.7266247624599123 -6.454885721373142 1
active_stem 3.400497119519752 -6.9480397756404635 -5.9009625001570685 1
active_stem 1.9053959770844775 -9.89151271203473 3.9070541517113613 1
active_stem 6.965749553936752 -3.3464749723802756 11.812400435299113 1
active_stem 10.735087247896153 -2.4544965714403104 3.4361218035850696 1
active_stem 8.293279963069745 -4.930221539612277 9.968501574891306 1
active_stem 4.0163076105527535 -9.382602522910592 3.6817910039431663 1
active_stem 7.627703889207855 0.1953660129417366 -5.504252601156657 1
active_stem 6.442456117321474 -5.638754913110841 -6.763209167399474 1
active_stem 7.182360377845379 -9.547659833711865 -0.5307882403017868 1
active_stem 6.21087694238822 -6.993394315504839 7.632304852974621 1
active_stem 5.516212855698928 -10.077143855152508 0.5779497988529184 1
active_stem 3.4524138450286297 -8.097772869482952 10.318424190109948 1
active_stem 10.231025272889505 -3.3799411090837888 -0.7546162537597562 1
active_stem 11.194601143825176 -3.9703593657527305 2.215053841403 1
active_stem 0.2517144357433271 -12.087355819880324 -1.8883097254813714 1
active_stem 1.7925090754358632 -10.463918703166758 7.3043276671387805 1
active_stem 10.69482835513753 -2.735567236563911 -3.045290480189139 1
active_stem 4.5717051448927934 -11.646685566650152 -1.8003849566094794 1
active_stem 9.023744268922323 -5.7570774879615625 -6.289168667051679 1
active_stem 8.723301964842866 0.6096359840230399 -7.125377287208028 1
active_stem 7.988700607053561 -1.9320287915209975 10.832271845442653 1
active_stem 2.4143732852428563 -8.102423020522396 -7.202868451985729 1
active_stem 7.437156944396856 -4.462374405928536 13.403797157184094 1
active_stem 5.000288430376804 -10.936006838223841 2.895205484508336 1
active_stem -6.820406840540585 -10.993253873236194 1.8607496862606063 1
active_stem 6.776002534357872 -8.39829338879581 -6.239245515290277 1
active_stem 8.596238460810063 -9.330001872367452 -4.428355212957958 1
active_stem 10.062953111318027 -9.834016626946744 -1.9702675917775003 1
active_stem 5.346524981034042 -8.275781195231273 2.2830280479731893 1
active_stem 4.859345138034628 -5.242958176786948 10.474838098413107 1
active_stem -7.499693715137147 -8.344834925928197 1.3096561816893497 1
active_stem 8.836342231320586 -6.669795739597157 0.05739794344776339 1
active_stem -2.9670302536011492 -12.369501588361222 -1.241938686228422 1
active_stem 9.841823590157764 -4.205677245399487 3.984047876710548 1
active_stem 8.727081829322238 -5.9778817648822935 11.615991785248573 1
active_stem 7.412029398381983 -6.1910896258524115 -8.422984458742928 1
active_stem 7.536904555161784 -11.328608906164256 0.3073757219764791 1
active_stem -2.527399615431259 -11.175566882806056 -2.7860494551159647 1
active_stem -5.379986617159323 -7.955657165749458 -1.1082397766617225 1
active_stem 2.458226338533198 -11.77558381502736 3.5267192067896347 1
quiesc_stem 0.9674225748905639 -1.7341894601744674 -0.23807662172481556 2
quiesc_stem 1.3368764201748433 1.2183292244893273 -0.8534842341459681 2
quiesc_stem 1.3577614489862848 -3.4358709359104873 0.7375850606767059 2
quiesc_stem 1.484231315274579 -0.2202670166247942 1.3223236533260327 2
quiesc_stem 1.2309672123370041 -3.8128760736225167 2.697633618159724 2
quiesc_stem -0.2555871107268831 -1.5766406876643304 1.336542599917821 2
quiesc_stem 2.747281779752532 -4.63934065924674 3.7064678073863 2
quiesc_stem 3.0033090025564704 -1.481997687980123 1.0054030118974073 2
quiesc_stem 2.792197268302296 -0.11457054997079785 -0.5288006647283905 2
quiesc_stem 1.3520658552877949 -0.8230886749049037 -1.9764508351571368 2
quiesc_stem -1.0303418339899861 -3.283873093103554 0.6400423252590697 2
quiesc_stem 1.4917156951236912 -5.51758098014098 1.6847212772257623 2
quiesc_stem 3.242042244003402 0.32536202982903517 2.104876963016433 2
quiesc_stem 4.509032522137375 0.37560335067719786 -1.4300255302933458 2
quiesc_stem 2.2934425436599777 -2.557313271387984 -1.4887317435861938 2
quiesc_stem 3.5297852150438116 -3.344202275770635 0.5004110605784234 2
quiesc_stem -1.2536437136290077 -5.271367851693108 0.6391175935516301 2
quiesc_stem 2.402875722330996 -1.5043309281463006 -3.535844183778079 2
quiesc_stem 3.0908696547475287 -5.583816497112803 0.48542170259443784 2
quiesc_stem 4.513083261732017 -4.291546137516694 6.0820076261951215 2
quiesc_stem 3.3466678877544953 -4.473899438326259 -3.3710076355933287 2
quiesc_stem 4.06356426120977 -1.6385776884571086 -0.7758395507123054 2
quiesc_stem 2.006812803649683 -4.597460838421034 5.563872387987092 2
quiesc_stem 4.24043706928797 -0.3243430481235934 3.71145440731458 2
quiesc_stem 3.8536209671413104 -2.6362512782379124 -2.7375760405175065 2
quiesc_stem 3.2771039937051913 -2.5115271539125725 2.6980652291158096 2
quiesc_stem 5.040359926556078 -3.5354694788830434 -0.7963467803283476 2
quiesc_stem 3.891552584429749 -2.137535704525596 -4.711808856471208 2
quiesc_stem 5.288050545405661 -1.0378502068530266 -2.611245222022333 2
quiesc_stem 4.925984932551083 -1.5582031553852398 1.5508477799142244 2
quiesc_stem -3.6345360382430894 -7.3155407141376205 2.0461400586776897 2
quiesc_stem 5.8642067799493525 -4.859150653023099 7.442996366962932 2
quiesc_stem 5.0876960714792485 -2.2355965017125587 3.501569182483991 2
quiesc_stem 0.42351656278223637 -6.499326770457434 3.061356965002628 2
quiesc_stem 4.498421218413862 -6.950841421999694 0.8727735457015162 2
quiesc_stem 2.8350665156391983 -6.636097260732166 3.633963224292006 2
quiesc_stem 5.1764264764091905 -4.329501772357057 1.0641108551460436 2
quiesc_stem 5.464967204546721 -5.339017133706577 -1.5492906801362358 2
quiesc_stem -1.2655870230335893 -7.247542891510823 0.3315634204992737 2
quiesc_stem 5.634983749762754 -3.2192187783318698 -3.4353550388582343 2
quiesc_stem -1.5252697845216847 -8.120024132959056 -1.449262608821633 2
quiesc_stem 6.530530007887211 -2.8631484850147375 1.191435883082921 2
quiesc_stem 5.747431985395315 -2.823223256323995 5.515958913665221 2
quiesc_stem 2.5706193827521697 -8.38820963341156 2.706509749765325 2
quiesc_stem 3.2552626389116996 -7.7029788255421305 -0.501579419297872 2
quiesc_stem 6.441124067862742 -6.363881845340111 -2.962361839366845 2
quiesc_stem 7.05455741655836 -1.9756257686141536 -2.6057252642414723 2
quiesc_stem 6.410258731282047 0.3487804321218118 -0.8098485936844874 2
quiesc_stem 7.7293766873537955 -2.7765658294329425 -0.6838874478898885 2
quiesc_stem 3.691375907505049 -6.274343610567087 -2.4361168694944557 2
quiesc_stem 4.294086007762827 -5.805381419957311 -4.524070790182758 2
quiesc_stem 1.8850574396330255 -8.802277812134456 -1.4576544424768987 2
quiesc_stem 6.667622329708078 -5.4209195612434335 0.04661428015641511 2
quiesc_stem 6.6533633897683195 -0.18800917731316746 -3.800232632186536 2
quiesc_stem 2.568903720258942 -6.845116366821837 8.370536224707365 2
quiesc_stem 8.577448643889783 -2.9971179950622395 5.031101575892982 2
active_diff 6.40935636439618 -4.654379146835982 9.35633913835318 3
active_diff -1.8762795307640332 -3.6003808026644224 11.635687169059809 3
active_diff -3.799478867788272 -7.722190620129176 0.09487643811313662 3
active_diff 4.620163794269327 -1.8825568871838259 -8.58954505553138 3
active_diff -5.17321715378908 -4.673289473491076 -6.211606998045832 3
active_diff 7.671397549847483 1.6438866260049436 2.953090441863331 3
active_diff -2.215768120114668 -7.631126923757584 7.70538378300934 3
active_diff -9.950746920225566 1.8736874668158712 0.8801747835310949 3
active_diff -0.9733810266056308 9.41458974662861 -6.425379828618449 3
active_diff -0.6782957468763215 -8.164999963065245 -5.928940025876899 3
active_diff -0.5137349162885358 11.909112944151518 2.4691800592096604 3
active_diff 4.691799382968974 -1.4387848755357635 -10.538374125539699 3
active_diff 5.345532420835303 10.568863811311413 -0.4214640402956614 3
active_diff 6.558048569672673 8.400881591644618 -4.78491624432914 3
active_diff -5.273885100015748 -7.66851007288006 8.257240472844826 3
active_diff -6.486813722015604 10.633367952867692 -0.8432819091125114 3
active_diff -5.510459784747928 -5.039167426416762 -8.148718438161467 3
active_diff -10.27609563300369 1.9731446652851874 -4.120261965608466 3
active_diff -5.77968999082077 -7.965893759601689 -3.0833190205990952 3
active_diff -3.445257556370566 -9.105238571564733 -3.4502964596275696 3
active_diff 5.123610420193911 4.224697442110507 -9.093465637644165 3
active_diff -6.6738132733292215 -0.19612513895752903 9.714250578919499 3
active_diff 4.879855622608349 3.398051130688164 -6.991525400032235 3
active_diff 8.121821238742047 6.23562945107961 -3.6413037161806616 3
active_diff -8.235215750052745 3.9976685738599618 -9.097008327592683 3
active_diff 8.188417252110593 -6.276612887071967 2.0820094687433186 3
active_diff 1.4388755984356156 9.120882012207057 -5.675621413383312 3
active_diff -1.2964419124831232 2.536071012513313 12.688389022564344 3
active_diff 6.133627502830535 -0.2560270719241541 10.882585568277836 3
active_diff 3.0260435887053383 10.955174404977774 -0.21121018103214828 3
active_diff -0.17770977287046508 -10.287689445835811 3.6184556008739532 3
active_diff -8.58272192655536 6.955364450271811 -1.8078155120130655 3
active_diff -10.695992392786465 -1.02689450654487 0.6779398316264766 3
active_diff -4.33966934186969 5.63601762740594 -9.433857374210948 3
active_diff -5.466317185256392 -6.783350130019277 4.287090358235678 3
active_diff -3.3660640048040795 10.620602410228944 4.375157993078179 3
active_diff -8.796825732695197 -2.61087203753952 5.802746488893559 3
active_diff 8.03923620636337 2.1275598098397985 -5.837345576333021 3
active_diff -8.489022647147834 4.751160418338545 5.573094088520687 3
active_diff -8.195753904703421 5.837632226007135 2.690050311578368 3
active_diff 6.854337621874146 -4.953374392084678 4.631581958372859 3
active_diff 2.421042816585418 4.847547836063692 11.937512864266042 3
active_diff 0.8295273670426313 -5.507005321663159 -9.663616796120607 3
active_diff -7.856059050157113 -4.9206012002309025 2.0351973330117126 3
active_diff -8.798214815836118 -3.772270327686854 -4.213199771054713 3
active_diff 0.4866774195857459 3.801310361373701 13.502056979422775 3
active_diff 3.757945826184116 6.275296252447039 -9.056320170883918 3
active_diff 9.396001080453546 -0.8923023682835488 2.0181655272193493 3
active_diff 9.204388305190786 4.209034470712198 2.6361852966954142 3
active_diff -6.803039087403237 -4.7770957545354955 8.460844438688529 3
active_diff -6.441652806731317 7.0435887338038246 -7.188444301381411 3
active_diff -0.6669490057923456 4.109314511925827 -10.832773893401736 3
active_diff -10.344027419261451 1.8327595970324306 -1.936835761437916 3
active_diff 7.368259192566989 2.8366388129086184 8.668092247584243 3
active_diff -3.2840407045209252 10.859975835048168 -4.74442910920481 3
active_diff -10.075502918325357 2.5989548760618604 7.194974147925616 3
active_diff -9.190724731305854 -0.7359672260997538 -6.1683647803096475 3
active_diff 6.887542206306633 -0.43738078488275356 -9.873405091772772 3
active_diff 2.705916353151456 -4.174953239359278 -9.903453818513917 3
active_diff -0.40955691042557285 12.735939583747127 -0.06371918306769289 3
active_diff 9.72116822643756 1.6798943735834406 -2.1719159984863543 3
active_diff -4.9937395734276055 9.92934162286939 -2.0880581715152604 3
active_diff -3.4217645915438633 -9.26584643666219 2.4347734336693834 3
active_diff 1.5855251998072948 -4.59488684794791 11.578656681505507 3
active_diff -3.098876682697464 9.875908358114806 7.641932351198178 3
active_diff 1.0063815630577524 0.0925284837731693 14.348460017078608 3
active_diff 2.9389771105340348 -2.6219645035828067 13.433817069989445 3
active_diff 0.15136275405723099 9.732886430070536 10.364064590386748 3
active_diff -5.675878846325624 7.054312287792328 11.070788671867597 3
active_diff 7.924185089824494 8.996867979502744 0.329936991617524 3
active_diff 7.0873786892658375 5.4908118974648135 -6.137612928962715 3
active_diff -1.5262187677015522 -9.566880058149433 1.4563466174521562 3
active_diff -7.260362315231985 4.214859843473228 9.164768962058526 3
active_diff 9.02973009506177 0.05151898549623346 -3.3921732145399512 3
active_diff -0.7445878473519674 1.1160767558539813 -13.42370684860957 3
active_diff 2.52720989945208 8.786729312089161 9.340551939715752 3
active_diff 3.2456266649191923 -9.827179846810168 -3.6674401659904277 3
active_diff -5.127120801106697 -4.608751860838043 11.037724787535106 3
active_diff 1.269763537936282 12.665821459563183 4.334951474685506 3
active_diff -5.237044926851161 4.265353025648727 11.522753621241943 3
active_diff 8.234445852754458 7.772888673672483 2.6110611710295526 3
active_diff -2.492923578082607 3.2259954615943185 -10.92463416224357 3
active_diff 1.98721946498346 10.850343833654058 6.034450973743021 3
active_diff 0.9321430421549141 8.403045000701484 11.770219839374802 3
active_diff 7.44433350784509 -8.04614356647947 1.520671285332062 3
active_diff 9.888999550900206 -0.1142724700496659 0.24288470842153798 3
active_diff 5.107809159097561 4.247214524872104 -11.093276453979469 3
active_diff -1.7297082652328046 5.801791909841469 -10.910639251670139 3
active_diff 1.2590357686629605 0.47565197314527585 -12.73132816771671 3
active_diff -1.258570177496592 -0.16414876564908448 14.993760763659834 3
active_diff 4.346749060366047 -6.945682488734894 -8.244181796978014 3
active_diff -8.659987832968032 -5.462991129208904 5.156272112007672 3
active_diff -0.23402745179421142 13.090559510146024 -2.0241870142124485 3
active_diff 2.394183190284374 2.48503063205781 -12.746552582237866 3
active_diff 1.7713459213780554 -4.576253438859736 -11.625527062582174 3
active_diff -8.70058096755802 -0.6344732902963232 6.379042289555221 3
active_diff 3.772669667712519 0.598109226023466 11.595716320306817 3
active_diff -10.139122782740362 -4.099606317694425 -0.30295395677700077 3
active_diff 5.63379963140604 10.106531898291086 5.7210389528302805 3
active_diff -7.734718467828607 -7.54438716565659 -3.0973134962669127 3
active_diff -1.2502526312285722 2.640142867899586 14.685145291920634 3
active_diff -1.2358905973981462 -10.524852000419855 -4.209281506187683 3
active_diff -2.727007924412778 -9.280914367359534 -5.30859016110868 3
active_diff -6.7989092906132065 -6.560642983385359 -5.002875038057444 3
active_diff -6.761763361955097 8.037786391232958 6.059346702983374 3
active_diff 0.3979668342927802 7.137941047408072 -10.127961236073714 3
active_diff 9.78538172583341 -4.746809309782896 0.8753137456926992 3
active_diff 7.718607776761233 10.834800945953235 4.535462757993969 3
active_diff 1.9793517095086057 -6.562330639101976 10.701565213822287 3
active_diff -4.9496636703026 -0.6256103749036245 -11.741503053777715 3
active_diff -9.174893077304844 -4.16506445757295 7.003392566824288 3
active_diff -10.158067542794479 -2.921940066016748 1.684698623937546 3
active_diff -0.3469360958538321 11.325362102556456 9.261467887726239 3
active_diff 4.665928298484077 -6.819620636790472 9.124562193332968 3
active_diff 2.359144447354815 5.643310048455109 -11.757344495144892 3
active_diff -0.5888081325471155 11.712375209818141 -4.6701965145830275 3
active_diff 9.180674923863856 -4.905694763871657 -2.270198542470727 3
active_diff 5.658034566185948 1.3001221866583932 -11.476425083449072 3
active_diff -6.685613398325227 -7.720997356332143 6.334739569124814 3
active_diff -9.21042065475707 6.435950314949632 -3.6343431637723995 3
active_diff 6.589146093760736 1.5467100316139013 11.619227780511283 3
active_diff -2.5202435925409916 8.718706163288331 10.676675796289842 3
active_diff -1.6202097021631672 -11.549126410698618 4.191142895711424 3
active_diff 8.283773464817164 4.19386401072025 9.81690614884563 3
active_diff -5.064190811664808 1.185597753561774 12.303449424204556 3
active_diff 1.0549488695420985 5.704174368636639 13.739072019088493 3
active_diff -6.036192347112463 4.045097761914985 -9.747311293889412 3
active_diff -6.491213284336196 8.978827927256214 -6.686056977511347 3
active_diff -11.598771551857132 3.3524124895427674 -2.277822928354322 3
active_diff 8.46959847858986 -5.643087334910673 -4.055689044313015 3
active_diff 3.81853642952257 -1.813590887093235 11.825915896963751 3
active_diff 0.3981358942338522 3.205815784157413 -12.74501941207365 3
active_diff -1.0268846606811932 -9.476751691560247 5.547729887743929 3
active_diff -3.3656360588191796 3.8073244806957405 12.41992158326956 3
active_diff 0.5119759736296707 -7.448486981376682 -7.576613143891636 3
active_diff 3.764415063515357 12.08410646973013 -1.6878008346531372 3
active_diff -6.301927408125985 2.044813015792411 -11.23358246324533 3
active_diff 8.820188095086772 9.561896483903817 -1.366506760404703 3
active_diff 0.4801806244857658 9.949876396160048 7.464567321242156 3
active_diff 0.2289474279741589 -2.7773090943469523 14.62788860514596 3
active_diff 1.365936688636332 12.072547764220872 1.8057618523234842 3
active_diff 3.6229504106749344 7.8493769366959985 -6.504483768392883 3
active_diff -6.926685631544168 10.160961520612467 1.7159621523637056 3
active_diff -6.149139419411979 -6.020849272002039 10.057184709200058 3
active_diff 8.188318124775677 0.2738916451370768 9.883018776852007 3
active_diff 4.0577105239961515 7.498814072894679 9.14738464813838 3
active_diff -7.31069346935468 -1.0562415034731125 -10.278905072217066 3
active_diff 3.3359948484069757 -1.5855561982077506 15.097618362320912 3
active_diff -2.61137568908828 12.184117819491767 -3.299624704076949 3
active_diff 6.36016250783564 -2.3605395286866124 -9.452062922714196 3
active_diff -6.979539471198576 2.085819684666609 9.839507856915171 3
active_diff 7.56525011025837 -1.3148038595238076 -11.537989347678367 3
active_diff 6.5447467633479235 5.005452857295346 11.58427146587932 3
active_diff 9.744161247365431 3.717781386494978 4.498258221729016 3
active_diff 6.113537952075636 2.0771828846797535 -7.847875203936477 3
active_diff 5.166993593799733 8.99183903158986 7.400089036053084 3
active_diff -6.868382705206252 -0.15782208322108923 11.704395199820276 3
active_diff -2.9108415164366 10.438943463076276 9.55181042239285 3
active_diff -3.9764372615127095 -0.6004036963275696 13.96417026314699 3
active_diff -9.177742830824252 4.387880719158669 -4.846425793885773 3
active_diff -9.804194878398988 1.1376497078090173 5.856234774350484 3
active_diff -4.962772132087525 -9.664259964768954 0.17013125221183278 3
active_diff -5.531460729203718 -8.49732213911626 3.258471735657791 3
active_diff 9.213023877870851 -2.097656218734198 7.24998878760485 3
active_diff 11.449787405647578 2.035437517122727 -1.2309246030158718 3
active_diff -4.259107403457177 -3.0168422792524123 12.920321872213457 3
active_diff -1.3320418869019108 -5.251979508337552 -11.210876299652051 3
active_diff 5.2802488723049645 -5.1069648158464185 -8.637284361135514 3
active_diff -2.3545607575551304 11.341113260064343 0.7064061592900075 3
active_diff -8.235461396900543 6.283920554127936 8.00928935305528 3
active_diff -3.610690016933813 2.03055930276073 -13.282945669563874 3
active_diff -5.15747009534571 9.805455087821755 5.54410887632071 3
active_diff -10.488830105707713 3.022122758928615 4.9325821189176455 3
active_diff -3.6924749358128666 -5.79972929422366 9.90613889668962 3
active_diff 8.117992385328854 -9.537739018706318 -2.329916522284746 3
active_diff -10.01804254530815 -2.503901087450968 -1.692466425375538 3
active_diff -7.315757986950711 4.548734901424243 11.135925669485166 3
active_diff -11.499079306394172 2.379485987335045 -5.649705545677734 3
active_diff -0.8042676019772138 -6.4337750510552265 -8.703879660500759 3
active_diff -4.97672284842832 9.094998061693904 7.832198397830058 3
active_diff 10.025069899818947 4.007882631938842 -2.5745651500170474 3
active_diff 9.653584145014236 4.583370355075938 6.5313884132153905 3
active_diff -8.35981552712196 -5.450734927044638 9.520399714263094 3
active_diff -9.417872811914949 -2.7285799084232707 -5.80277024027996 3
active_diff -0.70331805138101 7.349787855107556 13.216183795529686 3
active_diff 8.793720473735128 1.1087731216678582 4.519629554682533 3
active_diff -10.6735489064287 3.265846327448319 -0.36057136113483534 3
active_diff -3.798844256983015 -6.021437045227259 -9.27158192206503 3
active_diff 1.379051119512823 11.53958539428585 -2.082461922933842 3
active_diff -6.131492558495519 -2.8127026771720556 -7.40300420237574 3
active_diff 8.770546526620581 7.24298458169965 -5.242675360016157 3
active_diff 1.9602483046032015 10.9467813876268 -6.303524249899665 3
active_diff 4.932176513852479 -9.97892588414829 -4.731640686200451 3
active_diff -0.2742551263999695 -11.12655504129485 1.4553527315290864 3
active_diff 0.4994157572356803 -10.25119158136553 -1.135219462278924 3
active_diff -1.4371823326133972 -8.217488636350385 -7.778625428631943 3
active_diff 6.815049529653216 10.013192954834837 -3.629752803643462 3
active_diff 9.509652928057905 -0.5070045373087239 -5.251669261549061 3
active_diff 4.093013115872606 10.7576098196277 -3.8797237678363583 3
active_diff -0.9826219432000477 9.149936177845678 -8.40777058071324 3
active_diff -2.56299797803011 6.047228256289593 14.212946850339016 3
active_diff 1.7243558263860148 -1.3926381420476481 -11.26000641148784 3
active_diff 1.825173411808068 -7.237373172523347 -9.543134207119403 3
active_diff 4.8703868907805665 -0.9282493480881304 -12.463850684022667 3
active_diff -4.52533970525795 -6.537225833848771 -5.886036642790165 3
active_diff -1.498975329581898 11.55897913218201 6.998308575395734 3
active_diff -9.970024210450067 -1.430779831073081 -4.102846687249271 3
active_diff -0.833312774160982 -3.1969875985994625 -13.699513188962657 3
active_diff 6.704194850758046 -2.7992481762768957 -7.370940667283138 3
active_diff -9.648324171381361 -5.6162834567871975 1.4840059568493345 3
active_diff -6.846570735137233 7.5197330636589195 3.6415674795302575 3
active_diff 2.2644799539346576 8.19282348036227 -7.93342063800619 3
active_diff -9.553580435371613 5.7031017576844985 4.1523118017730845 3
active_diff 2.606275049483271 4.292779760441113 13.850082183837413 3
active_diff 3.7593262847185525 8.218531324788797 -9.529432787451217 3
active_diff 2.770771935318945 7.052818779024796 10.944617700130085 3
active_diff 3.0386225452029647 13.229661803685627 5.078740341738119 3
active_diff -2.277936660587254 -3.580630160763448 13.5948404203923 3
active_diff -4.950339200110243 -10.555497023568083 2.418617018862134 3
active_diff 3.2464826071593653 0.26877223075149165 -11.947170051362477 3
active_diff 9.140355674024963 -0.822746479929431 5.000324130258386 3
active_diff -4.754624748224394 9.793383386136473 -7.26155622820135 3
active_diff 10.31644993140306 4.393520975684915 0.7465585117470345 3
active_diff -5.53442602671957 -5.068144650132496 -10.148364891850589 3
active_diff -9.582282217996246 -0.8149228581785983 -8.128071070236722 3
active_diff -5.318475134302517 5.772623549872869 12.834814857663288 3
active_diff -3.7556349262311257 7.502287224582805 11.692022442862516 3
active_diff -4.696129170064233 -10.0743718849857 4.432742173452667 3
active_diff 0.9148644634453549 -5.97346376216647 12.863078679248497 3
active_diff 0.06479555548909975 -8.365936501707651 7.984268884862015 3
active_diff -2.2275159223670657 -8.699435546098094 9.39611696023606 3
active_diff -3.647251483347124 -9.082473345538562 -1.3633614472742313 3
active_diff -4.932083412968187 -1.132929712870426 12.221214055283179 3
active_diff 0.9777411218461469 -9.459368327280197 5.693614722276276 3
active_diff -7.601383429203381 7.297209403595988 10.587639530865546 3
active_diff 2.6781116550149138 2.2574560935102443 13.856993871429525 3
active_diff -9.628253151834295 8.20475161972772 -0.09963313732904816 3
active_diff 8.655758118909015 -4.8313814763308045 6.874599693577393 3
active_diff 7.21705167541656 5.852797956989675 9.287017657708072 3
active_diff -5.664233684197683 12.427379383137822 -1.1671415537791312 3
active_diff -10.165162898464537 1.334727531748177 3.639764684983544 3
active_diff 9.032739985076308 5.030253371101818 -6.078831362490246 3
active_diff -8.55095954666137 0.6638135867304698 8.397833190678828 3
active_diff 7.129481399756904 -7.567950991630077 3.5634816432090073 3
active_diff 5.500143170575052 -9.790704385185645 -2.1145018965630165 3
active_diff 3.7707688801219548 11.614789963629269 2.7374802639119196 3
active_diff 6.805844319794241 -6.736295187423151 5.5364807577990796 3
active_diff -3.20623599114565 -7.908055229658087 -6.826517134742673 3
active_diff -11.67098098724641 1.7940933934171812 8.093109842209591 3
active_diff -7.86352923612257 9.217723649485016 -1.3040933973417947 3
active_diff 4.19882559995362 11.79156090140913 5.9305497884821765 3
active_diff -0.07147356445903541 -7.618643853209477 10.04012751489253 3
active_diff -8.64829886640004 4.211572158531756 7.492332373846249 3
active_diff -4.406049849711607 -2.9973160764683486 -9.374892692041037 3
active_diff -2.0396188255298204 -6.872463307667916 12.009566319083504 3
active_diff 8.054296190196647 8.102350348761659 -2.6727582460221395 3
active_diff 5.499491466037596 7.330083295631316 -7.086816107753684 3
active_diff 4.363178797922514 -8.223358710606671 5.803071790823502 3
active_diff -8.234096704046976 1.2595439940784439 -7.880215531659554 3
active_diff -10.862145762402424 -1.5786653684568113 3.757258376728015 3
active_diff 2.1271648402869867 12.782373943745519 -0.05618318668785273 3
active_diff -2.972212890980793 -1.2827737508969959 -12.411714340966713 3
active_diff -8.047686209752854 -2.083598991507774 -7.122452994578573 3
active_diff 9.363185879290869 -0.9356846504542152 -8.584774002371152 3
active_diff 9.362947746290708 7.192033416640211 -1.1743337775909004 3
active_diff -10.604358992225208 4.356835805346108 1.7551703450684948 3
active_diff -3.089678569269102 13.525158300115503 0.28957483061009115 3
active_diff 1.7456393130241217 -10.822115258858132 1.8048585512254451 3
active_diff -4.010243417635715 -9.202903053247825 8.478256038699113 3
active_diff 6.946620295949897 11.354431532091008 0.483743655335672 3
active_diff 11.44078585125085 2.221788772146769 3.74864365173803 3
active_diff 4.388289260839937 2.840272853945415 11.31410247861752 3
active_diff -11.488571223883781 0.06587331946951636 -2.83484461684256 3
active_diff -10.472261468538882 -5.0124985693139426 4.01105258957938 3
active_diff 4.038674949620646 -3.990017981374796 12.428436180230886 3
active_diff 7.717514515924071 6.884712496379461 6.414942570696934 3
active_diff 0.6734133713124983 0.24727006805584562 16.31446795841038 3
active_diff -3.1434626011320375 1.4426229652716172 12.97414810925725 3
active_diff -8.226640870895434 -6.161293999637158 -0.2014226556412153 3
active_diff -4.496136401091711 12.259112998890043 4.1796600902909855 3
active_diff -7.375778081656 7.907987132950741 -4.863110142686704 3
active_diff -5.941974662098972 10.659556599257236 -3.6904427398606074 3
active_diff -11.844047414074407 -2.0899577950756103 -0.5677993516192594 3
active_diff -9.104346897265462 7.306748979671669 -6.334493431286988 3
active_diff -5.176875868518975 7.059771622781817 -10.561691489844568 3
active_diff -9.010681310214032 8.122180559230934 2.8950243601439096 3
active_diff -9.374925240283607 4.917958639886002 -6.828181426952422 3
active_diff -3.1394624662901416 -5.093199500379233 -12.30588612786504 3
active_diff -4.384952056204568 7.520303186344281 -8.186928241370135 3
active_diff 8.83190662272825 2.647971776549479 -7.59826720886676 3
active_diff -2.8598448016368057 10.348528730909614 -6.630822412745886 3
active_diff -7.800284914095653 -3.235371357355211 9.794950509956662 3
active_diff -8.426726026144818 3.8360480924523075 -11.081246880322846 3
active_diff 9.578617067315582 0.5117352564092545 7.4813992325711896 3
active_diff -6.79341777509684 9.199582094744093 9.0693186753108 3
active_diff -0.8223498472299375 1.2591682368282295 -15.417065295915918 3
active_diff 3.137396972222642 -9.101176372972539 -5.55525821269416 3
active_diff 2.8282107539945387 9.931157091421873 7.6537060891810516 3
active_diff 9.18288555893151 -2.4747291543856416 -4.911532641019938 3
active_diff 3.7335024472781484 9.98859188944334 10.38954413902653 3
active_diff -8.633536927008219 -5.6606655210121 -2.8147129629131125 3
active_diff -5.2954890537300034 10.629700637404348 3.2500193887845703 3
active_diff 9.169496537972394 -4.41837428762004 -8.302490126316648 3
active_diff 8.475432015722795 7.963380313980037 4.587330030327481 3
active_diff -8.141392676414691 5.790597970415615 -11.394806530286619 3
active_diff 11.001475623452102 -1.1498144054993624 5.655502812686097 3
active_diff 6.684435993644634 4.022139547565778 -7.586507191677777 3
active_diff 10.507366686028494 -4.8968710723499935 6.121435151805151 3
active_diff -5.514049310621207 -9.82055354301543 7.313320113975378 3
active_diff -6.548349503240849 11.626100598522406 4.448988867768674 3
active_diff -9.232604833959604 7.565880377310003 4.805787491882747 3
active_diff 4.567829648128378 3.0938729889982968 13.289818101077767 3
active_diff 5.682100768790332 11.989333109146125 2.2830269181153318 3
active_diff -7.907593588733377 10.401951286451585 -3.9549833569138535 3
active_diff 9.773332877608652 6.008778145805952 3.297415043059174 3
active_diff -8.478588135338294 -1.0490039910165572 9.590212838007274 3
active_diff 3.289155405015461 -11.929170113813452 1.1787694027141207 3
active_diff -9.042663059006893 8.714986335307488 -4.107963296253849 3
active_diff -3.494021213843122 13.466963672718201 -4.554711710817914 3
active_diff -9.559888186970227 -2.820434637009464 8.939600382700107 3
active_diff -4.032316277409572 1.3491796812260661 14.763339964490974 3
active_diff 1.3783088975753799 11.706416921954926 7.793095837991191 3
active_diff 7.298195519897246 2.6088629431381354 -9.369026992036757 3
active_diff 8.44605228572049 0.9830658363183408 1.2316881286002475 3
active_diff 4.093525929221833 12.402244610133762 0.6642721283466494 3
active_diff -8.358647102824397 10.486402185289858 0.16059533097583545 3
active_diff -12.104105526132752 -3.332010266986357 -2.1136568597269934 3
active_diff -0.7300480550243997 -5.209745096649319 11.945687125947288 3
active_diff -4.993605262046865 -10.030203213848363 -4.314622667058571 3
active_diff -1.7023886587881916 10.315991155022669 11.559735229463193 3
active_diff 2.0471112909747293 -4.420406655104563 13.516824616114404 3
active_diff -5.097150847226499 3.1629610107767294 -13.995757406060985 3
active_diff -2.1200509813507984 4.132035475608937 -12.66821023446149 3
active_diff -4.508825289124413 -0.008294400050072204 -13.592065808420422 3
active_diff -2.351651357118234 -3.567187307837731 15.593436285798951 3
active_diff 4.693832690808396 -1.0858441370559142 -14.449799448961578 3
active_diff 0.18662608193007196 10.43121395610317 12.237856244784982 3
active_diff 6.910984560103596 8.08863299344038 7.793378230102483 3
active_diff 1.5562316678158852 -10.738446706429214 -3.105713137690773 3
active_diff -0.7651257948372583 -0.6754390029262749 -14.312554123879677 3
active_diff 7.616481593401611 -9.931762308634323 2.164726403993173 3
active_diff -10.08232563968389 9.749247814403173 3.34694313410818 3
active_diff 0.927359551900488 3.3843736217483658 15.407827955539561 3
active_diff -0.1896409381260521 2.140855306193746 -17.097037720705746 3
active_diff 3.2102467360846427 9.870154855792656 -8.47386920242141 3
active_diff 10.185504654846225 8.95971877651295 -2.6981571275687304 3
active_diff 3.1226687235977515 0.21881549762714053 -13.942708687183124 3
active_diff -6.630343935603088 -2.168866013657561 12.427967962069243 3
active_diff 3.371353443292665 3.296769977100709 15.418801309739885 3
active_diff 0.7296533319708033 9.808102596798612 -7.414796978087507 3
active_diff -7.203688643931453 -2.9862901709455856 -9.082368051093844 3
active_diff 3.4703576532113134 -6.783724124570982 12.016056065990943 3
active_diff 10.333116792279426 -6.03546934541731 -4.666701198344644 3
active_diff 4.354256484370305 -9.957396293759857 6.799582730318465 3
active_diff -1.018640871326272 13.197536228628431 9.052238978934568 3
active_diff -5.498728380085146 -11.524365306881288 5.552274926226488 3
active_diff 0.2714041519629564 11.877900283629346 6.044724907679694 3
active_diff 1.8855811656728256 12.59082365411318 -3.706754209873713 3
active_diff -3.1371290285232596 -5.102573105681773 -14.305862800376953 3
active_diff 7.0722639087118555 -4.150253348643366 -8.798984851759249 3
active_diff -9.38582795354306 5.531836218935821 -9.664829773103113 3
active_diff -5.646369993877203 8.426798093452051 12.525234250392195 3
active_diff 6.279299763354783 5.667368189917402 13.452801899839248 3
active_diff -10.015167413757776 -5.3553387646326005 -4.326869020888945 3
active_diff -11.217087237916562 2.2331435804932274 -7.624310410777449 3
active_diff 5.409658782649862 9.517066813752924 9.314573139660215 3
active_diff 0.17884940914373254 0.0003177449300401647 18.23655563524167 3
active_diff 3.247384907671222 4.294576018607999 -12.937151852889906 3
active_diff -6.894213585353988 -9.097022453756976 -1.867430442444291 3
active_diff -10.696747992298329 -2.039833794131317 6.056144855166512 3
active_diff -9.537060834150935 6.201580334872032 6.466345466524801 3
active_diff 10.41425206467017 1.7028985750151264 6.109231568033054 3
active_diff 9.24049637242295 -2.4980373268116796 9.209310157451494 3
active_diff -4.77925662542944 -3.418069621245936 -11.294185050467807 3
active_diff 4.598874191153858 -3.4441751162013023 -9.838902994474221 3
active_diff 8.099251699440147 6.714825687343106 10.861384612936265 3
active_diff 1.7074646565185476 -1.4071159140093359 -13.259882678285248 3
active_diff -9.86590485621293 6.3785140647214895 1.7319048968730315 3
active_diff 10.515426823840306 0.2596942873785155 3.958565942273605 3
active_diff -8.463319321180206 -1.121931172933781 12.430116120118786 3
active_diff 7.593943286643104 -3.190827840473855 -10.789376015880766 3
active_diff 10.762106945048854 -0.601365176206772 -2.6354614325342816 3
active_diff -8.558520220612518 -6.58060336746993 2.9017659158510356 3
active_diff -2.693964934956751 -2.428473214133671 -14.027248560631415 3
active_diff -0.34047118313069047 5.201029900785433 -12.476419153498094 3
active_diff 11.318821400023031 0.03414470695552563 -5.910506825353376 3
active_diff -1.5315439412388603 -4.20405072766295 -15.280113420331082 3
active_diff -7.1873841914866725 8.075713759791158 -8.730716207538528 3
active_diff -2.586109164002589 -8.54139531295838 12.966652664024789 3
active_diff -9.384250117778594 -0.5616384494605096 -10.102059493602905 3
active_diff -2.184853197996866 -9.566382577372805 7.201568516526895 3
active_diff 7.366827396531236 1.7460593245753817 -12.41513011272448 3
active_diff -3.0410908280472118 8.99085793207954 -8.364426802634464 3
active_diff 7.751062121085575 11.860430674685832 6.2521544528170026 3
active_diff -2.968074925302564 -12.980686961582375 4.557057816703692 3
active_diff -10.789341363766654 0.4013146796523128 -6.556970916736541 3
active_diff -6.44349699350785 12.996865284041668 0.5845531980068934 3
active_diff -10.444616113961747 -0.42952068488713535 7.3362966118983035 3
active_diff -0.6329145509750087 13.255552797407685 4.513929236267814 3
active_diff 9.697513829590111 1.9664324429323663 -4.730930963297317 3
active_diff -2.668413923013707 -9.668031459723057 4.243283864231147 3
active_diff -1.4690969443803952 4.401620571157315 13.388328365796113 3
active_diff -4.980730600935966 -11.485719897863822 -0.6556781722479867 3
active_diff -11.69852230111828 2.276233011256135 1.7651822990904957 3
active_diff 8.534537460288558 -6.000700213061615 4.348673620377725 3
active_diff 1.1799508135595926 -4.1099682780363525 15.776632293151838 3
active_diff -2.43856662931491 12.290226880615233 -6.402058348795935 3
active_diff -7.588918189760943 11.772249829678984 -2.063246585997278 3
active_diff -4.498349776075795 11.732436998876908 -2.7975904214518232 3
active_diff 3.0030557390512294 6.2223389230808115 14.195576789090754 3
active_diff -0.21761384495933722 -11.303484526873682 5.637884727928041 3
active_diff -9.425411377861774 2.934953416282266 9.056287117307026 3
active_diff 11.629547542283634 3.9268413295375297 5.1319872325448825 3
active_diff 5.597967436075196 12.847585239691577 -1.9227175537225616 3
active_diff 7.262299459588071 -8.194050557453158 8.837682502923245 3
active_diff -8.92217080122284 5.232565233596309 9.614955917448407 3
active_diff -6.894093890463511 -6.9352152344402676 -6.965178664077381 3
active_diff -9.353709201313894 -7.779523000634561 -0.5346671288117284 3
active_diff 3.1376306794218003 -7.310204939052506 -11.050499940600211 3
active_diff -12.256349611594146 1.6212079292464872 -1.3906950061661103 3
active_diff 7.56527755138892 -1.569286124726508 -13.52173297424514 3
active_diff -7.410212358711511 -7.213622379140751 4.477188612446077 3
active_diff -7.070820868590788 -4.933234216283915 -6.787392437480631 3
active_diff 10.476744704936818 7.860024017610125 0.3466017542205322 3
active_diff -7.039608484394756 -6.725835746660845 8.078160021056506 3
active_diff 5.610815526408036 -5.206221275058795 12.650300001641249 3
active_diff 5.1510142843561635 9.065272602915607 -6.07249010313992 3
active_diff 4.103739251028367 -4.941662932516806 -11.111032963990223 3
active_diff -8.821779917767945 1.417014571526225 -9.785427188549376 3
active_diff 7.202449717904698 10.067087013741206 6.9611119374608625 3
active_diff 9.9229760401612 -7.268504345246296 2.168364236980005 3
active_diff -1.963913446941339 -1.003887495797749 16.666282732824158 3
active_diff -11.149916543047008 4.71770076912079 -4.88825381631693 3
active_diff 6.000650163958277 -5.970241610847282 -10.291302243202475 3
active_diff 8.741806285262049 9.94511604563207 1.889527061428581 3
active_diff 4.499355651723817 1.0849523607838543 13.394302221168438 3
active_diff 0.24446750815619733 -11.295625904744561 -5.311301228212477 3
active_diff -6.108585921480843 5.150385725567986 -11.412573341674676 3
active_diff -5.971427571808489 10.74568208901956 7.297591294232346 3
active_diff 1.3703842394468362 14.380543337579109 -0.990601567717248 3
active_diff -8.509598009538468 -8.159815276348143 7.027934326123241 3
active_diff -1.0432186443975078 14.919497386063295 -2.010192020519058 3
active_diff 2.155118116930411 2.884069476764912 -14.691704476336907 3
active_diff 5.218804974476481 7.616526310400424 10.771577834371215 3
active_diff 13.243904694980204 2.1760682616876705 -0.3583616277522751 3
active_diff -8.110443594533066 -9.376079591149118 -3.8070553419799973 3
active_diff -0.8995867114135159 11.189676689121635 -7.3438681223032924 3
active_diff -11.762623533083799 0.9667691325371505 6.22414377601285 3
active_diff 3.220707586119165 13.91480661977039 6.948879806822667 3
active_diff -4.2935864236406065 11.306411331328164 8.367418311450555 3
active_diff 0.16151468656419743 -9.792368463625133 -6.7329239804866345 3
active_diff -11.365696161038747 -2.795334377860919 -4.5388406036983735 3
active_diff 9.449581610661616 1.8260361432557695 9.875152638617658 3
active_diff -4.0097200629214145 10.088130517955044 11.185639121372883 3
active_diff -7.687053276736434 11.723679460301005 2.705787230405466 3
active_diff -4.077356761928896 -7.446423414507267 10.97397055671333 3
active_diff 10.058048696060894 6.091075467341453 -4.12101965224077 3
active_diff 11.901946661653604 3.7072907858682758 1.7541736391389646 3
active_diff -4.21185413575596 8.727935833020378 -11.096444912436914 3
active_diff 5.437346823691343 -7.104791752066734 10.947634022411334 3
active_diff -2.8127047385292387 6.965172925735898 -12.124584576091273 3
active_diff -6.895719105916392 -8.803092874223942 8.544253232489652 3
active_diff -10.429412833819338 -6.498041908975093 -2.5433635346524524 3
active_diff 3.7615872629415312 11.566863923431104 8.32696046329551 3
active_diff -7.273700347296163 -7.671468963168458 10.16119122154394 3
active_diff -2.3304514965754137 -11.215760963697672 2.2528398547910067 3
active_diff 1.2504484162790723 0.4223520389985564 -14.73059937853304 3
active_diff 3.6227352909876416 -2.4087994560263537 -11.922633379029374 3
active_diff 7.551291414121578 9.79382053099499 -5.820864970469826 3
active_diff 2.5999211095216537 0.8020359757921618 15.326841758846381 3
active_diff -6.115586194359591 9.961775620840246 10.78966903989714 3
active_diff -6.270376533555313 0.28466394915814963 13.62004893977119 3
active_diff 0.6123072333940961 -8.942821149226486 -8.90209382391331 3
active_diff 5.14090148114952 -11.75813730250284 -5.620932886112068 3
active_diff -0.6135446350383744 -6.611623343633161 13.984113012466892 3
active_diff -11.690939550590342 1.559499369058602 10.079203319235406 3
active_diff -2.4135681942886924 12.10991868730208 3.439910027137782 3
active_diff -0.4322305921407448 6.551033042271917 15.029606619477416 3
active_diff 10.028678488454636 3.9494600354863842 -4.573708411094605 3
active_diff -5.250310045314947 -8.10206745163243 -6.898799555465123 3
active_diff 4.2705351222563905 -2.112538247031348 16.7854940676888 3
active_diff -8.419092517999447 9.46414689747248 -6.904568207333111 3
active_diff 6.6845362093386544 -10.769017116130431 -3.395172552976943 3
active_diff -4.094050922626388 5.528868783089913 -11.415823750638703 3
active_diff -0.6941188004793509 8.913118119147704 -10.372632698958387 3
active_diff -4.073796376570326 -1.0355423204422618 15.913830638832655 3
active_diff -11.010548127472159 5.702531028069258 -7.670312021697326 3
active_diff 7.238475483599279 2.5120639633427975 13.246023136414252 3
active_diff -3.813490094237533 12.152529333858983 1.8078275798893793 3
active_diff -11.780747390386583 -3.7418038517023664 0.7819635713791206 3
active_diff -12.406667615930672 -1.3678264796907051 5.0102544688837485 3
active_diff -10.73016758608235 -3.37081537543736 -7.168572579786714 3
active_diff 2.6866479209366734 -10.396120254811745 -7.011261521636831 3
active_diff -6.675350379299732 2.639920078322701 11.736990860823223 3
active_diff -10.406162382028027 4.6036018330261905 8.361946423146168 3
active_diff 9.773082184783824 5.453348785069361 10.259238195857874 3
active_diff -8.325276521475491 8.16199365114352 7.327545496710482 3
active_diff 3.437415118556474 7.642613761602262 12.735631029161832 3
active_diff 4.242956649269167 6.311006844799061 -10.996291628169883 3
active_diff -10.83250495025471 -7.175841557588165 1.8908160024148102 3
active_diff 5.027161600057701 -8.824666282896672 -8.163815901799987 3
active_diff 8.983144689956333 5.428079584524575 -8.03823806111503 3
active_diff 0.46575960091827295 -9.16057611730753 11.19504111293878 3
active_diff -10.27981838747323 -4.386837560583752 -2.313774438043197 3
active_diff 7.074975733636072 11.144897522171789 -1.501104041668701 3
active_diff -10.972939192367102 6.728246654950267 -5.917722636990272 3
active_diff -6.974550799425562 3.483147077069572 -12.449630530406576 3
active_diff 1.8850504982600382 9.444536316255974 13.186999010496342 3
active_diff -4.842527463395279 -3.041098554465665 14.833181685888938 3
active_diff 8.232991121028622 0.9523432057630676 -10.381769574891798 3
active_diff 0.11178632012222645 12.621531089720667 -6.30806189333905 3
active_diff 9.020041720524612 2.96988800481584 7.548333732014927 3
active_diff -2.901317146229466 -9.817558626988648 -7.337223776170048 3
active_diff 8.699963148424423 9.129515943379108 -4.262740956710238 3
active_diff -4.168720794193513 11.440897155811523 6.133773239938176 3
active_diff -7.306217885052968 9.429589233216674 4.017298645627143 3
active_diff -4.435676952376734 -6.631072823523878 -11.066794537856888 3
active_diff 1.8243357811823313 -11.254567759888472 5.447573099890193 3
active_diff -10.37441132422471 5.099339156400086 -1.1013957351234316 3
active_diff -0.26687206829790244 -10.04241924002842 9.023211720365481 3
active_diff -5.102223373982824 -10.178182941933668 -2.1894832771683754 3
active_diff 0.4514370514469371 7.122574153896056 -12.127187284938945 3
active_diff -2.0995714302294086 -7.954705942476711 -9.647364559479248 3
active_diff -11.341406578576073 4.342647440818414 3.614352839006729 3
active_diff 10.815056237115868 -5.408196576806072 -0.7065640257659069 3
active_diff -11.15958054546393 -4.370771838200204 7.140140975545396 3
active_diff 4.411989910061667 4.878754537691379 11.75001403026434 3
active_diff -3.615993811814145 14.552967294212591 -1.3433982056394005 3
active_diff 1.5301297654149308 14.036876417031046 2.1440717358429326 3
active_diff -7.357321590323362 -0.8620735470368868 -12.26891125889798 3
active_diff -11.199608533698841 6.278673739321292 -3.498712558709361 3
active_diff -4.7427082569908965 10.70663611166513 -9.040833456895957 3
active_diff 5.19177544423523 10.05293218172899 -2.34764506650873 3
active_diff -11.429574178845531 7.723403537311163 0.6239320506126413 3
active_diff -12.221079331801299 -4.177299353480093 4.505095453109254 3
active_diff -7.047535110955071 -5.07215678913829 -11.456219930432695 3
active_diff -4.048845592410318 3.5238326157652313 14.278108090520217 3
active_diff -3.0598918869464735 -9.393815343441313 11.07688670967591 3
active_diff -8.592100515418153 4.096654129635048 12.607853903402779 3
active_diff -12.131182788721587 0.20748474759134347 -4.723494023207332 3
active_diff 1.1242659638210903 -4.546147947147576 -13.51771658477514 3
active_diff 5.284424189572273 8.10920187695263 -10.818666456126772 3
active_diff 0.09296718873484344 -12.24949003934013 3.3390411886074736 3
active_diff -5.891964927387901 3.7035871300055696 13.327053726930904 3
active_diff -0.08236048843939087 -13.116235759948008 1.5212851646847534 3
active_diff 8.203470806554108 11.451374304446526 -3.6923688038191025 3
active_diff 11.304875498678205 1.2066897029536132 -3.297948242938623 3
active_diff 11.860661193140768 1.0722190886407414 2.166811094216003 3
active_diff 10.554630659084784 -0.2069637941403445 -10.016355383318462 3
active_diff -11.919475078045833 -2.865334845186872 2.6303409155756414 3
active_diff -3.51012359806499 8.033591463137798 13.604465904467485 3
active_diff -0.9049624472736675 14.637310906141813 0.30959094060340653 3
active_diff 1.089743808696697 5.4202536750069275 15.718510917346798 3
active_diff -1.8858160612612953 3.5024453755791845 16.3740779464852 3
active_diff -11.943596172959648 0.44304345761043407 3.4346437448099048 3
active_diff 10.764011828275875 -2.0992059308138575 -6.077303642952748 3
active_diff -12.241477678031837 2.1568834915598276 -3.798526887010879 3
active_diff 5.972805521213123 9.039970141250642 -8.009995819592765 3
active_diff -4.748228411522041 11.658142087582672 -5.848550928562549 3
active_diff 1.960959256517103 10.701147395428103 9.460400225312895 3
active_diff 7.431011152145134 -8.823408826574324 5.090866805210327 3
active_diff -8.900763439694586 -3.650183552513215 -8.026926351275348 3
active_diff -1.224336863042054 13.747849598393884 2.131404409383181 3
active_diff -9.02967430441559 -6.24759207213094 7.812679623379465 3
active_diff 8.119402374647848 -7.395350118261129 6.89302483547122 3
active_diff -12.598289959573444 -1.0299573630662016 1.2953979972589926 3
active_diff 10.303802736628066 3.6789626285287507 -8.476093896215508 3
active_diff -6.420017215901748 -6.5468786753758295 -9.09714453923374 3
active_diff -7.383102406638727 9.938230465305853 6.011911348311514 3
active_diff -12.711239770848989 4.449074274640194 -1.028924457364781 3
active_diff -2.2225126156934927 5.833406422275704 16.172117578308747 3
active_diff 6.269375098148176 5.8723187866693705 -11.192274976826146 3
active_diff 5.716677100912087 -1.6858481662619076 12.442960294792272 3
active_diff -11.92791058345492 4.0982931705117345 5.81059386359985 3
active_diff 7.862568880419577 6.926437777178245 -7.294357715437269 3
active_diff 9.370945224308812 8.267016309513627 -6.852296565220847 3
active_diff -1.547325962465896 13.53994260976441 6.727299503989688 3
active_diff 7.404773913037407 -0.3393277062849345 12.424418181804114 3
active_diff 11.181836712320385 3.421378975846846 7.091941822909275 3
active_diff 0.8185694201564804 -3.5110595308789407 -9.53680858009813 3
active_diff 6.874723548588272 5.1726658771935154 -9.280437982260116 3
active_diff 1.5500449124068916 11.45993741280414 -8.192546237822206 3
active_diff -10.316704722310329 7.871419043925425 -2.200431922102988 3
active_diff -2.934239373986069 -11.258335126226749 -5.092113213816919 3
active_diff 0.2075283691874375 3.413308815075117 -14.725073808679022 3
active_diff -10.320629476456562 -5.949078894889204 6.1592616513188485 3
active_diff -7.93001355011001 7.836892142955725 12.485202384757365 3
active_diff -6.64962770468251 5.365221489117129 14.270801067646765 3
active_diff -5.187423099042934 -4.821428382121658 13.025470327124696 3
active_diff 11.751721411372017 -0.18854957255556481 -0.48151171796650194 3
active_diff -6.418304263476985 -9.145502297422594 4.929809830746776 3
active_diff -9.994279760270613 0.4970792443173666 9.772251765948761 3
active_diff 3.950551236879672 9.925547406226423 12.376731904706569 3
active_diff 4.782082261639346 11.510238580687798 -5.599820759397427 3
active_diff -4.236499128828936 14.226935840478024 4.425142780060652 3
active_diff 4.673224188538795 -3.2606747048654405 14.198301439489208 3
active_diff 10.934719887792259 -2.0109053105364936 1.4008553219536453 3
active_diff -0.060346479727118485 -6.401787435178822 -12.240794996804171 3
active_diff -0.18256738251745075 -7.383158301333054 -10.35074343179928 3
active_diff 5.606096249247389 13.034430303654002 6.619654257049729 3
active_diff 10.992970246868197 -5.622398223632596 -2.719555653222628 3
quiesc_diff 0.0 0.0 0.0 4
quiesc_diff -1.1391580747125503 0.5615324739033394 1.5449919616519665 4
quiesc_diff -1.2118480841052215 1.3967636327799486 -0.7618894770200363 4
quiesc_diff 0.18490565052519736 2.053559290746797 1.4010779966259255 4
quiesc_diff -0.734555312628341 2.8951313974876953 2.9651585336803494 4
quiesc_diff 0.1789442200018201 0.6884551595083207 3.0438238309913963 4
quiesc_diff -0.55909759406711 1.2510854160834535 -2.646748796686927 4
quiesc_diff 1.891440180019228 2.884800965175141 2.030980511574192 4
quiesc_diff -2.2754628552696334 -0.5310996674477362 0.3141522282302338 4
quiesc_diff 0.07946404188341383 4.2765964575344535 1.7697812801113044 4
quiesc_diff -1.609437581533465 3.3347580997717596 -1.055317555846658 4
quiesc_diff -0.45778014726994665 1.467230558148932 4.772433375855281 4
quiesc_diff -0.31725473006314747 -0.6746683840630505 -3.129433300635065 4
quiesc_diff 1.7562459953899363 4.050797069807778 3.6502938278981016 4
quiesc_diff -2.016388712696104 -1.0663329936185826 2.3069108729756067 4
quiesc_diff -1.7817737620999292 4.522886498572343 3.4688914490027756 4
quiesc_diff 2.4743565872631272 1.2282795943859535 -2.498488750741509 4
quiesc_diff 1.599199604507297 5.536168188940019 1.4474726188248672 4
quiesc_diff 1.048808167834642 0.2974358570764206 5.373908234958295 4
quiesc_diff -0.10002147780924053 -1.1350118206339657 3.816576256918069 4
quiesc_diff -2.251340501028496 -0.8118755502154681 -2.639039148849182 4
quiesc_diff -0.6509096196226716 1.3895355299839385 -4.639837384262584 4
quiesc_diff -2.816095574639067 1.4009946555701127 -1.95619768161465 4
quiesc_diff 1.240027244615692 3.200179081719212 0.14729114207914518 4
quiesc_diff -2.189898569773091 2.87212534953003 0.8018404825377037 4
quiesc_diff -4.071294926760959 -1.02460022662425 1.04315453899176 4
quiesc_diff 3.1585076029595673 2.6327340725372705 -3.747266155454712 4
quiesc_diff 1.6290477518047117 0.37724279149744466 7.286224338120259 4
quiesc_diff 2.018107398651663 1.2684075541732829 3.5740445607077875 4
quiesc_diff -3.571198437456452 -2.2792288667114624 -0.43190833317953103 4
quiesc_diff 2.631935843371809 1.6400804778415485 0.6517281485281663 4
quiesc_diff -3.390607121100269 1.2038322116393845 -3.861732633717607 4
quiesc_diff -1.043475572181456 -1.3386684068364136 -1.0578873412602314 4
quiesc_diff -3.1983310700651826 0.9191302565596686 1.3364767489346685 4
quiesc_diff -2.000977575349234 0.8710122697667896 3.323049723445619 4
quiesc_diff 0.10045109874645686 4.6344527073351465 4.608254869398188 4
quiesc_diff 0.4773550818330775 2.9559124015932583 -2.785784044364962 4
quiesc_diff -0.3167290726491388 -0.5491339172417478 -5.125489617807547 4
quiesc_diff 2.5477218757201916 4.64603979260294 -0.29927526564009715 4
quiesc_diff -1.6299745431342418 -2.730733414737653 3.346360404093149 4
quiesc_diff -1.8030404897681602 -2.671687535417863 -3.222242783612812 4
quiesc_diff 0.49826408311102255 6.668947205352742 2.674156228278804 4
quiesc_diff -2.0174803746795518 2.770406628733917 4.494389391732923 4
quiesc_diff -1.4559679960760523 4.920730689261122 0.6618374420375799 4
quiesc_diff -3.586499812294285 3.9427845069513268 1.7522056428935397 4
quiesc_diff -3.4260247182865076 4.125093533132397 -0.7807614097525724 4
quiesc_diff -1.7893500760949816 4.58695969394555 5.467850484376166 4
quiesc_diff -1.585976823455197 0.13300723419357263 5.745583097973139 4
quiesc_diff 1.3233890743139134 1.513498020112 -4.345256379848613 4
quiesc_diff 0.8804809329813539 -4.394915675262061 -0.9513307148917919 4
quiesc_diff -0.3173486900215766 -2.1815156965617577 5.507019548040288 4
quiesc_diff 3.4951792101009644 6.080602998275774 1.7773999950100228 4
quiesc_diff -5.229877391909461 1.6263012826615562 -3.1994602162433905 4
quiesc_diff -1.898942983112233 -2.7336157204005995 -5.218982028400457 4
quiesc_diff 2.7159597193534144 3.5753263881334707 -2.039732525538537 4
quiesc_diff 1.408320971004238 -4.431551128785677 -2.8800719463184237 4
quiesc_diff 0.25764384830028375 0.9384899389976391 -6.363521946697658 4
quiesc_diff -1.5794692104358106 -3.706259732075141 5.793737908309848 4
quiesc_diff -0.3898826393360198 1.784030755989808 6.746015794469802 4
quiesc_diff 1.932145194647743 -0.718046531073588 3.7899395969842296 4
quiesc_diff -3.955671915258351 2.313427500919398 0.04692246955109913 4
quiesc_diff -3.622520889946801 6.054148525787275 -0.290724584772921 4
quiesc_diff -1.779591804931138 6.834514797615936 0.17944961367673257 4
quiesc_diff -3.4371344366455636 5.336178868675 4.242413625737628 4
quiesc_diff 1.8917202980000467 -1.3381717823524837 6.157672734448943 4
quiesc_diff -3.8650176504012417 -1.4156879282412995 2.993667316417612 4
quiesc_diff -3.2072128889427236 -1.0354977017548328 5.666907595898246 4
quiesc_diff -3.0228820281000335 -4.110611394203268 2.9517143600078644 4
quiesc_diff -3.863028500594335 0.016049961464472684 -0.7722466880827359 4
quiesc_diff -2.6985972458957073 3.236785691979362 -2.74109602750536 4
quiesc_diff 1.5207576786482961 2.522173172282173 -6.060954509304251 4
quiesc_diff 1.490026516911951 -1.281653259420557 8.394708432953175 4
quiesc_diff 4.651601116249045 -4.164162233385259 4.09088077314225 4
quiesc_diff -4.698406730399932 -3.7720940267081264 0.27573216763114194 4
quiesc_diff 0.8939293994550084 7.118151066673118 4.582470890072628 4
quiesc_diff -2.273740476382363 2.586295197124977 6.469340971145991 4
quiesc_diff 3.506910684753357 4.033226914281583 1.763823464590538 4
quiesc_diff 4.10344498244929 5.1912932998339105 -1.4317169762996298 4
quiesc_diff 3.3368123166836345 0.27631125947906876 -4.031435717901285 4
quiesc_diff 0.42221180005378767 4.920366662972069 -0.46273556548328676 4
quiesc_diff -1.582127430461056 5.183908163393292 -1.8168280271186443 4
quiesc_diff -3.902118523112587 2.079171845109168 2.8058258339953293 4
quiesc_diff -3.4858055959585985 -0.8641276039047951 -4.211732905524162 4
quiesc_diff 0.8234815787233031 5.058368135051837 6.424163081607226 4
quiesc_diff 4.564632901181079 1.1261751073544874 0.6758808485832115 4
quiesc_diff 3.6039948403960897 4.797514601433018 3.818332911869466 4
quiesc_diff -0.05999948359641716 4.776253084200597 -3.4163471817720956 4
quiesc_diff -3.247962378919444 4.361726328077445 6.817561594558209 4
quiesc_diff -3.4256446100406244 0.8904886495576793 4.726596840892654 4
quiesc_diff 0.2718991852919956 -2.585471969193415 -3.087872224197476 4
quiesc_diff -5.534503114262121 4.200890290887546 1.3798287641522846 4
quiesc_diff -0.9900579811849943 -3.3031017491769488 -1.4295702766674543 4
quiesc_diff -0.0819679932646308 -1.873081334947535 -6.606047104282287 4
quiesc_diff -4.242041941468336 -2.8640963843486436 -2.2229691863997614 4
quiesc_diff -6.02114228213822 -2.5893062696721363 -0.646972434055324 4
quiesc_diff 4.1145944510932395 3.4187214350579778 -0.49574404630758895 4
quiesc_diff -0.22153329873296257 -6.054446439027656 -1.1288758562353016 4
quiesc_diff -2.207190833681486 7.06298091297872 -2.096794710350697 4
quiesc_diff 1.174984973730187 2.6109814541252154 4.933405260353376 4
quiesc_diff 1.8516891852357935 4.03754641002908 -4.311826089853826 4
quiesc_diff -2.543053145550633 2.481799383349656 8.448368841371394 4
quiesc_diff -1.724973692404863 0.028090619554748647 7.737986765505127 4
quiesc_diff 1.5707120658037408 -0.7501269374027641 -6.518742789425433 4
quiesc_diff 2.649371822512058 3.9810768340954006 5.438439612128134 4
quiesc_diff -6.570974015636892 1.2232759752494093 -4.62740645031953 4
quiesc_diff 3.5984635851719116 2.3975374284765083 2.9521999968570842 4
quiesc_diff -2.6715877541936135 -4.063628893392333 -0.6588199374543117 4
quiesc_diff 1.4327081555365555 1.3244946789983159 9.036699880526749 4
quiesc_diff -2.9405992020208718 -1.832517723751209 -6.669145716417576 4
quiesc_diff -3.28179060998318 -1.6080868341596541 7.581739141746681 4
quiesc_diff -3.9372558524769685 3.1110804155309517 4.93981445370976 4
quiesc_diff 3.9360689829945583 8.021751363634543 1.971202037885766 4
quiesc_diff -3.780670264822057 5.933244855229282 1.7713220572634043 4
quiesc_diff -1.9574485343321144 -6.243116648692286 2.239231042618826 4
quiesc_diff 0.8882888137192877 3.030413172252308 7.647574782571043 4
quiesc_diff -5.036235855141655 0.550202002032492 2.0336122766511506 4
quiesc_diff 0.8564266501916558 -3.3278557196108247 -4.850595688015371 4
quiesc_diff 2.904215633891398 -2.7040211267341743 5.104435456695081 4
quiesc_diff 4.8328462609816825 3.5330969496684173 4.762352079064108 4
quiesc_diff -1.0276935658945987 -4.635686519557678 3.4380735050755415 4
quiesc_diff -3.640210010759706 6.21037998743401 6.029739201887286 4
quiesc_diff -4.758699506330353 -0.9696492068331688 -2.6727051980887397 4
quiesc_diff -1.2969763198680857 6.014936990947457 6.778746713459973 4
quiesc_diff -2.0481640384366537 2.662205432348258 -5.294047907504756 4
quiesc_diff 2.9361337206648783 1.192883987973053 5.349297743507156 4
quiesc_diff -3.791810412245024 -2.8778826728174236 4.356248407294593 4
quiesc_diff 5.46234373164603 3.9094418534285302 1.3626266826622098 4
quiesc_diff 0.07499864410959628 6.3563170842994445 -1.8108785148135889 4
quiesc_diff -0.9778049624577809 6.310575055624492 4.440989391664931 4
quiesc_diff -1.6958911572958393 6.27267476794059 2.116032781334824 4
quiesc_diff 5.887481890491326 1.271183354009933 -2.5692418383381037 4
quiesc_diff -5.8409987488071 -1.7992787870846003 1.5608624780832527 4
quiesc_diff -1.7347247985252818 -3.516718535572482 7.778673634522496 4
quiesc_diff 3.045573903815061 2.667399665308974 -7.346973461416277 4
quiesc_diff -3.1365999834819935 5.054808201082567 -3.4502841254462417 4
quiesc_diff 0.54149351222172 8.926559127400234 3.804364707545284 4
quiesc_diff -7.084480091719799 5.211089627268475 0.6201784037056585 4
quiesc_diff -1.800539102099036 0.428844126915751 -6.043022582692061 4
quiesc_diff -1.2415560539239603 8.700458373940341 -0.29885165185769413 4
quiesc_diff 0.34824505754748936 -2.615428762649567 7.3424226139294255 4
quiesc_diff 2.8881492700770273 5.297952966302102 -3.0411856851064885 4
quiesc_diff 6.370022738084485 0.7138326256835177 1.4312226352038904 4
quiesc_diff -3.9284239568463173 0.5703361171084477 6.635710584070882 4
quiesc_diff -2.991860415176643 -4.8726805518237 4.800575701086561 4
quiesc_diff 0.028192328090603708 4.79238627296424 -5.414336652357884 4
quiesc_diff -5.772436990894494 -0.09356281646649268 -0.18731570404793318 4
quiesc_diff -4.0997730421596605 1.750837297400225 -5.6499913209773 4
quiesc_diff -5.147664024525842 3.2165639915979787 -1.2810456364848917 4
quiesc_diff 5.704009605666603 4.174557908948048 -2.0676745470741182 4
quiesc_diff -5.471458513739528 1.8986219877943533 4.03243650688328 4
quiesc_diff -4.542265738576424 5.930086259856855 -2.0623560271422083 4
quiesc_diff -2.7271033571813996 -4.354009757074806 -2.6601931776283676 4
quiesc_diff 0.842725205889183 5.3686502570553705 8.399854020893653 4
quiesc_diff 2.185724373257185 6.833660923775213 0.043014965959256246 4
quiesc_diff 3.471548219789012 -1.021851254749682 8.31676833161769 4
quiesc_diff 1.676014776848521 8.16751250565899 2.068181522437972 4
quiesc_diff -3.3186900739513283 4.335328483091726 8.81613627340701 4
quiesc_diff 3.3317053970288173 0.3369322292464224 -6.030510258131365 4
quiesc_diff -2.794689763805379 -2.7371014562594693 1.406930296020756 4
quiesc_diff 0.22067157858417633 1.1155888597080714 -8.355322394422087 4
quiesc_diff -6.328486835095896 1.603694881872899 -1.215389525329367 4
quiesc_diff -1.915235107410881 -4.070245127277194 9.692053978484926 4
quiesc_diff 5.675542819960686 3.023682184914642 -3.703117823358 4
quiesc_diff 0.525744091505567 3.679024001620614 9.504417618252386 4
quiesc_diff -3.3696527747287672 -5.605982422684038 6.622536540198304 4
quiesc_diff -3.7318267165048864 -3.4824229989219555 -5.501514999039371 4
quiesc_diff -0.9220234731452208 8.115623309233225 2.04769917631721 4
quiesc_diff -0.9923722131562684 3.7346947337920424 7.4887888011892025 4
quiesc_diff -5.151236159554421 -1.2474849095530245 5.2475808175378305 4
quiesc_diff -4.2886276611080305 0.9040298039681998 8.574499333467289 4
quiesc_diff -0.696349318715211 1.8041787723921252 8.80963783195452 4
quiesc_diff -0.08073778463112287 4.2736792357045505 -7.342827575343965 4
quiesc_diff -4.1604051368412325 3.07382042066152 -4.096293433905512 4
quiesc_diff -0.8432183377932982 8.011669466891533 5.484140504599899 4
quiesc_diff -5.5984744702977025 5.167374293475695 3.1296334213492414 4
quiesc_diff 2.7302361748300465 -1.738318563201983 10.030574343953354 4
quiesc_diff -4.013500278307555 7.112318518139445 3.526082443835304 4
quiesc_diff -0.03751405871976335 0.22622255749405784 -10.12799488452739 4
quiesc_diff 1.3503832054531855 7.890976748163635 -1.9458375337588556 4
quiesc_diff 2.2942062870523303 4.606223853062879 -6.1775121782364435 4
quiesc_diff 5.422847185031818 1.7410203777168152 3.4427199685442744 4
quiesc_diff -4.825060144873541 -1.0340595182404204 -5.687375273342619 4
quiesc_diff -4.611331997505047 7.707883624008213 0.2453843766161014 4
quiesc_diff 7.079582825666858 2.2710186430415726 -1.312569743016241 4
quiesc_diff 3.398936778574707 -4.603875929915601 -1.3759201501214384 4
quiesc_diff 2.489605041045883 8.775385601535568 4.230988706331131 4
quiesc_diff -5.5764726388824375 -2.31718883665163 3.5018188042026797 4
quiesc_diff 0.5351767057471128 -1.7665191123474284 -8.505461991345204 4
quiesc_diff -1.0502703364588453 -4.741793033505407 -3.6789449389202056 4
quiesc_diff -1.7368566892053197 0.46646187893107693 -8.041654478520142 4
quiesc_diff 0.09356724873589917 -0.22179021014103184 9.357304832851447 4
quiesc_diff -6.649728814635929 -2.8069503994878775 -2.5331086974040926 4
quiesc_diff 0.000811333380111301 7.170528450361966 8.189102964519227 4
quiesc_diff 5.276011811102652 5.862990102421632 2.6613003710522207 4
quiesc_diff 4.421556928604628 -5.654417988878172 2.7770248240552635 4
quiesc_diff 4.87283700265271 3.51448610628989 6.761865614174421 4
quiesc_diff 1.7324294107358729 -6.193368204559876 -3.769428067793491 4
quiesc_diff 1.8484340112071285 9.630790218498717 0.715743005266219 4
quiesc_diff -1.2038090588965638 6.170820423330604 -4.280570296530982 4
quiesc_diff -4.394303732101497 1.9890232273638695 -7.6137935349107035 4
quiesc_diff 5.688029184024772 6.328493673806862 -0.989146962004523 4
quiesc_diff -6.472597986932987 -0.8466469960610132 -3.6961417883732297 4
quiesc_diff 4.276334888990976 2.422930429287687 -8.904363004853622 4
quiesc_diff 6.0631891068651935 -1.6727623152280098 -0.7576217591322157 4
quiesc_diff 3.757563297079579 -0.6212419445457715 6.2258013660830605 4
quiesc_diff 0.3996052938799396 -7.526338275902995 -2.332088750658647 4
quiesc_diff -0.1832756738220449 -4.872588542844948 6.624593319007903 4
quiesc_diff -7.296450434775661 -1.1007763103215393 2.741436355384941 4
quiesc_diff 2.727987285838691 2.580398138493657 6.863893504968354 4
quiesc_diff 5.872658059493775 8.365038971182317 2.334212185523595 4
quiesc_diff -2.6784403335453666 2.9616983232412233 -7.168362662322796 4
quiesc_diff 0.1920760919164879 6.920007558729226 0.5038208398014997 4
quiesc_diff -4.414311994644318 5.353565956290122 -4.959653470648028 4
quiesc_diff 0.21871781465583362 -4.8897319858439605 -5.9247790848602415 4
quiesc_diff -2.6811738548496202 -5.990261698333073 -1.195470793784934 4
quiesc_diff -4.972459512830414 2.8424895673290034 6.62984768943413 4
quiesc_diff 2.6488240594067065 -2.961188419367068 7.071321352542143 4
quiesc_diff 7.579204836427607 -0.3286396316697653 2.635851310645114 4
quiesc_diff -5.777909188163538 2.2323899225153583 0.8672176799000788 4
quiesc_diff 4.274584475044893 2.3704114056011454 -5.386033751548727 4
quiesc_diff -5.218630799755632 4.9851996620444625 5.943015599887361 4
quiesc_diff 1.818925692553305 0.6403447655563819 10.875932032822405 4
quiesc_diff -4.151745906486901 -3.408947593410362 7.572889967995043 4
quiesc_diff -0.02198742065517445 -0.6340140424794677 6.784783937837886 4
quiesc_diff 3.5465566165277047 -1.4167900346965676 -6.967685361530145 4
quiesc_diff -7.413649696716048 -0.5574936373691952 -1.231915650279235 4
quiesc_diff 1.8063568386576219 -6.167631629476901 -0.9665607168720336 4
quiesc_diff -6.430735283294808 6.187160376699149 -1.4560593364693242 4
quiesc_diff -5.977951970509428 -4.312264533106997 1.7148220892586676 4
quiesc_diff -3.210042981524568 7.850045272471974 1.78746714985445 4
quiesc_diff -1.1214136568261162 8.588486918399616 -2.799588669946799 4
quiesc_diff 1.999049799851718 -2.6980381802773703 -6.3698516363190425 4
quiesc_diff 3.685720769546606 7.343313347559081 -1.1777492283264293 4
quiesc_diff 1.015569096908267 -4.250167878439218 8.281734409766404 4
quiesc_diff 3.040386651818144 6.647540617565882 4.327989217039381 4
quiesc_diff -6.816631066432417 1.3456426212199393 2.477984995165251 4
quiesc_diff 2.0077273811834866 6.905108068105925 6.229913373638919 4
quiesc_diff 4.363005792719647 5.457743682756677 -4.382552586648886 4
quiesc_diff 4.815045579742975 -3.8454508935575014 -5.191586299335621 4
quiesc_diff -2.2194133128155724 10.299851118844371 -0.995800738076575 4
quiesc_diff -5.437338243328231 -3.824435210274947 4.985753332583759 4
quiesc_diff -3.497147545902794 -1.3173306445101463 -8.519777017975333 4
quiesc_diff 4.784371146122255 1.5178786837945841 6.0409601371838395 4
quiesc_diff -1.2226927981494993 -6.187971116692719 4.68402207099522 4
quiesc_diff -4.628735911709236 -4.826323042225668 -2.211379687010499 4
quiesc_diff 5.580349437677077 -0.6457792448399711 5.161045251821541 4
quiesc_diff -2.406352479600596 0.16304268456410778 9.613489601682502 4
quiesc_diff 2.569586415959952 -6.302077537557377 6.445670420595903 4
quiesc_diff -2.340782919861701 5.1132575699703455 10.377713659823872 4
quiesc_diff 7.247353798761811 4.058567853155035 2.2522898191924834 4
quiesc_diff -6.156979230573408 3.3975817626970097 -3.1442547655043414 4
quiesc_diff -6.625079764855051 1.7010939903550337 5.654207359748218 4
quiesc_diff -6.788352498683038 2.918642066990417 -5.665905564466181 4
quiesc_diff 2.5179821423357858 4.582364693803874 7.37394651157275 4
quiesc_diff 4.98344431378269 -0.4332956045977836 -4.917472491734398 4
quiesc_diff -2.347405222040274 6.20499080214676 8.47004168191756 4
quiesc_diff -3.477111372022849 -5.247536385895573 1.3702349050717906 4
quiesc_diff -7.804218076542468 4.57499183752807 -1.1340612706520887 4
quiesc_diff -1.0690347970158933 9.716122738124348 -4.450556238713282 4
quiesc_diff -7.112237058507528 -4.525714214466545 -3.4452145425069443 4
quiesc_diff -0.1516527963753918 -2.8682698536654603 9.262363633423824 4
quiesc_diff -8.844517561344167 2.866995891032822 -1.111108521859844 4
quiesc_diff 3.382557472205944 8.65223374360392 -2.6592415205653586 4
quiesc_diff 5.012758467473113 7.185530675197374 -5.152340590194957 4
quiesc_diff 1.4412287579940735 10.68508221574399 4.117530853986599 4
quiesc_diff -3.8606218798087784 7.147768922982305 -3.4950494981010407 4
quiesc_diff 4.890383096230241 5.837909477152835 4.942069428063506 4
quiesc_diff 1.6115890390704402 8.211746062328178 -3.902589577216259 4
quiesc_diff -4.681559326412534 -5.762890155143969 8.123962916396447 4
quiesc_diff 6.380531019425449 2.1298343059785205 7.079123888879207 4
quiesc_diff 5.537197328767023 0.9909841240854456 -9.504159376116105 4
quiesc_diff -6.939538912681455 3.248984673315076 4.178246519556543 4
quiesc_diff -5.865802503611971 3.314357700708365 -7.893400221540034 4
quiesc_diff -1.0902912911021982 -2.9852190830347207 -7.927574158987387 4
quiesc_diff -3.8315031906203956 4.398212596882162 -7.947383065945075 4
quiesc_diff -7.250934810012018 -3.408619409918395 3.43142177873575 4
quiesc_diff 3.6474620238779 4.884104447388612 -7.623707630464759 4
quiesc_diff -0.3656421689911524 2.535478161763298 -9.636006024095433 4
quiesc_diff 6.24479049536797 -4.199262461884367 2.882362847655844 4
quiesc_diff 4.282111569747662 8.670837172824267 5.111891635498413 4
quiesc_diff -3.340449485708132 -5.791305271425903 -3.908387125317382 4
quiesc_diff -2.114290454051705 -4.481627158647939 -6.16665363740668 4
quiesc_diff 0.3862253838169807 6.585164619074193 -6.2253595452077075 4
quiesc_diff 1.5485467470701704 -7.293772354058682 0.6660265013537159 4
quiesc_diff -5.219775902137134 -5.854033304705853 0.5986898169821875 4
quiesc_diff -6.2563555945447105 8.750595082855078 -0.20920354532214075 4
quiesc_diff -7.491613010731057 -0.16978622121534764 0.8318132403881509 4
quiesc_diff 2.6938147844738456 -7.932726666692944 -3.9938613615998846 4
quiesc_diff -3.068210863511707 8.495424786089082 4.61853151534086 4
quiesc_diff 1.925731644899653 -7.7588157272637535 5.235974227151499 4
quiesc_diff 7.25581600516631 3.69181697274741 4.218357514563881 4
quiesc_diff -0.23089532222972697 -7.246820830231825 -4.209411038027227 4
quiesc_diff -6.115595782357698 6.709317123381949 1.9655896687720273 4
quiesc_diff 6.451415166134054 7.6623247544677415 0.55341659333998 4
quiesc_diff 6.111421779530189 3.8839984981303814 -5.455220952120541 4
quiesc_diff -5.908696462296321 2.958707772026239 8.393353772029743 4
quiesc_diff -1.326226350574944 -8.066889291810478 2.7640280518962363 4
quiesc_diff -3.303643661573608 -7.326310657468026 -2.5473230484752944 4
quiesc_diff 3.4201796987652604 0.5692495617184773 -8.01500035761922 4
quiesc_diff -2.0652042417774905 4.633403981692377 -5.631813966388332 4
quiesc_diff -3.7639249657965133 3.368972275614828 10.50963016809765 4
quiesc_diff -7.717047323331206 3.8530143478326724 -7.170722617620932 4
quiesc_diff -5.985056172272967 7.101526004705451 -3.178065616457705 4
quiesc_diff 2.159069233740281 -3.830116871022839 -8.010824402314265 4
quiesc_diff -2.8455317852931374 10.23966562981374 -2.8943142000600566 4
quiesc_diff 0.11152741359836536 -4.837292335099449 -7.921215986179924 4
quiesc_diff -1.623326030905556 7.0099426143196775 10.151636729794793 4
quiesc_diff -7.937885985634198 -1.2364452988276633 4.630921565608226 4
quiesc_diff 0.8870406067307014 11.213351446322392 -0.04004974543892481 4
quiesc_diff -5.670458877334114 -6.002605042204472 -3.4487858125067223 4
quiesc_diff -3.58125000744758 8.514647445261064 -2.028782461155465 4
quiesc_diff 3.353832389201813 1.0731743156970892 8.021613533189175 4
quiesc_diff -1.1042601208374967 2.2206755863360437 10.722786854243823 4
quiesc_diff -4.283385315150747 3.6847101174981853 -6.125830000461647 4
quiesc_diff -3.6967239734353683 9.552927892558545 2.716623968868234 4
quiesc_diff -8.406640663859907 2.4633723493842097 2.0062332226552795 4
quiesc_diff 4.61536724381356 8.84378193504716 0.2792151548067845 4
quiesc_diff -7.394819401408275 -3.613765411041029 0.48820655873120256 4
quiesc_diff 0.8207019299407512 6.382759418965451 -4.218533205431215 4
quiesc_diff -5.097307283792371 -2.4221162591245577 -4.00525322163243 4
quiesc_diff 7.246469211890863 -2.8218326171504087 -4.55123981976136 4
quiesc_diff 2.1145232901389965 2.1324795236950176 -9.034280545757811 4
quiesc_diff -9.338956415960663 -0.8580088636848144 -0.7814884801573487 4
quiesc_diff 6.37423521168077 -1.3951507727594235 -5.9854309711728995 4
quiesc_diff -3.4869027354997937 0.15985090504922495 -7.084089507790185 4
quiesc_diff -4.096365442498739 6.070512372381482 10.337798130612923 4
quiesc_diff -1.2107057518449515 -5.3637536167038125 8.338910591342033 4
quiesc_diff 6.439788072021371 6.924104250874846 -2.7441702139310773 4
quiesc_diff 6.86371087880716 2.5632623262773993 0.8516695295517731 4
quiesc_diff 2.2737059870328333 -4.846142318951649 9.717668263383478 4
quiesc_diff -7.478822724422434 -1.3626430967510594 -5.345765927908342 4
quiesc_diff -1.1120807070387997 10.098324484749723 1.866662449517864 4
quiesc_diff 4.486691815662029 4.00290878378644 8.662480036583931 4
quiesc_diff 6.198018225665601 -6.397180151366058 2.2362017198698356 4
quiesc_diff -0.02845741786107292 -1.8669799177943631 -10.421766821290948 4
quiesc_diff 5.368186209417434 -0.28988482104849195 7.364263614451417 4
quiesc_diff -3.6924502079568566 -3.455670506946986 -7.563626072421469 4
quiesc_diff -2.6181024798299224 7.1031011583878225 -5.343879635597366 4
quiesc_diff -0.08599258624886598 -6.869799825815088 6.665618823867681 4
quiesc_diff 7.785728707232668 1.5921293802628622 -3.1111391265429993 4
quiesc_diff -4.728901867961267 -0.6616732260717675 9.738429161465273 4
quiesc_diff 1.737613678205089 5.519468647424841 10.182107772535788 4
quiesc_diff -5.467593063618995 -0.44572881398767883 7.409383975466256 4
quiesc_diff 3.412707988855118 -4.898199692285815 -6.153443486218858 4
quiesc_diff 6.765977138765534 4.765436294206719 -3.656097567707437 4
quiesc_diff -7.001035055351032 5.273012653192105 6.803363640951006 4
quiesc_diff 6.1202802058313885 1.6253345213442454 -5.5816550844920805 4
quiesc_diff 1.6829725186539812 4.031959241647618 -8.254363318230158 4
quiesc_diff 6.693012596769315 1.6172455568055994 4.982641921285423 4
quiesc_diff -6.651510365701517 4.889309005865829 -4.381262764013995 4
quiesc_diff -0.04922534590895333 9.932589576739076 -1.328511878249961 4
quiesc_diff -3.2664307983197722 -0.6678724155431691 11.216563331141915 4
quiesc_diff -7.258251054792607 4.096859080686439 2.3887244697735337 4
quiesc_diff -8.31160132387713 6.721827498488079 0.15991264780854875 4
quiesc_diff 0.4546422228306297 -3.8371777690675453 4.5575244648043185 4
quiesc_diff -2.1064646621966787 8.256535517456356 7.01523466929459 4
quiesc_diff 2.435858312247394 3.0532908910283876 8.96631934087625 4
quiesc_diff -1.9735357695293374 -7.7236431564238615 5.722263959341808 4
quiesc_diff -4.427520324795637 -5.52273761895199 3.133072516242968 4
quiesc_diff 4.076965125285574 5.822051934718329 7.192983522022716 4
quiesc_diff -4.058099244547294 -3.8724910540783837 9.51617526943163 4
quiesc_diff 7.030988077751065 -2.56840402112759 3.837508661231087 4
quiesc_diff 7.073808526675857 6.30521936580173 1.9047554298329354 4
quiesc_diff 4.461943160007455 -3.2791304161400503 7.853313688645728 4
quiesc_diff -6.242199736946997 -2.3906937720861414 6.4734976048560116 4
quiesc_diff -0.8218445152822814 -0.1786906643305019 11.134989768785836 4
quiesc_diff -2.6976351916246557 -1.811927419995336 9.48363594829759 4
quiesc_diff 1.6532000361379768 8.313449359217529 7.605007977426266 4
quiesc_diff -5.827509697553021 6.724216939010128 -5.312056841889351 4
quiesc_diff -4.381392282207705 6.578098541297007 7.85057195248139 4
quiesc_diff -6.593599426779586 -4.424352168396467 6.50336979236597 4
quiesc_diff -2.2790083396115763 1.0317872335718539 -9.881893275894562 4
quiesc_diff -0.45151493680965005 -0.27695764975286996 -12.018871123728607 4
quiesc_diff -8.386494774916965 2.5222122956753585 6.126628666418928 4
quiesc_diff 6.922196172766739 4.708950560223127 0.25374586043038083 4
quiesc_diff 1.9296877722335162 -2.461561630666424 11.71462948570637 4
quiesc_diff -3.1013558444672182 -6.781297069906106 4.213043797384755 4
quiesc_diff 0.9532052525580986 -0.33132343357980754 12.39461206184825 4
quiesc_diff -0.708557366847584 8.959902239954742 8.732184439305156 4
quiesc_diff 0.5867472835767664 -8.443182732599077 3.502695531451663 4
quiesc_diff 8.380078658720512 0.786858440614222 -0.9870254576403669 4
quiesc_diff 7.353831278549488 -1.410420765207923 5.680742765212928 4
quiesc_diff -8.321025843596427 2.181178267521769 -4.486900941833737 4
quiesc_diff -3.1212973914179982 -1.6620145724590523 -10.45366679021869 4
quiesc_diff 4.818413931858414 -0.011183196618788083 9.395889654697587 4
quiesc_diff 0.5301072810896639 3.7455333812608433 11.50330667595332 4
quiesc_diff -8.041251373254937 1.3843025158279796 -2.2245003351743824 4
quiesc_diff -5.395005631768088 -0.49667284066141926 -7.527586592927721 4
quiesc_diff -6.055697261953068 7.412214852366293 8.55835215452723 4
quiesc_diff 0.037678091615971604 1.7385212649092785 -11.434631314479555 4
quiesc_diff 8.820423178221805 2.9763830673271627 0.8270071972624954 4
quiesc_diff -6.331572283551058 -3.086316300288222 -5.43193756502759 4
quiesc_diff 3.527696345286687 1.6673540972936667 9.92338158211532 4
quiesc_diff 8.804154024864307 5.636083826519526 1.1576529690094663 4
quiesc_diff 7.837848489244523 5.9924175427004265 -1.6590955862648786 4
quiesc_diff -9.246085662132144 -3.507763865278027 3.52911238348247 4
quiesc_diff 1.058590304904779 8.932614570814408 5.736351829293758 4
quiesc_diff -1.2910197662164102 9.922950769896001 5.866864506313615 4
quiesc_diff 5.152141447671687 0.3271170444348557 -6.858710866478706 4
quiesc_diff -2.4693933939083337 5.87474270163346 12.222598409671816 4
quiesc_diff -1.2627127691460067 -4.163036956474264 -9.534750531049749 4
quiesc_diff 3.3479753119712936 9.054718596422786 -4.618019205103571 4
quiesc_diff -8.425449489530425 -3.6391341731965294 -1.225607330629023 4
quiesc_diff -6.392194480283139 -6.131892936886073 -0.9976274141541466 4
quiesc_diff -8.56320317664227 -1.8189863619116702 1.1949019516552577 4
quiesc_diff -4.199935870052669 2.021116115687536 -9.604067682037579 4
quiesc_diff -0.008222536857974916 -8.790095806101338 0.13265375609695623 4
quiesc_diff -7.567525629284333 -2.450597046335884 7.97013479430254 4
quiesc_diff -6.27389800037709 -0.031585865993235984 4.124540343186595 4
quiesc_diff -2.4654858616055706 -7.078782480497075 -5.164110459742451 4
quiesc_diff -2.1089663155820806 3.5587301113386123 -8.990244213594993 4
quiesc_diff 2.9604584174548902 2.2515922949824487 -10.842651610580866 4
quiesc_diff -5.52102193003542 8.691217209306584 -4.2994728110328175 4
quiesc_diff 0.5424469980691111 -6.470593420979442 8.521877947804974 4
quiesc_diff 7.434571675578329 -1.2876014405733818 7.67533455347035 4
quiesc_diff 0.21611079487336005 -5.035330508796294 9.938353275769753 4
quiesc_diff -3.530570558781218 9.49287173210584 0.6927602047112136 4
quiesc_diff -1.7193625991840025 5.282418529670019 -7.888129101053907 4
quiesc_diff -6.896935050010884 5.727285865510218 4.5440234504546275 4
quiesc_diff 8.495972002805264 3.6829790030475245 -1.3270487159442994 4
quiesc_diff -6.796214652065715 1.1454511030463768 7.567835806485644 4
quiesc_diff -5.165354488413076 -6.422159798706574 6.291916144063694 4
quiesc_diff 4.850531918249191 -3.794519202795521 -7.190622737886842 4
quiesc_diff 2.6675403891363434 -6.08681242823487 -7.578899557891733 4
quiesc_diff 9.58925347168964 2.2098123820558473 2.9925455010216058 4
quiesc_diff -9.490051506896487 0.14172406018580297 -2.8219758194698734 4
quiesc_diff -3.173421198858134 8.001314484760435 8.771569182028053 4
quiesc_diff 2.031296282216447 -9.234159268955105 0.6229973622176338 4
quiesc_diff 7.627385461985449 -0.8914832304259769 0.21340489049147282 4
quiesc_diff 2.2854024922038834 5.100975787064177 -9.833692844514749 4
quiesc_diff -0.5170780232040022 6.186386204443376 11.60007388245555 4
quiesc_diff -8.187110114986323 1.3542799728001207 3.9345949544997527 4
quiesc_diff 4.443618901502312 -8.127370377959423 -2.4566662565788837 4
quiesc_diff 0.869247316169485 7.604307956930355 9.937717925989574 4
quiesc_diff 3.0728958941588127 9.764759952148202 2.436877116752328 4
quiesc_diff -3.022950581649252 12.125820415642576 -1.1378006843638189 4
quiesc_diff -5.233241220066191 1.20923393253136 10.310746914931523 4
quiesc_diff 4.691442161652458 -7.205740576274438 4.112895321720086 4
quiesc_diff 7.996817582634746 1.1008748970966056 6.408634172535107 4
quiesc_diff -0.46365163868328174 -9.245092491663087 -2.880423880108193 4
quiesc_diff -8.22414303268628 -1.6431820698362007 -3.150594513663646 4
quiesc_diff -5.317475917270847 8.977205546438045 1.620223502411127 4
quiesc_diff -1.6936506326502558 -5.976463070456035 10.255288808416534 4
quiesc_diff -7.833291835303827 5.950040095009316 -5.597092568973996 4
quiesc_diff 7.190819951602661 -4.432434000908273 -3.107509744926385 4
quiesc_diff 7.224250856220272 -3.4459460067700007 7.051674583249021 4
quiesc_diff -3.5180645824369647 -5.439465792863613 -7.378839933366067 4
quiesc_diff 7.960121633770074 5.003507975108853 5.553805115872555 4
quiesc_diff -5.514381934513379 -2.1723802364864815 8.417593113861306 4
quiesc_diff -8.714785906816562 4.354373162680484 -2.9010342831167453 4
quiesc_diff 6.746152913533457 4.1501230750716855 7.056234671581832 4
quiesc_diff 6.402883547270857 10.068082535147298 3.2389240464765785 4
quiesc_diff 2.599291754725895 6.323834587164392 8.445645450463616 4
quiesc_diff -7.22374118727947 -0.6740924200871198 -8.317680613184098 4
quiesc_diff -6.588812652103324 2.0394916740357587 -9.25427234603025 4
quiesc_diff 3.993490585002723 -5.1981803043151045 8.166043143073592 4
quiesc_diff -6.843754591278911 -5.117220103651325 4.393553809048915 4
quiesc_diff 5.834867156627709 3.8305955103991094 10.129698965655736 4
quiesc_diff 2.524816880766452 6.899755844912308 -5.128866622334327 4
quiesc_diff -4.033027090405482 8.158928812327037 6.33780464895413 4
quiesc_diff -3.948264377812648 8.205258924620647 -6.351807005742489 4
quiesc_diff 3.5469381310309824 7.866238476812015 7.070781142681337 4
quiesc_diff 1.3233026890967017 1.7104558443861024 12.491240089327587 4
quiesc_diff -3.538870482294784 1.3596707623161421 -11.400194883946096 4
quiesc_diff 3.4047158856096433 10.511889471900167 4.614559365233202 4
quiesc_diff -5.69638493985301 4.985744473641439 -6.683272073439793 4
quiesc_diff 6.190025636615272 8.200141065229214 5.483790933351424 4
quiesc_diff -0.2480995562584558 -3.3159780551032396 12.761806633325776 4
quiesc_diff -4.000193029210453 6.227343619263476 -6.710372773722284 4
quiesc_diff 6.647726500333588 0.5654735049137614 8.641424049999456 4
quiesc_diff 0.9992555516352444 -6.725177052048868 -5.776784996819116 4
quiesc_diff -6.70340422558173 1.0299070135340742 -6.6136266506344645 4
quiesc_diff 7.9639412996687255 -1.245867682104393 -7.189818414090881 4
quiesc_diff 0.08640557508439065 -1.9586031372176074 11.027536337938852 4
quiesc_diff -8.892750927132752 3.489389086807028 3.821639530594332 4
quiesc_diff 3.568605795429503 -3.4772509044478115 10.553308207238702 4
quiesc_diff -2.684784838633378 -3.3696801815214243 -11.398830775401734 4
quiesc_diff -3.2199587532691245 8.79528261236143 -4.430597146059614 4
quiesc_diff -5.276749920246836 7.008315044337645 5.202069720983195 4
quiesc_diff -7.56283819955637 8.015605022956953 1.5193819712982275 4
quiesc_diff 0.052307530048626316 6.884762544918098 -8.174395191306765 4
quiesc_diff -4.943235738139123 -0.6732805682664275 -9.742081578862319 4
quiesc_diff -3.569808570462874 -2.641812942690208 11.080696879028595 4
quiesc_diff 5.063633470401209 5.485586133846577 -6.255610422163809 4
quiesc_diff 5.77112241878346 8.283630096176871 -1.4021083212859178 4
quiesc_diff -3.1057865135448126 1.4508271056755606 10.974519842677596 4
quiesc_diff 0.1110331700816965 -3.1651519965389117 -11.936788811178698 4
quiesc_diff -9.243736617794475 -0.706137594815909 2.970208743684064 4
quiesc_diff 2.4407916609463616 -1.933954620925072 -9.089068873576995 4
quiesc_diff -0.6347167807264907 11.235433086224102 -2.728439936954423 4
quiesc_diff -1.4554855871367942 0.0630744919838877 13.016491456601008 4
quiesc_diff 6.788604432602619 6.421625087888843 4.705358963732602 4
quiesc_diff -2.743296123373012 -1.706628074621635 12.843621041427818 4
quiesc_diff 2.430377063176422 3.0538645991663937 10.966311747553734 4
quiesc_diff -1.405498412491824 -6.266435007339912 -6.725290178521656 4
quiesc_diff -8.99431530109734 4.61777227724351 0.5977285667085271 4
quiesc_diff 5.69287208525202 6.493345834072862 8.161595517313598 4
quiesc_diff -5.17952952566276 8.698569197584698 3.878480764307646 4
quiesc_diff -3.952131691914857 -8.348943701727356 5.11784460150644 4
quiesc_diff 2.2512566200791433 6.350644713880262 -7.154830543177997 4
quiesc_diff -5.235765594551724 4.649671588983193 9.29154121668508 4
quiesc_diff 4.826301568165075 -6.2409885906449745 6.400705625022223 4
quiesc_diff 1.9394201126691868 9.732485969313537 -1.4340960850200475 4
quiesc_diff 3.407727220802554 0.10527012608779557 -9.96039698018862 4
quiesc_diff 1.74532483603149 10.203718841753483 -3.7835972134284184 4
quiesc_diff -9.520087306006051 2.565825159296584 -6.040702209052961 4
quiesc_diff 4.9953318081029074 10.19958593724881 1.6995751223848607 4
quiesc_diff 3.79484315823999 5.435789131564403 9.87417279639354 4
quiesc_diff 8.111882066040122 3.3190799675339715 -4.065741481276418 4
quiesc_diff -6.904565214757724 5.361967606341009 -8.232064047125379 4
quiesc_diff -2.3070540418213383 7.402736467309786 -7.296689803242869 4
quiesc_diff 10.691566160786605 2.2942232786953127 0.6440264289499342 4
quiesc_diff -5.706358631391138 -2.3652649056683233 10.398991723997721 4
quiesc_diff -6.281719368591641 -6.190262235454315 2.3319525437336965 4
quiesc_diff 0.8372331539883162 -8.902095083197153 -4.554619244421856 4
quiesc_diff 5.00818948502042 2.071856316599896 8.537110245678587 4
quiesc_diff -1.5250921585726402 -1.454146430146321 -9.138674789498422 4
quiesc_diff -7.750403307235876 1.7866262896424252 0.24232639337118322 4
quiesc_diff 8.653133144321743 -1.1232990964792378 -1.5130857501716464 4
quiesc_diff -5.039255809237136 10.799440957866015 0.8221652793923178 4
quiesc_diff 1.2908531973903685 3.429915635848496 -10.314213010066586 4
quiesc_diff -1.6128022560631687 9.648652553506306 3.875664433136654 4
quiesc_diff -4.503933493471304 3.3743265440139396 -11.045041998819281 4
quiesc_diff 2.7096429481786997 0.07492016474725072 13.26057554850417 4
quiesc_diff 0.30572457087849125 5.105819696639753 -9.229048812916668 4
quiesc_diff -4.787836185568624 8.444439347961435 9.86578333213655 4
quiesc_diff -2.4797412049855003 6.577217493748856 -9.209234705636577 4
