462
 Lattice="1.0 0.0 0.0 0.0 1.0 0.0 0.0 0.0 1.0"Properties=species:S:1:pos:R:3:Color:r:1
active_stem -5.948423244520014 -0.4734086068243337 -4.184959393432304 1
active_stem -7.025593994558796 -1.9974891052921384 -1.8823635866423336 1
active_stem -3.7560964839379265 -1.008992487268262 -7.708257065973002 1
active_stem -2.883612828413933 1.6597869565091612 -9.472628031507183 1
active_stem 6.220867451329692 -0.418956534484035 -0.25813050708899465 1
active_stem -7.257044277025732 -0.14264968810352507 -1.0178640041418867 1
active_stem -5.529484815963243 -3.2216917044184936 -4.5924416566818165 1
active_stem -6.10241659850434 3.7932017760787384 -6.028930155454495 1
active_stem 4.287593225433138 1.4245919005133798 -5.912898385113976 1
active_stem -8.019240746137116 4.229403644702153 -6.397051218233201 1
active_stem -4.109107088243907 4.907672471473271 -7.057774582678887 1
active_stem -4.611055168915621 3.359501677869887 -8.244826026726445 1
active_stem -1.1010965754633573 8.29622849654256 0.0204449603025314 1
active_stem -5.237272086284382 6.1311154396532395 2.0140711596949417 1
active_stem 7.5802440768167445 -1.8858433912985841 -0.23974194041926958 1
active_stem 3.8597449400396093 2.302457242076317 -7.658263185597933 1
active_stem -0.7309232794719371 3.03381055852526 -8.565339066772939 1
active_stem -6.847146307015466 -0.5257710879787363 5.9839150875345215 1
active_stem -3.7374194600624633 -4.162921180723794 -4.755133309919933 1
active_stem -9.063721760172712 0.006600749833590741 -1.862636623646849 1
active_stem -8.286914139568035 -1.8172543733593716 -3.423981870524241 1
active_stem -7.520182402009578 2.030786579037239 -2.5253296201077857 1
active_stem -6.949859396006545 -1.9126190359294821 -5.147143874314645 1
active_stem -2.4266902521039815 -1.9128380154342133 -8.89810677580004 1
active_stem -7.97922773143234 -5.15719601508089 -1.260670703027542 1
active_stem -5.800285308410454 1.5969580826461964 -8.089905120887403 1
active_stem -1.0651502206519812 1.4684383619226666 -10.282923940124137 1
active_stem -6.660357493794066 -4.774868584762247 -4.036772182172564 1
active_stem -6.818236194179059 -3.921625738768908 -5.952299087703461 1
active_stem 5.56473401969692 -0.015023305717499769 -6.4573425508611155 1
active_stem 7.071524941187968 4.366109355197885 -1.626758367587204 1
active_stem 7.670192770749589 1.0481736771492745 -0.04032315354380822 1
active_stem 9.128061127685132 -2.5700123698583166 -1.3056571273913014 1
active_stem -10.500106609686828 0.1705158448105245 -0.48063430609270896 1
active_stem 0.00439393279652045 4.341423393823582 -9.888009573855042 1
active_stem -7.805688866859388 -5.821562433873358 0.6177598983159314 1
active_stem -8.687248427470802 -1.0191809067162554 0.0712682701237215 1
active_stem -9.887483771262627 4.279859539524612 -5.684926087552119 1
active_stem -4.081813640056762 4.268302612826889 -9.945997465692082 1
active_stem -6.604860779047481 -0.5916027798662069 7.968093484574593 1
active_stem -6.655445140489786 5.711110175389473 -5.903284607969571 1
active_stem 7.353497356908528 -0.7040580872514974 -1.8816657243226893 1
active_stem -8.860652857986809 3.444171768375983 -2.9786300317666297 1
active_stem -7.823854218338794 0.18902584525084187 -3.9753424591330813 1
active_stem -6.238859098030604 0.788875622315584 -9.866040185673931 1
active_stem -8.930068386258606 -2.506882981480167 -1.5454731441216611 1
active_stem -8.766047287812604 -1.4169561529379866 -5.822258566853344 1
active_stem -9.858411644179672 -0.6180604796668299 -3.727839729283761 1
active_stem -1.7144824628996531 9.860508965395162 1.1052418850125296 1
active_stem -3.3179725599707086 7.964834552896913 2.4788508159013154 1
active_stem -8.421361747047388 -5.697753275836754 -3.8196365862790636 1
active_stem -1.5679404867138014 -3.385169127992019 -9.944428875077602 1
active_stem -1.9128009706200253 7.427150269307121 3.854560561474073 1
active_stem -4.175740164765087 5.850808084667308 6.807674129625862 1
active_stem -6.284058799123688 7.6192573852551995 2.8445355644487478 1
active_stem -4.965805202917066 5.79063270925457 -8.63462256482956 1
active_stem -4.851750718614027 -5.780592613773899 -5.131171846387286 1
active_stem 5.741004201002072 1.6490907555803695 -7.842588515834745 1
active_stem -1.1844870013192745 0.6693631769216086 -12.112469671035363 1
quiesc_stem -1.0012863060752715 1.0063615315513146 -1.4087803949089548 2
quiesc_stem -2.3643004450391265 1.0069131075168989 0.05484255952588746 2
quiesc_stem -2.5495355070389976 -0.3944165614495587 -1.3600649041197963 2
quiesc_stem -3.831304492696378 0.5998813268120188 3.5887486823135264 2
quiesc_stem -3.1196471632963894 1.9523454250884122 -5.60177128115656 2
quiesc_stem -4.316801130324811 1.5983959260494398 -2.727442761246874 2
quiesc_stem 1.1279155772235114 -1.1885870768723943 -3.557016130004113 2
quiesc_stem 2.838382244378177 1.2300514881683673 -0.05011964161855387 2
quiesc_stem -3.834377676344773 -2.264099313598839 -4.134589499038337 2
quiesc_stem -1.8445822112478198 3.5167244171030205 0.19340637773391156 2
quiesc_stem 4.7392731042997225 1.6881811533959494 -0.4705136811876133 2
quiesc_stem -3.855182829430953 2.8583430761109248 2.5091374355882934 2
quiesc_stem -1.0067739936008513 -0.37426588448782216 -2.855790354572923 2
quiesc_stem -1.556757336294425 1.2009030679906099 1.8742496120444687 2
quiesc_stem -3.2577066006197013 3.463925055508774 -3.6353023134704574 2
quiesc_stem -5.063561095009845 -2.8119986678867734 -2.4783259569401865 2
quiesc_stem -3.7271567686680958 -0.8606928780854456 2.2264431939711105 2
quiesc_stem -3.5921433887038305 -2.2123156898747016 -6.1191904680507685 2
quiesc_stem -6.058131689926931 0.6722527050118352 -2.3957401590233474 2
quiesc_stem -3.180048098797481 3.4957103985868208 4.280565106065521 2
quiesc_stem -1.0628194758041398 5.299181859216087 0.6535069021058806 2
quiesc_stem -3.464324739620362 1.8663252580760017 -7.569967892079003 2
quiesc_stem -4.254584873458057 3.986448113492583 -5.288542575204385 2
quiesc_stem -1.2201945372368057 2.987197534642598 2.7084423719620982 2
quiesc_stem 3.8266006952765426 0.6294254793041665 -4.136611175870732 2
quiesc_stem 1.9152447052076798 0.6392974298643366 -3.3596558648555597 2
quiesc_stem 0.1309140905557742 -1.3430651476977113 -6.677616989652174 2
quiesc_stem -1.6564635401583079 4.710511316984729 -3.5792208382451447 2
quiesc_stem -5.313787498726695 -1.436128103388389 -1.0136908367712198 2
quiesc_stem -5.026731554752088 -1.095589554555087 5.3827520107488285 2
quiesc_stem -0.896089157288402 2.252459142921681 -6.731706006932612 2
quiesc_stem -4.124599911204234 4.5554180330574905 1.4857357419442079 2
quiesc_stem -4.966245756382215 1.5774077260848158 -6.272215430865793 2
quiesc_stem -6.425905595274504 -4.230131505057303 -2.113748504624079 2
quiesc_stem -1.7877321633799743 4.416756390353792 5.381987194564053 2
active_diff 1.0829004737404408 4.132534998530376 -2.753820164771331 3
active_diff -5.533615337373863 -3.234078436723317 0.6556135100689486 3
active_diff -6.639230061854617 3.3372944792872152 3.8946007398385327 3
active_diff 1.3608211577762612 -6.885851168808337 1.0167823144741681 3
active_diff 2.6060816584964837 -4.388053748517596 3.549775794035256 3
active_diff -1.6656408248990342 -4.352847424261536 -4.530977037889219 3
active_diff -7.4020240218939035 -2.8325197738957724 0.06586811761704647 3
active_diff -4.4980195169391095 -4.826776639982138 -1.7246988520118056 3
active_diff -7.9854584223939735 1.73667712911179 1.3885606944263422 3
active_diff 3.4381929034947816 4.303926934948058 0.9189630779288156 3
active_diff 3.7475143682289405 -2.7340889272016313 5.102064799629848 3
active_diff 4.660522558040853 -0.6807586120679665 7.495210722836462 3
active_diff -2.8143209937426583 -4.958517561865611 0.0832104670119449 3
active_diff -3.510619903676816 -3.64139003955013 4.188252346380937 3
active_diff -1.6372471218754066 -4.377676730967652 -6.530621332046833 3
active_diff -1.5406715120986725 -2.5544848234120763 6.66801047714015 3
active_diff 6.0918918078624005 1.6970800346449635 1.002694875902976 3
active_diff -3.413554405168868 -2.3944244163583353 5.959178187005895 3
active_diff -1.1495487467488719 -5.099935028603684 1.5090794280572446 3
active_diff -1.8238301042590341 1.1324505250759078 8.171139424921217 3
active_diff -8.861363456798784 -0.8322170728740149 2.149245644693754 3
active_diff 3.4071209598992285 -0.486341388735293 -6.170447501376131 3
active_diff 2.725258670228655 4.62678049526017 5.082138906541404 3
active_diff 5.91369991425978 3.407029672165228 -3.61648548231872 3
active_diff 2.869912557009928 -2.152873141250426 7.929895160986641 3
active_diff -5.989540617746337 4.500366451289375 0.7006312336436175 3
active_diff -2.2770190955784217 6.684959220476368 -0.12452933635508057 3
active_diff 0.1898408002679427 -1.1944258553286424 -8.671215244980093 3
active_diff -2.0156977349227994 4.411203640324318 -7.656597315081895 3
active_diff 0.2791144754788223 6.4599027923475765 3.0674523472071993 3
active_diff 2.7586010035778616 -5.824668606817889 2.030818706402867 3
active_diff -5.842750640132991 4.993066844827506 4.684561754248164 3
active_diff -0.5660191066533792 2.8469316451773836 7.4414267206326326 3
active_diff -3.6922880062526904 5.311848994151168 4.943325152320454 3
active_diff -3.4476013937306806 5.533196691828141 -3.9183579248619114 3
active_diff 3.2611125984010756 -4.796597854718326 5.394776114104701 3
active_diff 3.814585395929167 -3.2562635257240085 -2.0202081056648002 3
active_diff 3.2317582857321083 -6.085547872352834 -0.92089400073956 3
active_diff 4.958543412947154 -2.9124850501082937 0.9023933161975617 3
active_diff 0.3000037918106673 -7.412075365658932 2.628537448083106 3
active_diff -6.161651573199458 1.6325201554829065 6.988316886257547 3
active_diff 3.069287102876464 -3.598708638369258 -5.480371926016423 3
active_diff 1.8006217748674973 -5.068256500699177 -5.960910546555364 3
active_diff -7.511212565604304 3.030143446769687 7.463010749112286 3
active_diff -1.6504519297977565 -5.542055933518544 3.39418555415433 3
active_diff 4.865006269294552 -3.6768503724484405 -3.6693662827844786 3
active_diff 0.8273648782111767 7.002555637288688 -0.3862794071057545 3
active_diff -1.625302383821446 6.360971483615934 -2.3105539432928635 3
active_diff 1.3282898706446398 7.412372301913953 4.478846276457654 3
active_diff 4.611610941173212 4.147824799758219 3.8319192412536207 3
active_diff 4.835863074708993 -3.835202143007157 6.368179636080955 3
active_diff -1.5492043664696484 6.646146385805824 2.0496144560719736 3
active_diff -7.686441560134428 5.1431846536724075 5.445001386942213 3
active_diff 1.683295090315617 1.2655784376226613 8.600684877345923 3
active_diff 5.0221130957509414 1.7279104385005228 4.981478249625044 3
active_diff 1.6130186553781651 -0.13725336027071722 -7.367873514088844 3
active_diff -3.24032196563512 6.062056974048092 3.0899219006611407 3
active_diff -3.216741832670543 3.3122662716580322 8.55924693920144 3
active_diff 4.071221968668188 6.037799243797116 5.526446109421351 3
active_diff 5.509802870732733 -3.7092697342169054 3.1480991233903133 3
active_diff -7.1870843357985486 5.163088645982766 -3.9945831064695523 3
active_diff 0.021955363835271968 -7.370152020426275 4.608671661924409 3
active_diff -1.1000991974242194 6.128179138509079 -7.1943479702866275 3
active_diff 6.092168585938515 3.157697348648711 -0.3695385968787146 3
active_diff -4.521984376090604 6.220515757468512 -5.458907732308151 3
active_diff 0.287796546079078 -3.5151572705115375 -7.56173317025552 3
active_diff -4.318966933448455 6.0991779508817565 -0.8537729188305424 3
active_diff -7.148527530684037 1.5167907323377932 -5.53370437896975 3
active_diff -8.483332444330491 5.044383800266491 -0.8239326984705622 3
active_diff -3.6702589475020213 -1.964387790133428 8.740832726071945 3
active_diff -0.5427655608686948 -5.512637546217492 -7.761057864527777 3
active_diff 6.567348407983939 1.8294753938211084 2.940841539669546 3
active_diff 4.759510471832531 -4.9014840444163355 0.8370565807965488 3
active_diff 5.161351550433852 -1.6465957438471648 -1.846054227378127 3
active_diff -5.868359684329244 -5.127640657484878 1.2054938045749102 3
active_diff 2.181691219495371 1.711231238030816 -9.199876352852602 3
active_diff 2.317782690333644 6.650610177482754 1.9008111678332 3
active_diff -7.56084544401549 -2.785949129284706 2.0590080853402837 3
active_diff 1.8695775119065994 3.710491727885904 -7.332442370100182 3
active_diff 3.624626319521624 4.828557294348259 -3.1693936114482337 3
active_diff 0.9164178853559446 -4.924759732795001 7.407479527172971 3
active_diff -1.3541631308781008 1.4609938482538847 10.087248038468571 3
active_diff 3.2930004720855384 -1.4362309678662495 -7.9267750054936235 3
active_diff -5.920919208578428 -3.019376365196469 4.986625399008864 3
active_diff -1.968411609381854 6.499743587854117 -5.340495365508383 3
active_diff -2.3795933152098225 -5.557301325402862 -2.9345361822048623 3
active_diff -8.011500244289744 -1.5461317233274903 3.812993940528105 3
active_diff 3.046044018187754 1.337710868917862 5.297481115011531 3
active_diff 1.0653477871116857 -2.746401669005972 8.664051341680128 3
active_diff -0.3320871138831582 4.77454899405831 6.962295027825922 3
active_diff -8.575360084726228 3.169490241086838 3.4221155314169662 3
active_diff 2.8542567819497644 -8.049150067433107 -0.9628348414321432 3
active_diff 2.7617263993537007 2.7063156866073386 -5.730376312797201 3
active_diff -0.5863878254092937 -1.5992525893427454 8.219366637720864 3
active_diff 0.43370584068883233 5.2879571189847505 -4.251667303828486 3
active_diff -7.114881081208248 -0.36728775141726994 -7.825943813928758 3
active_diff 2.5272880200952037 -5.09675452517926 -3.582668107319579 3
active_diff 2.843422183101173 -7.18095101143425 3.4982325561508976 3
active_diff -1.2066815897178842 -4.547702049091535 5.102205612870922 3
active_diff 3.491773898014748 -5.325311010855487 7.309784668494998 3
active_diff -0.8120787170132292 -6.118345098821115 -4.137976161164676 3
active_diff -3.6687429349944685 7.311135309514597 4.8953683090134845 3
active_diff 6.240090572602362 -0.5835914565225637 -4.238605524500816 3
active_diff 3.141535848468636 6.468805079091058 -1.0575212298944883 3
active_diff -0.41293245648146387 -7.31527408931726 -2.490761967762522 3
active_diff -3.979271171258758 1.2347291155182725 7.229914647697934 3
active_diff 4.89841645706736 -0.2131237702506052 9.425165164662594 3
active_diff -7.925577779777125 4.783815908871776 1.1146560061295323 3
active_diff 1.568669585742824 3.186623730938159 6.454533894948003 3
active_diff 7.90929141062731 3.311937060560558 -3.7090704424570076 3
active_diff -1.0992538154296563 6.476739630509227 5.556934179400709 3
active_diff -3.327281815800282 -3.9394194938862075 7.226280097168721 3
active_diff -1.8775189938678785 -6.62606409596761 -0.5013325764288478 3
active_diff -5.341787980316702 6.201813928596886 -2.748213707899854 3
active_diff 7.4172580103044385 1.512654290056377 -2.4519879146929244 3
active_diff -5.865627898404011 4.149731588232992 6.6730239381582175 3
active_diff 3.041851164526748 -7.956551332105372 1.1833334379172777 3
active_diff -9.41577716368806 3.102893054789623 1.0925161999206003 3
active_diff 5.2908114294564825 3.474364069691613 1.664681626659306 3
active_diff 7.423005830629817 -0.5362233813515314 4.094542360678933 3
active_diff -8.49688624843014 2.0071049210673233 -0.5920025125161945 3
active_diff -5.8612733438581195 -6.029803486123108 -0.8914729457566133 3
active_diff -1.8815736718107559 0.06233268444465334 -8.2077338595005 3
active_diff -3.699904760847468 -5.356469013329096 3.1769782210582442 3
active_diff -8.416498271949257 1.3609422490125374 5.075940580062032 3
active_diff -4.909531995240743 -3.449563104781002 -6.975756924126659 3
active_diff 6.8160741836841865 -1.0993405330431114 1.5281629844268783 3
active_diff 0.6279020471092778 -0.9316072784465116 -10.60487207587369 3
active_diff 5.555843516612783 3.0557730851343496 -5.722662678437629 3
active_diff 4.030935759919291 6.213590425424153 0.961872975392851 3
active_diff 1.5008447702527914 -0.7985175604194619 8.469686190863886 3
active_diff -4.07679808874268 7.790299747026461 -1.8937062442212516 3
active_diff -0.1178621361164155 8.414760770063422 3.2121584521478024 3
active_diff 5.009159396510377 -3.8588995371443437 8.360516660372081 3
active_diff -4.1601501713498426 -6.7240917012676995 -2.259525799285454 3
active_diff 4.640466062477065 -2.0167961661743643 -6.539998623903433 3
active_diff 0.05026487285704451 -6.113672016194005 -5.942509811532108 3
active_diff -10.583232827795754 -0.09924702224297233 2.8548806594856986 3
active_diff -4.050405805878189 2.7465813758667137 10.28696363427885 3
active_diff 5.036494739385219 1.7254290679856084 6.981425001697895 3
active_diff -8.50663550751548 0.9028025474965896 -6.867331475328477 3
active_diff 4.548629271280279 4.998482568544249 -0.5925009623113566 3
active_diff -0.18615909251940913 5.47307479911024 8.830654391614756 3
active_diff -8.692305367774207 3.398822569568476 5.405478958498856 3
active_diff -8.719177446389674 -1.0789152140180718 -8.785016035994442 3
active_diff 6.087591990420043 0.038202221062346275 6.292477104950313 3
active_diff 2.1572710390821372 4.283017110526471 -4.434023432919729 3
active_diff 4.049899292230448 -2.3511437361012772 9.532493075599383 3
active_diff -5.143082961916998 0.9153554263839834 8.824763406237006 3
active_diff -2.6133723282146 -5.961964609806629 -5.24690083327994 3
active_diff -9.830572397212796 0.9833286909125838 1.2211672937466724 3
active_diff 6.437091200723315 -2.951998950361112 -2.663618177844648 3
active_diff -2.391976626030931 -0.2613650656071276 -10.114225032030479 3
active_diff 0.4254551266409785 -0.5595928960702259 -12.559512846884592 3
active_diff -8.73659374803603 6.034565749952502 3.9949599656579875 3
active_diff 7.058556251034763 0.8412201871576772 -5.378792225555253 3
active_diff 1.9968716410878322 -7.011304631487359 -3.8132247279496405 3
active_diff 6.089217043704754 -5.254547810966523 -3.559008807679904 3
active_diff -7.801929472718982 -4.635872402452827 2.779884201254136 3
active_diff 2.3018117757141847 5.421098659843458 6.8681264151592805 3
active_diff -3.8826801575794674 7.485178522175363 -3.9401157566040905 3
active_diff -4.985662690385933 -2.73410220415171 7.147914717962886 3
active_diff -7.158439255673894 5.096798041989574 3.098002330418049 3
active_diff 4.2933949103793765 -5.434430525919991 3.7907522031158054 3
active_diff -3.8363292032680096 -5.309352870826019 5.242677993660979 3
active_diff -5.253675940645643 -3.6768895073965973 2.5857824896789268 3
active_diff -5.396935833665799 7.817562149002482 5.765357482065826 3
active_diff 1.1572519596218354 -7.421583100926749 6.254410548733004 3
active_diff 6.382899186830295 4.870525817945902 3.2486172704807292 3
active_diff -3.79876711887892 7.065802385471466 -7.120968897064311 3
active_diff 5.37745056299515 -1.949447251013874 5.955086159843247 3
active_diff 5.0495674801822155 -1.4618315464415679 -8.882712742191416 3
active_diff -7.877473367753565 -2.2792328389942007 5.668957181159282 3
active_diff 1.956199419361063 6.172672627211757 -3.303357347957277 3
active_diff -3.7240483002864573 -6.3722520849488 1.1666083283589737 3
active_diff -7.436253922527703 4.528307163671478 8.785843572709858 3
active_diff 7.325416655199928 2.0122638920558287 4.782558373896777 3
active_diff 4.046285397619904 -8.62465963008912 4.18294089667211 3
active_diff 1.4085899169362204 2.1432811900583513 -10.993098931043706 3
active_diff 4.565477695312977 -5.109738421685847 -2.048342866466092 3
active_diff -2.018796295634771 5.6398758573324645 -9.23468317525358 3
active_diff 3.6041132402808165 4.448219781137897 -6.236493429372515 3
active_diff 2.321324959182702 8.592305887448811 3.2054107474028624 3
active_diff -4.786034935848937 -1.4197109212323427 -9.372750127922268 3
active_diff -0.28671751589959205 7.364644145612575 -4.689456195307402 3
active_diff 1.2196720541204353 5.577636507208854 -7.030129173254905 3
active_diff -1.966458987890325 6.543493655673337 7.357905886280596 3
active_diff 3.75257370167679 -7.0034272931068475 -2.61979031054503 3
active_diff 1.252818191523051 -8.874582277530921 0.8343434576493379 3
active_diff 4.0438572703149696 -5.287698993837607 -5.03593456499264 3
active_diff -2.889348596340391 -5.503547547792611 -7.609813993930944 3
active_diff 3.1568634461718816 -7.103537917213542 6.457878535901347 3
active_diff -2.4239540265975306 -0.22867159109275015 10.063203444203666 3
active_diff -1.4790394498768802 -4.918170773995853 7.0486315991024515 3
active_diff 4.606857260486247 -6.583254151762099 1.938640727467005 3
active_diff 8.738622230904525 -0.7714196687453392 1.0851314811593715 3
active_diff 0.4150449724281862 7.749390954726239 -2.1952098380298013 3
active_diff 1.185524182780003 -0.5605656229945024 10.430286048711357 3
active_diff 2.5848270515545857 -9.923322980001608 -0.31872032197641176 3
active_diff 6.593199273483849 -5.032261960044057 2.1108220124373815 3
active_diff -1.3741360279010884 -8.284630172663206 3.2887676903692533 3
active_diff -5.285653913057151 -6.569889720322061 3.2910387931546743 3
active_diff 4.959854253896458 7.642099097833917 4.728602365328886 3
active_diff 5.960582851751863 -4.261006630765673 -0.6282808618419274 3
active_diff -9.111663100683138 6.227834325028731 1.8274059099042286 3
active_diff 8.802997234798244 -1.532210270802938 3.0440025753960684 3
active_diff 2.130491651371499 8.162028632683457 0.6044561547279155 3
active_diff -6.288466061963683 -7.0597109639763165 1.5065169967793448 3
active_diff -0.16224783745265037 0.3156289300227868 8.927411103942344 3
active_diff -7.348178665332871 6.357823819778556 -2.3987584038511756 3
active_diff -3.433915787300558 -5.805996808572771 7.936574630738829 3
active_diff -6.2327257544549175 7.192916442946973 -4.23950364907916 3
active_diff -6.372766040317837 6.156885975245833 -0.3524980757225039 3
active_diff 5.006756291562142 6.591336573783212 -1.768814932576139 3
active_diff -0.2323344928841229 6.774350621644249 -8.876443934236763 3
active_diff 9.284021021682356 4.104077168136004 -4.926704437735886 3
active_diff -5.284342634846053 5.062048203418263 8.355220667446218 3
active_diff 2.0022188400891063 -5.06485101177984 -7.950721348098881 3
active_diff -8.017720253733172 0.9699059549252237 7.328833368033601 3
active_diff -2.3148667481534395 -7.025069058549187 4.560043615899511 3
active_diff 9.304663987176674 2.1340871744681915 -2.2250080727717196 3
active_diff 0.39982354571582696 -8.182650566631812 -4.099203986454422 3
active_diff 1.5635956791689114 3.2853261748392195 8.452090423069308 3
active_diff 5.488987220935013 7.579273852520689 0.8670325094314368 3
active_diff 1.5138637166865618 -2.57277188117992 -9.260388861003692 3
active_diff -2.346235697792234 -8.557983193703024 -0.28225895577251003 3
active_diff 4.813902373305611 -5.988151928272471 5.805924268361103 3
active_diff -8.973478408145432 -3.9847735693666344 0.5162482934172541 3
active_diff -7.099144003984187 -4.55941145407462 5.476603211277056 3
active_diff -1.4657042119189996 -3.43055424098636 8.464362970248011 3
active_diff -10.451533968050658 4.766206019433382 -1.0448396568860545 3
active_diff 2.0309607201245075 1.8847508228934162 10.470378479829419 3
active_diff -3.051353540009561 8.440383595445361 0.4401753935102184 3
active_diff 5.396410258157945 0.9819211346679366 10.949589596802012 3
active_diff -10.235456970081142 1.9900698352042758 -1.5804769186934897 3
active_diff 6.27559141502793 5.001469462658833 0.829123430727788 3
active_diff -1.328109903127933 -7.090066972219594 1.4225302487882636 3
active_diff 4.7026281336151605 -7.95262135508404 0.06897065397924673 3
active_diff -1.9898170572306775 8.21555864906814 -2.9644923949909696 3
active_diff 0.46268011158029787 -7.241395202979845 -7.782874462317837 3
active_diff -0.6061164476136013 -1.726999767088422 10.215185126472768 3
active_diff -4.420076058109292 -3.887459484744716 -8.864851851868897 3
active_diff 5.6135862431236 5.054527004750674 -5.763264973366342 3
active_diff -3.762493453184796 -2.463784209268076 10.675282521883908 3
active_diff 6.882958981326932 5.0510420614322165 -4.214616007241802 3
active_diff 1.2458460145404477 -3.018147706683824 10.637265592819995 3
active_diff -11.198368379448004 3.324505550419435 1.9718662208316218 3
active_diff 0.1837572014568326 -4.243538756406201 -9.421474073117114 3
active_diff 4.444685655574077 6.186830823660474 -4.38701247830393 3
active_diff -3.1431721337363894 1.268000100020037 -11.416627009414038 3
active_diff -10.209727729671219 1.4643744432324606 4.196378249606111 3
active_diff 6.86532626882767 -3.150371672650008 1.457000470258741 3
active_diff 3.659010673083047 3.093854834843998 6.03248468706251 3
active_diff 0.9404415461523072 -4.890294353884854 9.407038228831546 3
active_diff 2.2327443196419106 -0.37308240886391086 -9.254755800001902 3
active_diff -6.798526519016124 6.749409271327292 4.64268395318341 3
active_diff -1.189014754518973 3.69326044661208 9.143074152565182 3
active_diff -6.516792563139928 -6.874067315204019 -2.581890982828452 3
active_diff -2.817755114925086 -7.362918772649947 -3.67464419558345 3
quiesc_diff 0 0 0 4
quiesc_diff 0.7932399178482943 -0.8846372375392095 -1.608784445067464 4
quiesc_diff -2.62868912918021 2.106987370022031 -1.7831903507604374 4
quiesc_diff 0.8209845839904492 1.0493580996264902 1.4915870378889429 4
quiesc_diff -3.5477588903981143 1.0710718624468316 1.6658390717115374 4
quiesc_diff -0.008682149260560212 -2.3459900895507317 -0.5036288722173554 4
quiesc_diff 1.4355287721836978 -2.9910915575103756 0.7203396365349899 4
quiesc_diff -0.06322107980717662 0.4626106215767012 3.186847413498074 4
quiesc_diff 0.18289753530163066 1.6800702089742763 -2.872961137777419 4
quiesc_diff 2.6315546842604958 -0.5760267867547832 -0.8839683240702225 4
quiesc_diff -2.5703320304318 1.5873909380935003 -3.7136343403526784 4
quiesc_diff -1.2106841103171895 -1.0971824965077859 1.1534446472988715 4
quiesc_diff 1.9097095667619004 2.4066193299390597 -2.172785029338008 4
quiesc_diff -2.8367217728077163 -2.148427112484324 0.6525591538548261 4
quiesc_diff -5.489526796489439 1.7090273057113623 3.73050194927641 4
quiesc_diff -5.464975634297877 1.5829914917749015 1.4164032081734286 4
quiesc_diff -0.20973010036202844 2.4850263389302256 -0.31929007342099314 4
quiesc_diff 1.3846422578470037 2.5909461451252067 2.6343014924566908 4
quiesc_diff -4.01954224132246 -1.1064964388943497 -2.514197673474987 4
quiesc_diff -3.9369151436883625 2.2345967701028573 -0.08542801547792561 4
quiesc_diff 0.44412813955274866 1.1077910994676083 5.010672767133486 4
quiesc_diff 1.4374703521454217 -2.9929264010299526 2.720337852438322 4
quiesc_diff -0.7485635066863782 -2.9736378758858906 -2.2525239042996996 4
quiesc_diff 1.1424824862183116 -0.9482739900392875 1.3399664952898616 4
quiesc_diff 3.0291668846230513 -1.3461181454584983 1.8711369093896324 4
quiesc_diff 2.661144606716771 0.6416022794600251 2.1605760377089958 4
quiesc_diff -3.936888317225041 -3.311388934469994 -0.5462541657027329 4
quiesc_diff -5.550029753387023 -0.0077022360812766255 2.625725026791196 4
quiesc_diff 1.3569558391798406 2.320438677584503 -4.360077583623007 4
quiesc_diff -1.3520079553987263 3.640662776055035 -1.9170743656443372 4
quiesc_diff -1.4649406077450884 2.832954407120834 -4.904294374170119 4
quiesc_diff -1.2805717873573903 -1.1528690945623483 3.151447328827361 4
quiesc_diff 1.5697738277284432 -0.5435344745899371 5.088426436853859 4
quiesc_diff -4.413037215772364 4.137553612194883 -0.4753806146609324 4
quiesc_diff 1.5539206142239048 -0.673493864219061 -5.44200915140466 4
quiesc_diff 3.604040051858295 -0.6661266144859197 -2.6292918559264207 4
quiesc_diff -3.9839059645625925 -0.37085626907264774 0.0335011342173428 4
quiesc_diff 1.4855550950471823 -2.941301358586554 4.71909314323627 4
quiesc_diff 1.1715970961655249 -4.90647344482082 1.231859231621353 4
quiesc_diff 1.9805869329728898 -2.4724214713166686 -1.8717450745206994 4
quiesc_diff -5.628387115195942 1.5002071863393625 -4.234128254534632 4
quiesc_diff -4.978635292529066 0.9708669273263615 5.517709023726268 4
quiesc_diff 0.4033733561730267 4.252069556298541 3.1613502145492616 4
quiesc_diff -0.3589349802294673 -2.8728051312899345 -4.211611030741059 4
quiesc_diff -1.7221960093511417 0.9535082922465384 4.190252446411266 4
quiesc_diff -0.559933234769392 -4.24436442524865 -0.19982445768585894 4
quiesc_diff 3.8365026686294517 1.954630547073164 -2.4611848954250553 4
quiesc_diff -3.2816596010770382 -1.1404841423794352 4.406684209578833 4
quiesc_diff 1.6572739486092782 3.140810842653162 -0.02904437439754648 4
quiesc_diff 4.339289358476426 -0.09668134159319774 0.3383613876940289 4
quiesc_diff -2.673322988983492 -0.05057145341433089 -4.8566444306242165 4
quiesc_diff 2.73840349783584 -2.7444677112675624 -3.7025112795146353 4
quiesc_diff -6.662285179860193 2.450455042264355 0.06957105802345853 4
quiesc_diff 3.400001989406556 -2.2838411542345254 -0.18192927569504302 4
quiesc_diff 3.517600496474369 -0.3834150081379115 3.649140066907905 4
quiesc_diff 1.9795216757609948 2.856549486031119 4.52522014312412 4
quiesc_diff -1.0382792170876236 -3.0514285861850885 1.542287512440402 4
quiesc_diff -0.43569931218865143 0.9142020339852762 -4.613875805075648 4
quiesc_diff 2.9892465784946505 -0.2797630088823309 6.472450180765313 4
quiesc_diff 4.20886053806648 2.6234037888921145 -4.308911056980195 4
quiesc_diff -5.188278696314908 4.25528309572129 -2.315255723344891 4
quiesc_diff -0.6900267013936778 -5.4677775337395165 -1.7766364489880535 4
quiesc_diff 3.6482866303633408 2.3692509649531104 1.3803625979270349 4
quiesc_diff -5.041686316949038 2.9574064787944367 5.294807299254225 4
quiesc_diff -2.179558862596819 4.537964034421179 -5.667355918638063 4
quiesc_diff -2.315608942848002 -4.046574496688278 -1.6254867373421253 4
quiesc_diff -3.001360171235609 -3.2902306772906713 2.28632132049923 4
quiesc_diff -1.6731654425461455 0.91067095466159 6.18919240699723 4
quiesc_diff -6.976688781634016 -0.8153256230029465 1.4801297745233997 4
quiesc_diff 2.394586804106345 -4.347473128221779 -0.39340931454829886 4
quiesc_diff -1.1866486609214064 -2.4089388161804113 4.70498113945229 4
quiesc_diff -0.8013575947834956 2.603627438184036 5.470280135808467 4
quiesc_diff 0.8712516273280477 5.318664748689008 1.5354767204081792 4
quiesc_diff 1.1252128622893531 1.462756994040773 -6.151913882612267 4
quiesc_diff 3.75923514164414 -2.7431442178596623 3.1021196440864145 4
quiesc_diff 1.487903074913486 -2.942812091995044 6.7190911944041 4
quiesc_diff -3.7539556040182287 3.645308814536933 6.66175279467631 4
quiesc_diff -4.347810698309531 -0.823711319334245 7.244242998076059 4
quiesc_diff -5.585444251291994 -1.8525355786128526 3.3973050625761507 4
quiesc_diff 1.2172926794145853 -4.789460318067679 5.434875049160561 4
quiesc_diff 3.9144121672400463 1.6868668272483758 3.316751823165885 4
quiesc_diff 0.1769201785677188 -4.196486300313007 3.7013866935930264 4
quiesc_diff 2.8775627726755326 3.901423657646111 2.8663295631316483 4
quiesc_diff -7.348559253708822 1.042238959897351 3.4152375762630935 4
quiesc_diff -5.536760483014282 0.8434225422580575 -0.4404448481858727 4
quiesc_diff 0.5960709239846372 3.4698266082048486 -5.809201985036726 4
quiesc_diff 0.2405507045721169 -1.1478403215647877 6.455167206780091 4
quiesc_diff -1.602051771204796 4.914897411902908 3.080138801964998 4
quiesc_diff 3.0682409148741447 -3.8238303285663693 1.5208377304061262 4
quiesc_diff -5.974062748015548 -0.4220470740961151 -6.184135375885152 4
quiesc_diff 0.29299623932153995 5.7153686544495885 -1.8207130336569497 4
quiesc_diff -6.336946527165612 3.3528440232504826 -3.9778465536093517 4
quiesc_diff 0.5512265176730791 1.4664194208973986 -8.067775637234341 4
quiesc_diff 0.3688847719339202 5.313311082428049 4.856218044433201 4
quiesc_diff 0.9388356740392476 -3.211686174850665 -5.695171264514579 4
quiesc_diff 0.9229917767519864 -4.549275419111536 -2.521300973847788 4
quiesc_diff -6.892494537317865 3.937495455294795 -1.3179296067377173 4
quiesc_diff 0.6016459817867537 0.8081101335840541 6.981809355009893 4
quiesc_diff 5.530969278518171 0.949350916826817 -2.804981016671354 4
quiesc_diff 4.543775235797551 -1.6346690360438472 -4.105375648164977 4
quiesc_diff 5.465536449160846 -0.131693614117728 4.026210171827355 4
quiesc_diff -2.8262105400153597 4.945733394252565 -1.5656239124832196 4
quiesc_diff -1.822165743216833 -0.8993400198401955 -6.455119724029247 4
quiesc_diff 3.062674639206227 3.8929423190613837 -1.4934356981909696 4
quiesc_diff 1.8954879248414978 5.110466580733666 -0.28145351641538413 4
quiesc_diff 4.960905282378789 -1.0164632687604729 2.270779781095491 4
quiesc_diff 1.1431124366174028 -5.81143295264439 -0.9325137014667053 4
quiesc_diff 1.275178012962496 -5.880279542464712 3.5940213156531584 4
quiesc_diff -2.2492844656457778 -0.7481723803526523 7.15288472899721 4
