62
 Lattice="1.0 0.0 0.0 0.0 1.0 0.0 0.0 0.0 1.0"Properties=species:S:1:pos:R:3:Color:r:1
active_stem 0.9674225748905639 -1.7341894601744674 -0.23807662172481556 1
active_stem 1.3368764201748433 1.2183292244893273 -0.8534842341459681 1
active_stem 1.3577614489862848 -3.4358709359104873 0.7375850606767059 1
active_stem 1.484231315274579 -0.2202670166247942 1.3223236533260327 1
active_stem 1.2309672123370041 -3.8128760736225167 2.697633618159724 1
active_stem -0.2555871107268831 -1.5766406876643304 1.336542599917821 1
active_stem 2.747281779752532 -4.63934065924674 3.7064678073863 1
active_stem 3.0033090025564704 -1.481997687980123 1.0054030118974073 1
active_stem 2.792197268302296 -0.11457054997079785 -0.5288006647283905 1
active_stem 1.3520658552877949 -0.8230886749049037 -1.9764508351571368 1
active_stem -1.0303418339899861 -3.283873093103554 0.6400423252590697 1
active_stem 0.8804809329813539 -4.394915675262061 -0.9513307148917919 1
active_diff 0.0 0.0 0.0 3
active_diff -1.1391580747125503 0.5615324739033394 1.5449919616519665 3
active_diff -0.734555312628341 2.8951313974876953 2.9651585336803494 3
active_diff 0.1789442200018201 0.6884551595083207 3.0438238309913963 3
active_diff -0.55909759406711 1.2510854160834535 -2.646748796686927 3
active_diff 1.891440180019228 2.884800965175141 2.030980511574192 3
active_diff -2.2754628552696334 -0.5310996674477362 0.3141522282302338 3
active_diff 0.07946404188341383 4.2765964575344535 1.7697812801113044 3
active_diff -1.609437581533465 3.3347580997717596 -1.055317555846658 3
active_diff -0.45778014726994665 1.467230558148932 4.772433375855281 3
active_diff -0.31725473006314747 -0.6746683840630505 -3.129433300635065 3
active_diff 1.7562459953899363 4.050797069807778 3.6502938278981016 3
active_diff -2.016388712696104 -1.0663329936185826 2.3069108729756067 3
active_diff -1.7817737620999292 4.522886498572343 3.4688914490027756 3
active_diff 2.4743565872631272 1.2282795943859535 -2.498488750741509 3
active_diff 1.599199604507297 5.536168188940019 1.4474726188248672 3
active_diff 1.048808167834642 0.2974358570764206 5.373908234958295 3
active_diff -0.10002147780924053 -1.1350118206339657 3.816576256918069 3
active_diff -2.251340501028496 -0.8118755502154681 -2.639039148849182 3
active_diff -0.6509096196226716 1.3895355299839385 -4.639837384262584 3
active_diff -2.816095574639067 1.4009946555701127 -1.95619768161465 3
active_diff 1.240027244615692 3.200179081719212 0.14729114207914518 3
active_diff -2.189898569773091 2.87212534953003 0.8018404825377037 3
active_diff -4.071294926760959 -1.02460022662425 1.04315453899176 3
active_diff 3.1585076029595673 2.6327340725372705 -3.747266155454712 3
active_diff 1.6290477518047117 0.37724279149744466 7.286224338120259 3
active_diff 2.018107398651663 1.2684075541732829 3.5740445607077875 3
active_diff -3.571198437456452 -2.2792288667114624 -0.43190833317953103 3
active_diff 2.631935843371809 1.6400804778415485 0.6517281485281663 3
active_diff -3.390607121100269 1.2038322116393845 -3.861732633717607 3
active_diff -1.043475572181456 -1.3386684068364136 -1.0578873412602314 3
active_diff -3.1983310700651826 0.9191302565596686 1.3364767489346685 3
active_diff -2.000977575349234 0.8710122697667896 3.323049723445619 3
active_diff 0.10045109874645686 4.6344527073351465 4.608254869398188 3
active_diff 0.4773550818330775 2.9559124015932583 -2.785784044364962 3
active_diff -0.3167290726491388 -0.5491339172417478 -5.125489617807547 3
active_diff 2.5477218757201916 4.64603979260294 -0.29927526564009715 3
active_diff -1.6299745431342418 -2.730733414737653 3.346360404093149 3
active_diff -1.8030404897681602 -2.671687535417863 -3.222242783612812 3
active_diff 0.49826408311102255 6.668947205352742 2.674156228278804 3
active_diff -2.0174803746795518 2.770406628733917 4.494389391732923 3
active_diff -1.4559679960760523 4.920730689261122 0.6618374420375799 3
active_diff -3.586499812294285 3.9427845069513268 1.7522056428935397 3
active_diff -3.4260247182865076 4.125093533132397 -0.7807614097525724 3
active_diff -1.7893500760949816 4.58695969394555 5.467850484376166 3
active_diff -1.585976823455197 0.13300723419357263 5.745583097973139 3
active_diff 1.3233890743139134 1.513498020112 -4.345256379848613 3
active_diff -0.3173486900215766 -2.1815156965617577 5.507019548040288 3
quiesc_diff -1.2118480841052215 1.3967636327799486 -0.7618894770200363 4
quiesc_diff 0.18490565052519736 2.053559290746797 1.4010779966259255 4
