32
 Lattice="1.0 0.0 0.0 0.0 1.0 0.0 0.0 0.0 1.0"Properties=species:S:1:pos:R:3:Color:r:1
active_stem -0.6611768657145145 1.8803200832106293 0.16505010426747171 1
active_stem 1.0967792812774033 2.759503295405495 0.5346810886938967 1
active_stem 0.7787824609155399 -1.8083159199133072 0.35141344931351887 1
active_stem -1.6781035771986383 2.009055268334961 1.8823990250116196 1
active_stem 1.5120699497810692 4.396158502129564 -0.537183359338956 1
active_stem 1.8364199356819455 -1.1478442271327278 -1.2122937211647957 1
active_stem -1.1793409814048448 -2.201827826699502 0.45582113031860844 1
active_stem 2.0764876326204194 3.783964777473543 -2.355603421588063 1
active_stem 1.3958232146540084 4.218435205497828 1.8696306786129262 1
active_stem 2.9639791056658185 1.1767882530218194 -0.6602896666722384 1
active_stem -2.8777574189823474 0.845486647389919 2.981006654807463 1
active_stem 3.3710903650762862 -0.728755346754587 -2.424379189886365 1
active_stem 0.5029829626239969 -3.4986237188395926 1.3842707393740135 1
active_stem -2.4702594319338544 3.61838468757053 0.9977816375544074 1
active_stem 2.8547786755759605 0.8616920942632273 1.311711772679105 1
active_stem 2.418662447503306 2.690959705624465 2.6574241166605406 1
active_stem -4.755339587190759 0.7500323880475879 2.298677052636192 1
active_stem -2.5724134499882556 -3.56346680366952 0.0027335078094909426 1
active_stem 3.7435327574827957 0.9367185587152601 -3.467203880108806 1
active_stem -2.471834251241517 2.2661851036559315 -0.5916717853546456 1
active_stem 3.0494284124810602 -1.3561311258026514 0.36416655523164954 1
active_stem -0.7688428693197624 5.219642228815525 -1.8728151898390841 1
active_stem 1.3266299190560416 5.585808996744281 -2.792719903648198 1
active_stem 3.0108507905550232 3.3231328451819833 0.3981088075002084 1
active_diff 0.0 0.0 0.0 3
active_diff 1.0992095934114277 0.9773641965900617 -1.3551743419118247 3
active_diff -1.994487777737387 0.13892307619906746 0.05214291280287538 3
active_diff -0.3408711376964349 3.6505246469644472 -0.7088949987361222 3
active_diff 0.030212710659643705 1.8743485804644293 -2.7878866925783807 3
active_diff 3.348887585021034 5.1693041622293965 -0.36881838928799665 3
active_diff -1.5645875375528144 -0.34927284503503164 -1.8391134225413412 3
active_diff -0.04164017646138422 0.5604726221557579 1.9194104656164908 3
