111
 Lattice="1.0 0.0 0.0 0.0 1.0 0.0 0.0 0.0 1.0"Properties=species:S:1:pos:R:3:Color:r:1
active_stem 0.7787824609155399 -1.8083159199133072 0.35141344931351887 1
active_stem -1.6781035771986383 2.009055268334961 1.8823990250116196 1
active_stem 1.8364199356819455 -1.1478442271327278 -1.2122937211647957 1
active_stem -2.8777574189823474 0.845486647389919 2.981006654807463 1
active_stem 3.3710903650762862 -0.728755346754587 -2.424379189886365 1
active_stem 0.5029829626239969 -3.4986237188395926 1.3842707393740135 1
active_stem 2.8547786755759605 0.8616920942632273 1.311711772679105 1
active_stem 2.418662447503306 2.690959705624465 2.6574241166605406 1
active_stem -4.755339587190759 0.7500323880475879 2.298677052636192 1
active_stem 3.7435327574827957 0.9367185587152601 -3.467203880108806 1
active_stem -2.471834251241517 2.2661851036559315 -0.5916717853546456 1
active_stem -0.7688428693197624 5.219642228815525 -1.8728151898390841 1
active_stem 1.3266299190560416 5.585808996744281 -2.792719903648198 1
active_stem 2.6823964686793245 3.419181859195033 -4.226380774700388 1
active_stem -2.872192770778772 4.002862799037404 -1.499230950477469 1
active_stem 0.9565993632974329 -2.946806181966462 -1.2832795103695671 1
active_stem 2.3198514395456105 5.955608071262208 1.5112980481483755 1
active_stem -0.5520467781283507 3.661395452700834 1.9244466218196474 1
active_stem 4.315644949895158 3.566718235394258 1.894163071030447 1
active_stem 4.368594636645496 1.4806717016265298 2.462896154817557 1
active_stem 5.109642069761439 -0.3521834050724121 -4.154573558411431 1
active_stem -2.105887392881043 -2.4107532224591464 2.215895539651139 1
active_stem -6.620118473056143 1.0502772596546261 2.956288430202252 1
active_stem -3.349851434037521 -0.3277677771864902 4.530394048637994 1
active_stem 0.8707495595629702 -0.7292615533577287 -2.912961022520828 1
active_stem -2.424120662848842 6.202342855448144 -2.4153600309954255 1
active_stem -3.849516327305197 2.188116018733337 1.2257771452147317 1
active_stem 4.096623962394855 2.6666838969839786 -1.3655035339691344 1
active_stem 3.1460800156515556 -2.3169482114089344 -3.61895600504426 1
active_stem 4.882781429398253 -1.8210870558630163 -0.28593551249489446 1
active_stem 4.166992487174981 4.62520110602274 -4.810754146910291 1
active_stem 3.240149211441441 -2.571060064877841 -1.2755455951860284 1
active_stem 4.584764853761406 0.02644650607028609 -0.9914890952763378 1
active_stem 5.224102974862923 -1.4808611807361571 -2.4504767465268356 1
active_stem -0.6676521166868489 7.167000178096322 -2.3172895411288663 1
active_stem 2.157375795839583 6.4648118185838905 3.438553404585573 1
active_stem 1.008115540275603 -1.7079918708807056 2.335686974787498 1
active_stem -2.3816815601850667 2.863672957326766 3.548114074928338 1
active_stem -4.078855401479997 4.634021614711482 1.6149531201972713 1
active_stem -0.9754695236653332 4.818781929199613 3.4996195401304164 1
active_stem -7.112621821423212 1.0280479370511817 4.89457280280185 1
active_stem -5.3399533434635025 -1.0717994599682714 2.881047616394177 1
active_stem 1.3475407595251456 -0.49481554116827386 -4.841096188687114 1
active_stem 5.658692223004149 3.7772443773406748 -1.9369912142098893 1
active_stem 6.310724342884436 3.5653741415600444 1.7539617547695148 1
active_stem 1.7302921611025834 7.470468283880834 -5.332094155186608 1
active_stem 2.132260718395389 -4.201509988299194 -2.3048169480111795 1
active_stem 5.823102129683154 0.4559799190062419 1.5494331269243844 1
active_stem -3.9150835061309044 -5.0456786350398914 0.01962158891971378 1
active_stem -4.050575826443406 1.9176701268662448 4.195469321775263 1
active_stem 4.03802749123205 -2.2189955944918878 1.8735163391340874 1
active_stem 1.1317566877733136 7.800987694864938 0.15774920386018926 1
active_stem 0.9987135874330809 3.701385607476147 4.519441895367953 1
active_stem -4.872027971637417 4.002411945920121 -1.473560614715579 1
active_stem -2.8559014447583335 7.994799445349513 -1.6403343993594235 1
active_stem -5.558415401416581 1.802180347864239 0.2610400761373207 1
active_stem 0.14018964718742966 -5.041794749293893 2.6036985482422366 1
active_stem 2.370932289921151 7.265862908290537 -2.4980142666073766 1
active_stem -3.5328427252846355 1.7950368963667467 -2.2202541089652392 1
quiesc_stem -0.6611768657145145 1.8803200832106293 0.16505010426747171 2
quiesc_stem 1.0967792812774033 2.759503295405495 0.5346810886938967 2
quiesc_stem 1.5120699497810692 4.396158502129564 -0.537183359338956 2
quiesc_stem -1.1793409814048448 -2.201827826699502 0.45582113031860844 2
active_diff 2.0764876326204194 3.783964777473543 -2.355603421588063 3
active_diff 1.3958232146540084 4.218435205497828 1.8696306786129262 3
active_diff -1.994487777737387 0.13892307619906746 0.05214291280287538 3
active_diff 0.030212710659643705 1.8743485804644293 -2.7878866925783807 3
active_diff -2.4702594319338544 3.61838468757053 0.9977816375544074 3
active_diff -2.5724134499882556 -3.56346680366952 0.0027335078094909426 3
active_diff 3.348887585021034 5.1693041622293965 -0.36881838928799665 3
active_diff 3.0494284124810602 -1.3561311258026514 0.36416655523164954 3
active_diff -1.5645875375528144 -0.34927284503503164 -1.8391134225413412 3
active_diff 3.0108507905550232 3.3231328451819833 0.3981088075002084 3
active_diff 0.3622473128276642 5.972951473655619 -0.09942563125691084 3
active_diff 0.4886770288102833 2.396893897901121 3.091799051895454 3
active_diff 4.6353125109228985 6.2368748262487745 -1.466727213983201 3
active_diff 2.435892481809713 -3.8530663718262943 1.0124761773037871 3
active_diff 0.4981585991775712 6.111280734977191 -4.535566633701449 3
active_diff -1.1390394307062792 2.8832794998430913 -4.058676930907639 3
active_diff -0.34939342020393244 0.27839565394399773 3.8753553843119026 3
active_diff -1.2281615902155296 -0.03308573601459808 -3.7850947415800187 3
active_diff -1.1545432568304497 -4.162477422730049 -1.274306191498 3
active_diff -2.965978048571422 -1.580820318616231 -0.26200563432724566 3
active_diff -1.4577077759780706 5.128762903463481 0.04442271671631115 3
active_diff -2.641026238581089 -3.1113963287684117 -2.102313968564215 3
active_diff -1.451222046219901 1.5892936726967568 -5.55137338153499 3
active_diff -0.8652713099059739 -1.9644879914780247 -2.7888696251801726 3
active_diff 2.0828300538136597 -2.3591607130002274 -5.312389683509737 3
active_diff -0.9384596816572537 0.04375201834443779 5.7721799159673814 3
active_diff -5.071388985824892 -1.1379833524804783 5.14672121771054 3
active_diff 2.7936503706306164 -0.10848583004773327 3.059572787037565 3
active_diff 4.584105699489642 2.0914829112828626 0.48703254920857475 3
active_diff 4.413158828296033 6.484268348582834 0.698044258547108 3
active_diff -3.0275715306692423 -3.9637545953755158 3.07536344822568 3
active_diff -3.9630847248787804 0.36308269672142013 -0.22058135130441292 3
active_diff 4.364845238213087 -4.3753036512848515 1.0925354522664585 3
active_diff 6.502751279385223 0.4771327140301086 -5.325676245906481 3
active_diff 5.248762024371649 2.2523803278095316 -3.4095934344849677 3
active_diff 6.49048051517773 6.126830836659118 -0.7276453536021343 3
active_diff -4.772109230587355 -2.3121361863592678 -0.7126354768110517 3
active_diff -3.1449686729294486 6.105691379515797 -0.4014039517288713 3
active_diff 3.5093041735816355 2.2487522149038788 4.274505796875701 3
active_diff 3.8065028580780753 4.7089579782447 -2.744749792779965 3
active_diff -0.8837034572462783 -1.4644001099621593 -5.138862726709833 3
active_diff 0.26605645877186923 5.864080231335119 1.9940474228257992 3
active_diff 0.5883546178382573 1.8174307868463102 -4.707584058368276 3
quiesc_diff 0.0 0.0 0.0 4
quiesc_diff 1.0992095934114277 0.9773641965900617 -1.3551743419118247 4
quiesc_diff 2.9639791056658185 1.1767882530218194 -0.6602896666722384 4
quiesc_diff -0.3408711376964349 3.6505246469644472 -0.7088949987361222 4
quiesc_diff -0.04164017646138422 0.5604726221557579 1.9194104656164908 4
