8
 Lattice="1.0 0.0 0.0 0.0 1.0 0.0 0.0 0.0 1.0"Properties=species:S:1:pos:R:3:Color:r:1
active_stem 0.0 0.0 0.0 1
active_stem 1.4182629752989415 -1.366301454813838 0.34892759631445636 1
active_stem -0.7141779126883083 -0.6629797335881733 1.7465416633677897 1
active_stem -0.6595233812092084 -2.347165275363588 -1.2597786862810398 1
active_diff -0.756521826495388 -0.4245331161741705 -1.8020672460559095 3
active_diff 2.7319816585995027 -0.4100914439053559 -0.8171794468790236 3
active_diff 4.316251457230971 -0.6957604894933886 -2.003974459312524 3
active_diff 2.431429424848787 -2.3005540369573656 1.7982949956527716 3
