550
 Lattice="1.0 0.0 0.0 0.0 1.0 0.0 0.0 0.0 1.0"Properties=species:S:1:pos:R:3:Color:r:1
active_stem 8.205656630588942 2.587116756534862 -0.7659368002863174 1
active_stem 6.111713895381205 8.716904106957507 -7.628023867385155 1
active_stem 8.66857022235674 7.387873635307279 -1.1015592319659684 1
active_stem -1.8698400920187477 10.28156760749368 3.4281595572062282 1
active_stem 6.590237832268737 2.963913564803156 5.101470289292155 1
active_stem -2.687535057151777 11.258602157279705 1.4991290137422224 1
active_stem -4.569922794385798 2.986843972959398 9.299096589448988 1
active_stem 6.865215393297587 9.773408506012618 -9.14987601112809 1
active_stem 8.255957491247456 8.485261304339167 2.8253733561625323 1
active_stem -3.5723372173349874 10.856881448819289 -0.2864266644084317 1
active_stem 7.507578029799811 2.464103412961853 2.1454594436099983 1
active_stem -1.4838612162315592 12.846581599123951 1.670857220407311 1
active_stem 5.2533451357425305 2.2326717178862374 -7.309428151626069 1
active_stem -2.465730296483426 4.189358694994213 11.799220924312689 1
active_stem 6.097638323148662 9.62147380216676 2.302206832858533 1
active_stem 8.278557862112832 6.520745299724094 5.829461632898804 1
active_stem 0.8004580710080165 12.427310873377012 -0.05400633815322653 1
active_stem 8.438823002863174 3.6785630719960563 4.83312545716886 1
active_stem -4.48118060907129 12.470281726612786 -1.042034520980292 1
active_stem -4.259269131221239 12.481458844063368 2.7933683276248527 1
active_stem -3.6082546414611016 12.858607450947414 0.7295456801749133 1
active_stem -4.991763213292237 3.649184101786336 11.138486764132532 1
active_stem 8.792659884651814 4.657278791884393 6.541023288050305 1
active_stem 5.15081553338217 2.491183569085543 -9.289998600620331 1
active_stem 6.785273074660491 3.339597353094087 7.056162834282431 1
active_stem 6.480372184142267 10.955461974560185 3.742342363828927 1
active_stem 9.2621603584504 2.8432533576397634 3.027324609855846 1
active_stem 6.729367445590588 11.738510562938814 -9.496169587401507 1
active_stem 6.722930741047478 10.577889182634648 -7.224107396217269 1
active_stem 8.952981088402197 8.748050450035736 4.681471405812262 1
active_stem -2.3857415515095144 12.199124848244654 3.6665288348801903 1
active_stem -6.996058732420711 3.9184875513306623 10.04509744366996 1
active_stem 10.653528605472166 7.505753850751017 -1.3161389889486053 1
active_stem 2.0403235271472253 13.848514278251775 0.6115119055073739 1
active_stem -3.8496022799743006 4.748424269507945 13.130515037836318 1
active_stem 8.130116753838621 6.828803230539175 7.800011187879915 1
quiesc_stem 1.3718974381006157 2.185157954018622 -2.4554156008390384 2
quiesc_stem 0.519045537679367 2.1594824807679753 -0.5040729933032584 2
quiesc_stem -1.6520571969715478 2.4922106143960816 0.6164603802053417 2
quiesc_stem -0.37812120320796316 3.9467421625517973 -0.47588312073173933 2
quiesc_stem 1.730154742502194 3.1451653652324816 0.745584457867722 2
quiesc_stem 3.1970201142662247 2.9984006749276872 -2.5423839504525914 2
quiesc_stem 2.7074546640508323 5.011786993339573 -3.3320888266135475 2
quiesc_stem -3.1239900704180767 1.1458052254939899 0.9084807877115728 2
quiesc_stem -0.5831185839174023 4.135290454290148 1.5046283322987195 2
quiesc_stem 2.355839789923284 0.7532412697418184 -1.0486867747961095 2
quiesc_stem -1.638887342928545 1.6886595300011993 -4.6291310417384 2
quiesc_stem 3.3280408200322604 1.5174110524086752 0.5277837870688027 2
quiesc_stem 0.009238959835781935 5.450932804495869 -1.7357889175175958 2
quiesc_stem -2.2576178792382144 1.8304662627110493 2.5760054473394494 2
quiesc_stem -1.6397727416083745 5.808772028030769 1.792623841612662 2
quiesc_stem -1.141467876503444 2.0824887864605452 -6.525831437472541 2
quiesc_stem 3.1377729451298713 0.9230679941705254 -2.8816459735941864 2
quiesc_stem -2.3460830407170814 2.0164647580239294 4.565371797448414 2
quiesc_stem 4.819701856062069 1.1990377452339283 -1.8352445998047426 2
quiesc_stem 1.1513880868498856 6.344320611720846 2.7743607140316926 2
quiesc_stem 4.201557532855444 5.411801886366821 -0.16401085323531372 2
quiesc_stem 0.6227062645618385 7.298538453093328 -1.277519091647607 2
quiesc_stem -1.6437543704389483 4.01346765016223 -6.387886136909854 2
quiesc_stem 6.18479143216826 4.5516456706230946 -0.5188568521978488 2
quiesc_stem -2.0455742511931776 8.161091518834299 -0.8725488736267947 2
quiesc_stem -0.8323680931443665 7.361958324036353 2.7599449173363166 2
quiesc_stem 2.174020565517608 7.824364429962019 3.648256079427344 2
quiesc_stem 5.818473853140198 1.9735984687151142 -3.385247884798961 2
quiesc_stem -2.44707330276354 2.2098483804435194 6.553437123727122 2
quiesc_stem 4.147076971085163 6.641363765030323 -5.329878486983628 2
quiesc_stem 4.494425914625973 1.541590885554325 2.1522717515605883 2
quiesc_stem 6.062836095506132 3.650735004601487 1.2653916476549925 2
quiesc_stem -1.6883838743902362 8.447616223800864 4.205138297800307 2
quiesc_stem 5.921863173023006 2.2701944357087527 3.3487498082094875 2
quiesc_stem -4.099796388761138 2.4132384148028816 5.441191503882542 2
quiesc_stem 6.281938591740193 2.040050131921917 -0.7607391813583035 2
quiesc_stem -2.78427003500653 2.5991774611221232 8.48597980907785 2
quiesc_stem -2.3350761379014844 9.53047143951569 0.5560823910552296 2
quiesc_stem 5.688065531410464 6.30861058841913 0.8289786341990714 2
quiesc_stem 7.222212225926434 6.033341478102479 -1.3722826725104158 2
quiesc_stem 0.5201753389814792 9.295666322504502 -1.246411495777533 2
quiesc_stem -5.032111599204184 2.800572861523316 7.167679376634712 2
quiesc_stem 7.613841925519129 5.586436854092885 4.190797404919029 2
quiesc_stem -3.9132407760946126 8.755739798911414 -0.47478616199594437 2
quiesc_stem 5.101867687695147 7.936619674304357 1.8902512413276948 2
quiesc_stem 5.309078645424783 2.133555270727253 -5.312663341789648 2
quiesc_stem 0.15294765762813378 10.560977501900737 0.25829161425539104 2
quiesc_stem 7.2028843974203784 7.436618247688385 1.486947116582789 2
active_diff 3.717856069115122 7.219282634679335 -11.405057028358167 3
active_diff -2.0099841672361665 7.646121985135899 -6.805810021056535 3
active_diff 7.44795228560273 6.231424036888841 -6.821886276413696 3
active_diff -8.743196143919791 5.826893284053718 1.5261460115169345 3
active_diff -10.272794506060821 6.192099939919618 -3.2805040686973674 3
active_diff 3.561289858248065 10.564385156714811 1.8522642979318813 3
active_diff -2.3653262541088025 2.7281134090651458 10.43735410166632 3
active_diff 7.915195482349972 4.061658327989605 0.6330098608622557 3
active_diff 2.114271720068244 10.579074351809101 -0.7180255769706134 3
active_diff 1.6273892078252312 7.754606129069006 -10.867051358176665 3
active_diff 8.387176040043705 4.530510060315506 -4.044926057253422 3
active_diff -2.163742238405234 4.3152366124682215 -13.8279531433971 3
active_diff 6.925077688498725 8.950136497802786 -5.143377424615858 3
active_diff 1.5653922553766948 11.438752274859604 -4.899036887225846 3
active_diff -5.762808373867018 10.580099458295498 -3.724486197036602 3
active_diff 4.175819746996755 8.920156886010611 -5.207257573153514 3
active_diff -5.02083258852166 7.623943935172449 -9.99271099970816 3
active_diff 3.7403849892674526 9.409614907552072 6.844069945213033 3
active_diff -8.679771795718917 2.5207720855571596 -5.920538876548245 3
active_diff 4.474422724094547 8.733746349777105 -12.46995446577902 3
active_diff -5.532806662236324 6.156762648880746 8.184356091386437 3
active_diff 0.07878752371461428 4.7456536289027245 9.837265435323253 3
active_diff -0.8571567457083463 7.532891734013424 10.597934284409732 3
active_diff -7.588495249151236 8.574526399063213 -3.383083328912685 3
active_diff 5.120559641220861 4.306173970208834 8.587487974998746 3
active_diff -7.505750441421093 8.138230255072083 -6.724338853430326 3
active_diff -2.0631297261301293 10.750017311249307 7.569316039825781 3
active_diff -7.387430806660822 9.237225288864233 0.5366030207695938 3
active_diff -1.267297215820022 11.058600980550338 -1.2316204344367743 3
active_diff 5.366426733290631 7.725563922273004 -10.128064493357643 3
active_diff 0.9293433433393952 9.03283407971102 7.725544958010783 3
active_diff 2.5621705446964103 5.427516623010173 9.271703072755155 3
active_diff 1.627945774621813 10.981390312277053 3.307297114183326 3
active_diff -9.23090498818535 9.001496339985577 -5.417145198383224 3
active_diff -6.747452449151661 9.614200461030226 2.5860616552506266 3
active_diff -0.14134132403692265 10.352129958262328 4.827340640286556 3
active_diff -2.545086748403349 8.790255265291329 8.679132965974645 3
active_diff -6.731978742396041 8.125330504214137 3.988080973318599 3
active_diff -5.414482797624527 5.43535929162482 -10.43012467464658 3
active_diff -0.0784360886294535 10.435808791532152 -9.313112300402874 3
active_diff -6.522812453076668 4.427040483938125 6.4892856505450744 3
active_diff 8.020046928243453 8.083428814896445 -7.314619492362028 3
active_diff 5.338405723152023 5.0102265446142935 10.446749402840535 3
active_diff 5.70242850808 5.594840906004073 -11.064383412153333 3
active_diff 8.587967996741098 9.800987516494834 -5.858113996189112 3
active_diff -9.183361309398753 11.000432678219992 -5.372500889749048 3
active_diff -1.7601424436014257 11.674262043343253 5.8217547728533 3
active_diff -7.223260146228436 6.993781197487698 -8.56180179175606 3
active_diff 3.6473641816509823 11.313951998857737 7.448095914876472 3
active_diff 8.33448252085146 6.804290311523414 -5.123096008789073 3
active_diff -10.372832048499546 4.276081108929718 4.0679391928466515 3
active_diff -3.498837581613974 5.754428271546709 -11.81215950469603 3
active_diff 9.455055616685922 8.512798476893575 0.3530832757619331 3
active_diff -9.586077442497881 7.6025612943323875 -7.502851118510136 3
active_diff 5.576700228719869 6.790180045771431 8.321658249455176 3
active_diff -6.6244662281991635 8.22342865208976 5.982778397158726 3
active_diff -10.279613012716018 3.8782763396994007 -3.4961045778344237 3
active_diff -2.8644587243140536 6.454099131435592 10.789888508818784 3
active_diff 8.22074834929801 7.873930302098097 -3.4329206514370116 3
active_diff -11.061884275433524 4.627711382856588 1.335157783564052 3
active_diff 8.27354345202448 6.017236915814736 0.4155262535029287 3
active_diff 5.3058056242122635 9.927069307009571 5.34482924882272 3
active_diff 5.510374478372796 6.992745982963358 -12.731629611830083 3
active_diff -2.3222694656905047 10.384953314749227 -4.7879869502181664 3
active_diff -6.98321430439096 4.2558246491977325 -11.230135057206256 3
active_diff 2.796353252568615 11.958110081754114 -1.9959243360892576 3
active_diff 0.17062645061505188 12.158335848021066 -2.081890245011661 3
active_diff 8.244049242950958 2.61896707235403 -2.765314594675922 3
active_diff -10.895530333338245 6.5911583246140735 -0.9288885987156584 3
active_diff -4.693228532486108 9.626728159568975 1.5909258271679751 3
active_diff 9.839357943865771 5.431720980169219 -3.00618326129855 3
active_diff 0.4474315051608 12.029195397083317 2.0790908758613287 3
active_diff 0.7066842387145008 12.939479978835255 -5.90424179202887 3
active_diff -0.5815680825924961 8.956993446381068 9.161748902541042 3
active_diff 0.9743668726609402 8.796979684534152 -12.444079956726332 3
active_diff -6.464461138702783 11.887014001524106 -2.382972956589126 3
active_diff -4.8064908521205005 9.195841332244507 4.921004882395678 3
active_diff 4.624372642363665 10.712121615459855 -12.21787049138598 3
active_diff 6.806295558006941 8.52209931521235 6.151837677921201 3
active_diff -7.8647511895584445 9.776542937133488 -1.8086504476518543 3
active_diff -5.622064119388748 5.629916234797002 -12.409785653379585 3
active_diff -7.979874109661603 5.593994881219507 5.771519140058822 3
active_diff -7.929330882248223 6.41960956174907 3.357164995415657 3
active_diff 1.607687967808293 8.198664478632308 9.799023229329526 3
active_diff -5.422930797491709 8.153400885240217 8.147436618828388 3
active_diff -3.8133332105534667 10.714260862340879 3.616868447876298 3
active_diff 8.391369954822315 8.257429901703249 -9.272128836330113 3
active_diff -7.1587494072810784 11.098117590731146 1.2328678112266327 3
active_diff 1.4620824131046388 6.249157509476643 -13.282090429783413 3
active_diff 1.5638532919108976 3.400241728148872 9.753357442472142 3
active_diff 0.04651107608678218 8.774796052353853 11.878972196393388 3
active_diff 2.276946013218531 10.58015027425122 5.405985724730258 3
active_diff -8.578133493133993 8.145488321379096 -0.7137648255030833 3
active_diff 8.375504361130691 9.614312591991483 -2.2101996725524438 3
active_diff 1.3166158635978196 11.516363627652037 -10.254510885872813 3
active_diff -3.6162500663108994 7.062388949772965 9.013075982781736 3
active_diff -9.613843529495398 8.363397876978581 -3.5223340830621437 3
active_diff 4.730474212346709 11.042303578674666 -8.08421876502537 3
active_diff -9.286588918918877 4.386521692435729 -5.532271721841866 3
active_diff -7.336144943045472 9.475116935647852 -8.202164275535338 3
active_diff 7.213639957392667 10.094442051258433 -0.16292456442485734 3
active_diff -4.831083174200169 7.775749402532762 -11.97789367640171 3
active_diff 0.6509415927190566 3.8074772737357687 -13.557658211383112 3
active_diff 2.9775838527483955 3.5606973806055424 -13.627617866522426 3
active_diff 4.951352841620213 11.791624530044569 2.601669677421319 3
active_diff 3.460924546651207 2.965233147910098 -10.530718913295413 3
active_diff -8.403055258729127 4.693824857140563 -7.926049372946435 3
active_diff -1.064677509818388 7.915268225713076 -12.326076046489309 3
active_diff 8.875002524670325 5.727069068672853 2.585521086805116 3
active_diff -7.233945242805449 10.080383881987645 4.469143644901468 3
active_diff 7.059602975325514 7.907141895459688 -11.176960891035721 3
active_diff 0.06133367007527289 4.75056199789371 11.837183251361449 3
active_diff -1.878368146174708 9.814732594892766 -11.152366949253656 3
active_diff 0.3248283783397462 11.69555891590687 6.233713437359987 3
active_diff 5.326235399011294 10.540980032951826 -5.429689931275125 3
active_diff -0.18958797716413028 12.04309566262354 -4.120214617763473 3
active_diff 1.5675423457263498 10.981588992513778 -6.957353198101791 3
active_diff 3.1593598822434177 6.813594835686468 -16.32654697965566 3
active_diff -4.672513665085235 9.546770961906416 -7.218568332840578 3
active_diff 7.411181093515525 3.4951398803689733 -6.409952063499317 3
active_diff -6.690904568761438 3.1107953458655286 8.241070216150298 3
active_diff -2.0954774679101096 9.735303517424263 10.383461366264576 3
active_diff -3.0066683252235276 10.190407133611407 -9.041464933627147 3
active_diff -10.359062392151285 6.298372455591704 -5.275814571912897 3
active_diff -4.067464897592826 4.928135422150547 -13.8419204618839 3
active_diff -3.748362510568737 12.25201324365129 -3.423040591496527 3
active_diff -9.109916075360337 7.7913272534100875 1.4454262994075535 3
active_diff 1.982945596627785 10.578212786208574 8.43387182137936 3
active_diff 6.1769658841786645 11.017008153379116 -1.9781249424024538 3
active_diff -3.3662543991163787 10.480009819542925 5.66378940050822 3
active_diff 3.2497989610329734 6.0986306735065705 11.025776358645112 3
active_diff -4.785734867995785 5.566219620339219 10.528922125997875 3
active_diff -1.1123632335214164 11.35508269109099 -7.6189462372723 3
active_diff 6.846805618908938 5.188314411939691 9.079324396564516 3
active_diff -9.210605804441553 9.841505469730507 -7.232075666771615 3
active_diff -7.334367805188043 9.974135729950081 -5.949691140395037 3
active_diff -4.088552662180163 9.848604076573187 7.973717650952791 3
active_diff 2.1634378529689062 4.438190499240551 -15.229857585725288 3
active_diff -5.723102742962558 8.232895004521305 10.123183942792657 3
active_diff 0.8102426253975137 13.237584096081697 7.411224096530481 3
active_diff -11.456871784986074 7.623937916889886 -6.294485639930956 3
active_diff 4.643921617594449 3.3893306348185472 -12.086565709010738 3
active_diff 3.8272968385192696 9.512377048365524 8.839536375117346 3
active_diff 2.6683845334500496 7.848571457643657 -12.987019440402452 3
active_diff 3.0015129809713055 12.051121675938239 0.3046569839814115 3
active_diff 1.9803868012129449 9.952327684940144 10.685454805042468 3
active_diff 3.506495392961432 7.171340182034118 9.012222869382516 3
active_diff 2.1782394908559235 9.62198598488256 -13.811579617986176 3
active_diff 4.463758697047326 11.704935749177606 4.984069098217281 3
active_diff 4.700112940196699 8.865055516186915 -14.45283666832473 3
active_diff -2.5308859453256956 11.868244182908068 9.160156315561887 3
active_diff -7.08713863703689 7.181974177475734 8.914420084299731 3
active_diff 4.717641685307927 13.339486138170525 3.8464602371159615 3
active_diff 9.966583795039359 6.761156948944586 3.9042752663452767 3
active_diff -4.186480586373739 11.903586703661848 6.804253278384021 3
active_diff 8.501817571002608 11.600384616729079 -2.01129546051418 3
active_diff -1.5619759323384188 13.452412365053876 -4.481293186420515 3
active_diff 1.5400870175670567 12.366931621200493 9.211278541376984 3
active_diff -10.260623828237671 5.233372847618051 -7.060047594276921 3
active_diff -10.140084659109952 10.256796138912236 -3.150698111702254 3
active_diff -3.2733528413116817 8.083044235822827 -8.29342507214312 3
active_diff 8.711498848214838 9.87345005123558 -7.87828447781243 3
active_diff 9.863747681191448 3.4189055622045386 -1.9070166384759766 3
active_diff 6.223281570542115 7.178739210590068 -14.590976270528156 3
active_diff -9.04891064425921 10.274156209096788 0.9418918263387801 3
active_diff -4.423117462823505 5.794405682962539 -15.60914627882908 3
active_diff 0.9609920936461813 13.918718468500606 -4.179011518912272 3
active_diff 2.8733756337164396 7.461358295494131 -18.197005615854938 3
active_diff -3.266816280134637 6.946886374000655 12.686008001582678 3
active_diff -3.7417674134461296 8.514424854690013 10.382688017775537 3
active_diff 7.333146148647235 10.82017140766076 -4.56333469537559 3
active_diff 1.082471157065656 7.741634758033702 -14.558180926898746 3
active_diff -4.151021067876947 10.907947158498214 -5.406165740618793 3
active_diff -0.9459300748047179 2.8336045481899013 11.842411433501264 3
active_diff -12.007784892780494 4.628597910894479 -4.167252469698625 3
active_diff -0.03648601842191168 10.683281990376157 8.311373719801146 3
active_diff 5.744438408962417 6.100105116435527 12.07380261547327 3
active_diff -7.9211208778832916 9.170049474218686 7.175504576365206 3
active_diff 3.361370125416499 10.62230679614411 -5.870098049693908 3
active_diff -10.156184494371692 6.480172472143456 2.7818092720673224 3
active_diff -5.611703975685928 10.637741307872913 6.049081247683425 3
active_diff 6.336171317419771 8.224323531501383 9.49060483838357 3
active_diff -11.123061045442642 8.640648160219381 -8.25122072181579 3
active_diff -10.160357899678294 8.677468360887115 2.8984665298770853 3
active_diff -12.177007763946209 6.709435714836132 -2.954412724922274 3
active_diff -1.0400686990056291 11.712820817091568 -10.514987089737328 3
active_diff 2.1175828515941437 12.509896200890873 4.905302150669005 3
active_diff -2.741832202984172 12.104724613466752 -8.503744443517517 3
active_diff -5.643763088404067 11.276051408192266 -7.475985690056927 3
active_diff -7.749426587467299 5.30764584247078 -12.748881551735414 3
active_diff 3.7300576192386528 12.774035131140588 -8.06771208673934 3
active_diff -7.014305213046619 6.489459415935205 -11.004094331546538 3
active_diff 9.724675688698543 8.146792040787208 -5.637928081405976 3
active_diff 4.9577352252065054 11.732483434391892 -3.8661915250518915 3
active_diff -0.3601232368445523 12.221335578510779 4.150432357090201 3
active_diff -8.639161599574875 8.627106281013532 4.321059379676346 3
active_diff -6.525202405516115 11.523071377947591 3.1399720637564212 3
active_diff -5.42403390343919 12.376446949237899 -4.535884711930048 3
active_diff -11.20284449876202 8.144501702252432 0.2928652041746559 3
active_diff 1.6832040385276918 13.583988493727476 -1.6532609199517134 3
active_diff -9.123094448224727 12.410324088498843 -3.9552591613674206 3
active_diff -2.9546122465542757 10.458600981856726 12.03837169920398 3
active_diff -1.5965426547040122 5.570413791660041 -15.278061719016604 3
active_diff -4.638534762286641 9.415994328852058 -10.794211940798526 3
active_diff 0.9229861186166406 6.259878643587112 10.834487244786681 3
active_diff 3.080986988539107 11.673673532540905 -11.385176889677464 3
active_diff -0.8489357880700761 13.7874784061928 -1.5283675565868509 3
active_diff -3.447315558029774 11.061251412117846 -10.787162576064919 3
active_diff -8.62912243606793 11.5388314600636 -1.2518059815229883 3
active_diff 0.06883228072583392 5.061583059912155 13.812837489789628 3
active_diff 11.338878481948813 6.177583889058486 -4.099401755932805 3
active_diff -12.144446180365698 6.23763851406601 1.8211560903362256 3
active_diff 7.304098762307434 5.97961999158614 -12.198666204062677 3
active_diff 5.806561128312812 9.48110060009253 -10.979165361145263 3
active_diff -2.71122000871696 10.371107305270247 -12.883495181566985 3
active_diff -3.3070948874547863 6.800708447860104 -13.505833774409716 3
active_diff 4.841531648608845 11.278537995658683 0.49176193452260164 3
active_diff 2.9698155476848243 12.802460022469461 -5.308788513374235 3
active_diff -9.411315166948791 6.641513309094493 4.6817333427706 3
active_diff -5.4069258431584135 6.899700173863624 -13.939937368141585 3
active_diff -10.580294749231003 2.953811898574259 -6.368298883154254 3
active_diff 0.35576413030912934 5.347182284043146 -14.799503107865597 3
active_diff -0.47359881570152684 10.183409058520143 13.200068369774844 3
active_diff 9.681689084241048 9.096501643572044 -10.5492487039437 3
active_diff -5.058239717484256 7.16647569398341 11.69722072043773 3
active_diff 1.017154260227168 12.374230597427472 -8.283106687859203 3
active_diff -2.824987998746889 13.843463464480868 -2.6390344017637855 3
active_diff 10.165018478371145 8.273690395961006 -3.1879603841513764 3
active_diff -6.456369428191045 12.147277013434262 -0.39999598020930716 3
active_diff 2.4242010227525057 4.009341043167508 11.453004407720963 3
active_diff -7.396876732940722 5.4404278703830276 7.975575541400859 3
active_diff 7.231011371097817 10.444674461289981 6.503008983404903 3
active_diff -8.76419608366594 4.878403417652085 -9.884494689916878 3
active_diff -1.7516425390662285 12.126221041041978 -2.851989841172583 3
active_diff -8.474825405506257 12.601364478789511 1.3233816799895917 3
active_diff -10.945534969585399 5.03712376162907 5.826582262077036 3
active_diff 2.946649163461454 12.416746637669538 2.859219451920824 3
active_diff -9.828993146392648 9.605237085890547 -1.2655652172725425 3
active_diff -2.8069613639973428 14.007426345448295 2.620512670511892 3
active_diff -8.91285779244689 6.54432642059213 7.2636355607613305 3
active_diff 1.622861428001426 8.92043210797452 -9.241988502124977 3
active_diff 8.967400922007483 6.436110934528781 -8.106167832483964 3
active_diff 7.515353861073075 4.133119987030749 -8.302603488882033 3
active_diff 3.6614889173103062 7.7988281774707 11.995229723905409 3
active_diff -7.741564034799295 11.939865794086268 5.002669821009782 3
active_diff 0.402130330064948 14.022303829261565 1.9195083545286369 3
active_diff 9.267144471357406 5.036555818127086 -5.768171034293021 3
active_diff -4.651318596388716 9.145336268051 -13.424239594349485 3
active_diff -5.151215199831143 11.526659779496807 1.166063435171939 3
active_diff -7.769655880585544 10.475429562349522 -3.9778505013645873 3
active_diff 3.0440164266004257 13.024504700384377 6.60549224661044 3
active_diff 0.703301212682348 13.413308965308282 -10.095000620006735 3
active_diff 10.015129347473604 2.7558506999383536 0.06913046837744174 3
active_diff -7.684700035117499 8.346634336266577 -9.960680490513814 3
active_diff 9.818194633426609 4.675337893918916 0.6776374460805251 3
active_diff 7.923609338528566 11.961801149037427 -0.06851334797505568 3
active_diff 9.941124745245748 11.076685621211745 -5.122205605424337 3
active_diff -0.15079674266224097 10.505641194948282 10.351759912386074 3
active_diff -1.8945023006662614 8.299721816988574 12.126294786206797 3
active_diff 6.4267065765408065 12.989998963533763 -2.19010807763681 3
active_diff -2.346006744634753 12.841170027650065 7.336709814079192 3
active_diff 11.350591684527162 8.859853451356576 0.8883363562887582 3
active_diff 10.024642570659399 6.713173921500653 1.0858422691499743 3
active_diff -1.0986143116303193 8.631768693744991 -14.193018834255668 3
active_diff 7.488597579360769 8.784023989159293 -12.922538567181252 3
active_diff -8.215582369380723 11.060247785191436 -9.047119897438684 3
quiesc_diff 0.0 0.0 0.0 4
quiesc_diff 0.13051561782095353 0.7366226002015958 -1.8548188101205614 4
quiesc_diff -1.7434815655644278 0.8392958916333283 -0.5058205579298136 4
quiesc_diff -3.456427296840617 1.4581973598264728 -1.3321243122302833 4
quiesc_diff 0.16809885160067495 1.1803784109530417 1.6057551441756324 4
quiesc_diff 1.5483445126453743 2.334691253534764 -4.441997142639025 4
quiesc_diff 1.5803080095184292 4.1086364630733225 -1.9486657030334185 4
quiesc_diff -1.5032835934141555 1.5850268385886883 -2.6364263751136043 4
quiesc_diff 1.6340829821213463 2.41121643264767 -6.43869261561773 4
quiesc_diff -0.35025000900800773 2.117916535062916 3.2946413820691793 4
quiesc_diff 1.8140151531160995 0.24080408777532114 0.8070702668144019 4
quiesc_diff -3.3012897172796585 3.28325816516298 -2.135296391072935 4
quiesc_diff 0.12804083063591046 0.7949755126332468 -3.8539658314872076 4
quiesc_diff -0.6633692502381736 3.61239929396879 4.586337021182563 4
quiesc_diff -2.7328513480020984 3.674158442655713 1.8143265389937484 4
quiesc_diff 3.028848056424889 3.469120196960387 -7.405889603286744 4
quiesc_diff 1.7123993103364166 1.7646575325184113 2.7343622508568632 4
quiesc_diff -5.116355668007309 4.108805300289587 -2.2902400007939683 4
quiesc_diff -3.876293029940003 1.6676811005880827 -3.2763026292900737 4
quiesc_diff 0.13091248491289909 3.739377428099701 -4.575200737726871 4
quiesc_diff -3.9144421171236474 2.9846136889774524 -4.781039551408067 4
quiesc_diff 1.3194240594278055 4.429198892836751 2.2229328277417277 4
quiesc_diff 4.219732699124878 6.177821087038727 -2.737631395872054 4
quiesc_diff 3.5102187376699323 2.6997749539107083 -4.575276611816008 4
quiesc_diff 1.0776301902608254 2.4134319795782013 4.663520032128757 4
quiesc_diff 1.1917514837876837 4.283123258019145 -6.98669597574391 4
quiesc_diff -6.6179273053039775 4.694341064500949 -3.474482580207332 4
quiesc_diff -0.4298638551813033 5.551405971093893 5.01729912687586 4
quiesc_diff -3.4122044798418387 3.5112110298688424 -0.1514275932644289 4
quiesc_diff 3.3555875889828384 2.7995586877098213 3.2128096146310776 4
quiesc_diff 3.6335028229803976 4.682484445586667 -8.876311248066665 4
quiesc_diff -5.358462244648585 1.745077632747483 -1.8798128791420872 4
quiesc_diff -0.6351642790260678 5.429173333219328 -5.322004721911302 4
quiesc_diff -3.0826012179532016 4.061886437825182 3.744959085655865 4
quiesc_diff 1.738152216775255 4.96762362691176 -0.14943635172873804 4
quiesc_diff -0.7679763371801952 3.443355460872634 -2.7134846032916267 4
quiesc_diff 4.496218496784231 3.7336788969613455 -1.2114258372628421 4
quiesc_diff 2.578697242210357 5.400974786984061 -5.2896266647150565 4
quiesc_diff -1.8496796391095551 4.450990541493853 -4.060551606412329 4
quiesc_diff -7.205424565075235 5.7552693896546545 -5.064852995754546 4
quiesc_diff 1.695671166795254 6.738006439387705 0.7800474069687227 4
quiesc_diff -5.744634761541834 2.0003193435408715 -3.9076907613295933 4
quiesc_diff 4.886020825188423 4.061498885056303 2.957308053308207 4
quiesc_diff -4.259788611205842 5.274303577706442 -0.5674874543655065 4
quiesc_diff -1.2039084298256038 4.078385008745453 6.4546717633942015 4
quiesc_diff 4.822773122924943 3.738169460578901 -3.442200208703827 4
quiesc_diff -1.1197545859799798 2.3781216165846506 -8.503741891150224 4
quiesc_diff -1.7549212630745312 6.324378948001943 -0.13633710202564742 4
quiesc_diff 4.356165213713991 4.111681169760926 -5.711452389287151 4
quiesc_diff 4.10647285248681 3.2521309052137912 1.14809870961418 4
quiesc_diff 1.4439869206891802 2.444923586495489 -8.429352635612972 4
quiesc_diff -4.478858618712523 5.244521348449661 4.552325135844411 4
quiesc_diff -4.067977229710522 5.720004940318861 -2.842452251730079 4
quiesc_diff -2.2260757426982054 4.958733404909494 -1.9437301365782673 4
quiesc_diff 0.8397750582913961 5.497594665498291 -3.9378735076655107 4
quiesc_diff 1.087643705095826 6.186774921310516 -6.382318680286969 4
quiesc_diff 4.263174706752274 6.1033052896910664 -7.617430218046101 4
quiesc_diff -1.3085875476189046 7.279038187922917 -4.969157558609386 4
quiesc_diff -4.669079577871377 2.363644490545422 1.2684334769037822 4
quiesc_diff -1.393035321504373 7.139315295955985 5.759488255384952 4
quiesc_diff -5.762180611612786 2.9857929319634056 -0.3640170398328142 4
quiesc_diff 2.6224147243202083 7.355363162693089 -2.9865690335035056 4
quiesc_diff -3.5883004554655455 5.411919068485068 1.315934292006342 4
quiesc_diff 1.8507495202441033 3.1152399141055427 6.369319587950212 4
quiesc_diff -4.959013600343366 4.681064503732959 -4.605184356547241 4
quiesc_diff 0.7252098643574302 4.021050692946203 -9.428943995920953 4
quiesc_diff -6.689847229579872 4.7974390379922145 -1.2655898746740109 4
quiesc_diff -0.6513418759624343 5.553759880006034 -7.318054941148565 4
quiesc_diff 3.838582384123964 6.592811800678245 -9.509546687840245 4
quiesc_diff -6.377437004706986 2.527766275650988 -5.730150926834666 4
quiesc_diff -4.969727725092849 4.686309725229042 -6.605148780026396 4
quiesc_diff -3.1998133038361933 4.177331877426177 5.738181019460099 4
quiesc_diff 1.8299994127682948 7.815043752866941 -4.764424969465557 4
quiesc_diff -2.6480708508557638 5.707905864383932 -5.395742732839759 4
quiesc_diff -7.391681323194063 3.8303440507221 0.4306280625616755 4
quiesc_diff 2.620257578661566 6.4200146122741195 -1.2041640683312624 4
quiesc_diff 1.8176665713351983 5.663181871698206 -8.29194251413833 4
quiesc_diff 1.699599351457678 4.731463957020281 5.200998797422127 4
quiesc_diff -6.468694629407313 6.429678671217103 -6.797596809142192 4
quiesc_diff 0.33665632577972415 8.08756116559502 -3.092902960607343 4
quiesc_diff -5.607899883816867 6.026327986814919 0.7041474322132345 4
quiesc_diff 0.392392933910821 8.241726660549512 0.9807744459014912 4
quiesc_diff -4.616264698480789 5.50500525719161 6.530523230709845 4
quiesc_diff 3.5947171926315766 5.378749553036029 2.184400810327227 4
quiesc_diff 3.6775590608495237 3.2403598637176723 5.13687528256814 4
quiesc_diff -4.511445953905518 6.831373525072177 2.3803362059397077 4
quiesc_diff 3.743516078865817 5.076452344093929 -10.834036044475818 4
quiesc_diff -2.2312351420623986 6.799258443293104 -2.7263162108737484 4
quiesc_diff 5.215102543326653 7.3267457046456315 -1.4379348557864227 4
quiesc_diff -3.8139947206427074 3.053924895613258 -6.7773126482500015 4
quiesc_diff -6.828645950709313 3.0158376941302008 -2.352812600947645 4
quiesc_diff -4.967054090729989 3.0547861664452567 3.1214133401297808 4
quiesc_diff -1.454753938529615 5.79824231152901 7.444200635547558 4
quiesc_diff 5.808097808999525 5.46181333786095 -5.974197260614722 4
quiesc_diff 0.023461826353551984 7.8801443184489965 -6.378193902545051 4
quiesc_diff 0.6443064617503463 6.460469781581948 6.438482126592609 4
quiesc_diff -5.973883988343682 6.562958618716294 -3.1687430800490373 4
quiesc_diff -4.6868427306632965 7.28866279521725 -1.7671299623693228 4
quiesc_diff 3.7999157402295407 7.239623480148873 0.5415046261981947 4
quiesc_diff -0.7818383009097442 9.146280457548576 -4.483419421734641 4
quiesc_diff -1.2057558548062999 2.453199808966955 -10.500480994485677 4
quiesc_diff 5.762749144154181 5.447140552179054 -3.8847642013523855 4
quiesc_diff -1.155506685808552 7.806167418629522 7.630019835901646 4
quiesc_diff 0.05464758266435221 8.506527400707299 5.572551716422955 4
quiesc_diff -4.585246868492389 6.627662207768744 -4.871747311220328 4
quiesc_diff -1.9623981476784462 3.552560301820179 -11.990077902172686 4
quiesc_diff 4.593708356956903 7.9953057721841025 -3.483883113867477 4
quiesc_diff 3.22803529313315 8.871320449035224 4.9872616985701175 4
quiesc_diff -2.6963234926637387 7.481417442221906 1.1959630762441265 4
quiesc_diff 4.066734643789236 6.915786410773115 3.373819670006328 4
quiesc_diff -2.648221701786416 5.743687364230409 -7.395422622600301 4
quiesc_diff -4.945124179407939 4.770414590569142 -8.603228117081322 4
quiesc_diff -0.5161055924470275 10.434803797820006 -2.9770682909457977 4
quiesc_diff -2.4034628361504167 5.733603546370809 4.749509833062815 4
quiesc_diff 0.61599796544395 6.586725658424605 -9.596955707793647 4
quiesc_diff 3.1780056399458116 8.601515165352481 1.8675811190666698 4
quiesc_diff 2.006869156359514 4.783385013883819 7.461527711571766 4
quiesc_diff -8.750360625835857 3.559753585026688 -2.247132843976112 4
quiesc_diff -3.1131565029331814 4.692894683897848 7.668643552492095 4
quiesc_diff -2.9658456092737184 8.486211995257333 -3.510239150312847 4
quiesc_diff -7.492597528634984 3.8392790323943267 2.4280604357803344 4
quiesc_diff -1.3731134708490074 6.733236467538631 -8.763005024811442 4
quiesc_diff -1.2070101582775332 4.08602337290933 8.454654771990402 4
quiesc_diff 6.516281737644927 3.908824524348953 -2.3920071687921913 4
quiesc_diff 2.195781168710954 8.500629675289442 -0.021856149728197938 4
quiesc_diff -7.671441100718928 6.969606144122883 -2.1925578310799105 4
quiesc_diff 1.5816158209720768 7.609925324328387 -7.697854494746922 4
quiesc_diff -5.921422681892623 8.049513117854318 1.6536302413079724 4
quiesc_diff 1.5254449648335886 2.472012506223772 -10.427509480675972 4
quiesc_diff -3.1877505248842284 6.7932011437792585 7.0781532277081824 4
quiesc_diff 5.507637546670487 5.347500780367431 -9.08931902241734 4
quiesc_diff 5.545713147153737 5.205005146878798 4.459705959827234 4
quiesc_diff 7.016414841351406 3.1411233885810423 -4.481524743195422 4
quiesc_diff -2.3516586281513403 9.028464142897997 6.593095900083724 4
quiesc_diff 0.7962760449909326 7.1272199694366 8.31793668384199 4
quiesc_diff -8.357328419986484 5.492693638580235 -0.40761113367786117 4
quiesc_diff -5.968106435521686 6.295225916543392 3.7288199138111153 4
quiesc_diff -1.4609070574723177 6.0247453326394185 9.431323812543674 4
quiesc_diff -7.665168575355062 2.47732226395104 -4.1975494923007135 4
quiesc_diff -6.0229222928527095 3.258083024585896 -7.557979355682414 4
quiesc_diff 2.5510568046916826 9.061201660965034 -1.9449246291506552 4
quiesc_diff 4.768026026280902 3.9655371027093507 6.648496852059422 4
quiesc_diff -8.54991552560708 5.208183271359524 -3.5326865582565823 4
quiesc_diff -5.1945091183599255 7.3741193680515895 -8.015990445698005 4
quiesc_diff 5.742157795971598 8.740445810485987 -0.12505071337082363 4
quiesc_diff 4.205626157024435 8.060975146822008 -7.212193380005506 4
quiesc_diff -6.840451692761806 7.4065777744971975 -0.054619041657075096 4
quiesc_diff 7.017003258654094 5.01958121287672 2.3680362335758987 4
quiesc_diff -2.954205812601959 3.709315566052423 -8.459937414117721 4
quiesc_diff 6.413927876621468 7.326647994448146 -4.09313414361228 4
quiesc_diff -0.7801370628969836 5.1776820638491605 -10.05833616337209 4
quiesc_diff 3.5585484501325735 5.406383978533088 5.4989773421144355 4
quiesc_diff -8.441491193727492 7.293490031237763 -4.739251172448998 4
quiesc_diff 0.6617291432618007 9.377290242216775 2.6049521942786393 4
quiesc_diff 5.7833745687392595 7.545478388372291 -6.040587231667866 4
quiesc_diff -5.186936194645464 8.837755759362514 -2.929118566322889 4
quiesc_diff 1.7193112040358793 9.659414425390246 -3.998889246730461 4
quiesc_diff 0.34501034651993623 9.36711103742332 -7.676476046703838 4
quiesc_diff 4.043470828844897 5.633263129026201 -12.731399714874325 4
quiesc_diff -5.957200113502927 3.53292736571425 4.792039524274079 4
quiesc_diff 3.368181609202834 9.582868641176901 -8.20341828948071 4
quiesc_diff 4.071175456011586 5.875925291778043 7.374275853818565 4
quiesc_diff -3.353809815925793 10.357124012680242 -2.91933137627415 4
quiesc_diff -3.2300694542406534 4.504369011085135 -10.274266290248908 4
quiesc_diff -4.280847337291833 7.355188826889323 5.500398746574659 4
quiesc_diff -0.45309281437780885 6.081747360309284 -11.812105817359464 4
quiesc_diff -9.388443541942072 3.88445548475431 0.5306910151840464 4
quiesc_diff -8.4657508717471 6.258668992045984 -6.533922919557735 4
quiesc_diff -0.47168137264274884 10.486520760460612 -5.935162722149088 4
quiesc_diff -10.110628980806307 4.899353834466418 -1.651195620632079 4
quiesc_diff -7.439914324747172 4.1357691216809185 -6.2644437225561385 4
quiesc_diff 4.6371820837442845 9.962872058367003 -1.2584979966086827 4
quiesc_diff 0.6640426038670693 3.2559305271819414 7.973044266944427 4
quiesc_diff 7.022649353953547 6.46275649816438 -9.768247522124145 4
quiesc_diff 5.9925822834637 7.061573027615789 5.054234074578207 4
quiesc_diff -5.318161493147803 8.152804294469751 -5.937945120418748 4
quiesc_diff 2.1469641426150616 9.119435603827233 -6.5138950396544875 4
quiesc_diff 0.07143689769419992 3.443921832083634 -11.678296152255262 4
quiesc_diff -3.397352974708097 6.18435054406622 -9.196705026297105 4
quiesc_diff 3.2380753363024715 6.475244983701985 -14.356947209409341 4
quiesc_diff -5.229181859792704 4.8797425225507896 2.346285395209577 4
quiesc_diff -6.799094452307724 3.9661248820874104 -9.259811752516116 4
quiesc_diff 2.1447528891927767 7.773579784256744 6.594695567917763 4
quiesc_diff 5.0379387860526545 8.588236757166744 3.88340023566617 4
quiesc_diff -3.1649042321101875 4.773189799853067 9.666360966662268 4
quiesc_diff 1.9688064197424728 5.805350330802405 -11.39893723122146 4
quiesc_diff 6.689209354500697 8.562824175106513 -1.984852696154954 4
quiesc_diff -2.31466260406585 9.567129987274958 -7.271534516706827 4
quiesc_diff -3.248693794083273 8.532741386028292 2.8051880497295247 4
quiesc_diff -8.381007625710255 4.146138659551426 4.19343990451665 4
quiesc_diff -1.8239950530769047 8.442597450191307 -9.698307558643325 4
quiesc_diff 1.7763050991051665 2.5229510660322045 -12.411060452080006 4
quiesc_diff -5.476739828424615 10.215242405580517 -1.508363698888159 4
quiesc_diff -3.281217726623014 8.518678796201755 -5.531992982015515 4
quiesc_diff 4.107968468595271 7.276953209976539 5.945192977978429 4
quiesc_diff -2.104410828412098 6.612119659164104 -10.661394136825297 4
quiesc_diff 6.160837796992867 5.391780073964682 6.487542329566386 4
quiesc_diff 3.4154695004356133 8.958151703038373 -10.464367533260875 4
quiesc_diff 3.5641378308568976 10.399093903808113 -3.0329095467687033 4
quiesc_diff 5.868654013322062 9.53525535933528 -3.539280246902815 4
