661
 Lattice="1.0 0.0 0.0 0.0 1.0 0.0 0.0 0.0 1.0"Properties=species:S:1:pos:R:3:Color:r:1
active_stem -0.9002165129951725 3.454570953818294 5.96652287746592 1
active_stem -5.093274087256573 -5.45679010827589 1.4438042720606372 1
active_stem 0.35438604996174017 6.694656485393371 -2.5479736378534357 1
active_stem -4.659822251125581 4.769411481461185 -0.7594181250389164 1
active_stem 1.5129348316330096 6.569751407711513 1.7307244812806692 1
active_stem -3.1134915475547302 -6.584638765202272 3.8228578498549455 1
active_stem -5.412431182681333 -7.183658885494834 -0.9394723370647748 1
active_stem -6.003662978280591 5.1170414643091275 2.9100886340819567 1
active_stem -1.3748506878465814 7.698423097486776 -2.594801973939191 1
active_stem -4.75419463214195 2.8983573683359483 -4.653592933906403 1
active_stem -7.230983187065362 1.327548689385979 -0.43346551023415925 1
active_stem -6.761552749575019 -2.591875055467258 -4.239979250252578 1
active_stem 0.17369834964765984 7.61842750108974 2.782734032804078 1
active_stem -8.63098082531819 -3.2279950302045606 -1.6864768072578051 1
active_stem -6.0441994055152914 -5.105859504808459 -2.787873461512206 1
active_stem -0.4979846745359301 6.493548725148525 4.417369531799531 1
active_stem -6.261260198969859 2.3868203500846232 -3.152278458231441 1
active_stem -4.5437661618324565 -5.562788643995057 -6.197510038303731 1
active_stem -5.950904296930578 6.447212969755642 1.4174867824013548 1
active_stem -2.1557405745358604 6.787708932286138 2.8950395975915284 1
active_stem 3.361922742100584 6.474020692454555 -3.239195285967003 1
active_stem -5.135178433754383 -7.383736695269073 -2.986898914975077 1
active_stem -6.70145394643315 -8.426058263418472 -1.8310238500266371 1
active_stem -2.6958048142497124 -8.028353797529308 2.302399331323705 1
active_stem -3.540845849967211 6.047283218777856 4.4072831037301405 1
active_stem -4.855455348259283 -7.526484200654807 -6.413726623743735 1
active_stem -6.211492437621583 -6.793007701896128 -4.5656919417736965 1
active_stem 2.5537808818557703 7.656486716588386 -4.635146873769812 1
active_stem -7.934246088018218 4.3528574645595555 3.908828544425917 1
active_stem -2.870398216241495 -9.91417967803293 2.9451884821373078 1
active_stem 1.1756349285030432 -10.17184383732833 1.7302498063352367 1
active_stem -5.337035678134716 -9.185032988509903 2.5758276952050516 1
active_stem -9.221546526032524 1.5194322545375587 -0.46241876539861904 1
active_stem -5.784328164696224 -8.79694687700236 0.1825769003690494 1
active_stem -0.23866305395287185 9.376921958628555 3.6416026581629657 1
active_stem -7.478537813856179 -5.029989784154863 -4.179605158300806 1
active_stem -5.646205691469563 3.93679057004454 -6.111664521869927 1
active_stem 1.6148219361950737 8.212839845291734 -2.8741954372827614 1
active_stem -6.1281067253019 -5.698918578658932 3.1380578584715138 1
active_stem -3.7521429545651657 -8.371222199635206 4.455506261007155 1
active_stem -1.7580986082109185 4.348632606171866 7.536456657120031 1
active_stem -6.783956873296052 6.9096988463447815 3.331420982750648 1
active_stem -9.482918621890034 0.03363953210051296 -1.9344430394599672 1
active_stem -4.8404175737565085 -4.092120634484036 5.690432755488126 1
active_stem -7.276990752089989 6.18165658343916 -0.055935940081667024 1
active_stem 0.707800038939613 7.075732039035391 5.903016129675489 1
active_stem -2.860615031720567 8.676008984112327 -3.5095861827793087 1
active_stem -3.9943569213516446 7.403784148905022 2.4052016073439604 1
active_stem -7.6945475153115 3.614069754597568 -3.815261390090776 1
active_stem -10.581900713997449 -3.491107828879837 -1.3333716626776515 1
quiesc_stem 0.0 0.0 0.0 2
quiesc_stem 1.4182629752989415 -1.366301454813838 0.34892759631445636 2
quiesc_stem -0.6595233812092084 -2.347165275363588 -1.2597786862810398 2
quiesc_stem 0.9597950050154114 1.6129426808843295 -0.690803486187743 2
quiesc_stem -2.154731734175656 0.42060536619476974 0.8801422064620343 2
quiesc_stem -0.23856102836467388 1.5553050973728482 1.2345503998750416 2
quiesc_stem -1.9127845950652769 -3.1670044061229583 0.06581556895686447 2
quiesc_stem 1.9784298093365185 2.9915941571680618 0.3395863635130316 2
quiesc_stem 0.32082322995860535 -2.877462760593655 1.064481586773021 2
quiesc_stem -3.292538314606988 0.6108805716849623 -2.520813852735392 2
quiesc_stem -3.284383192196568 -3.8293248339889874 -1.2303514492853198 2
quiesc_stem -1.9377156039350631 -2.9350170473345285 -2.6812761136279075 2
quiesc_stem -0.33717021539488085 2.8743594741311753 2.734674321218856 2
quiesc_stem 1.197151051042513 -4.076573399798409 -0.2749896614963456 2
quiesc_stem -0.2992671934005136 -2.2516429420394832 2.888469115149765 2
quiesc_stem 0.4914795263214815 4.577531629307796 -1.940047408662632 2
quiesc_stem -1.706449441812169 3.0470227779603887 4.182176232655539 2
quiesc_stem -5.038738429998693 -0.344483408140811 -2.325711769052376 2
quiesc_stem -1.2496536893863528 -4.5716064894094295 1.3257165133015998 2
quiesc_stem -3.4789318532097453 2.2284307944722346 2.299916131356252 2
quiesc_stem -1.8525217157879208 2.734446483141009 1.1655830755756253 2
quiesc_stem -4.558919631561735 -3.8987395682625183 0.30936880433093306 2
quiesc_stem 1.2757832938775437 4.6577177309087885 1.194174048504332 2
quiesc_stem -4.868224034931164 1.677503155704044 -1.9047531625214011 2
quiesc_stem -1.1655215770761276 5.403240391719928 -2.6967193210625373 2
quiesc_stem -3.5490298690389386 -4.308081148455792 -4.668759236723215 2
quiesc_stem -3.6102239224667674 -1.87479674916876 -2.9617201255082475 2
quiesc_stem -6.166883746904631 -4.832976511680187 -0.4266018046767578 2
quiesc_stem -4.245826443334554 -5.583020084710296 -1.2169409146671226 2
quiesc_stem -0.8709311344479609 -5.998096073015143 3.6349693225027337 2
quiesc_stem -0.47125903864405144 4.643932621731922 3.6569709452883785 2
quiesc_stem -1.3712479195650784 4.691259238441924 0.07798357836323161 2
quiesc_stem 0.9780840665773266 -6.04964911910282 -0.032127844388935234 2
quiesc_stem -4.448749827747252 0.9992290582285482 -4.10585656190168 2
quiesc_stem 1.9059895145584091 -7.554827668147435 -0.966702087080747 2
quiesc_stem 2.6986509467130544 4.677164053908459 -2.663541964986199 2
quiesc_stem -1.007508659649666 5.516053359513003 1.8633150346039975 2
quiesc_stem -2.4292001524915245 4.817935047154644 3.2879319898206303 2
quiesc_stem -4.8107332290669 -2.2489689523630116 -4.516960482213033 2
quiesc_stem -1.6029073410393926 -6.5259420752234245 1.5619034638616587 2
quiesc_stem -6.9385733994061205 -2.9474839936994246 -0.6583373891259559 2
active_diff 9.08131625046925 0.5635044794658108 -2.79912755857476 3
active_diff 2.1138502099988745 -7.507059304212074 3.5473067447464373 3
active_diff -5.928341592234119 -1.2945631348687776 3.0232778830607963 3
active_diff 9.688891851848124 -0.08152632346138688 2.4158190872670144 3
active_diff 7.379445234168435 2.2993361114615816 -6.533632909446122 3
active_diff 4.5253793583973865 2.0843243085303826 6.303330918987147 3
active_diff 1.0774300501968344 -8.193423212746291 -3.7269514537273354 3
active_diff -8.027674752612949 -5.553849113681508 -0.560016664264701 3
active_diff -1.3376562986736968 -7.807228757950918 4.3485564225651805 3
active_diff 3.807755611795371 -4.583168474181133 7.924816742799804 3
active_diff -2.521384819340483 1.5601505888090834 6.032986576849122 3
active_diff 4.526233088181693 -5.339197771091973 -8.308169167871458 3
active_diff 10.244238903771553 0.08535880769996262 -0.9102222010619356 3
active_diff -0.9417698640496428 7.047541166920816 -0.5011565628558299 3
active_diff 8.234006691572926 -5.413159123815419 -0.9593267648796376 3
active_diff 6.77642148509027 4.245100569877134 3.4598636884757203 3
active_diff 3.795860771719534 -0.3276317507455514 -9.409041783822492 3
active_diff -3.8426240768852917 -3.3612593112816973 -7.015889865809697 3
active_diff 0.5690305633787824 -4.953726715006142 -8.626777382946344 3
active_diff 6.654095479019426 -5.026254699554918 -5.238797621658451 3
active_diff -2.503092215083295 -7.421024531980852 -0.11338165655173549 3
active_diff 6.8862405274528005 -7.019562026646864 3.4807718927221356 3
active_diff 5.296156651607149 -7.2904551987671296 -0.8308295473188679 3
active_diff -7.27852465350331 0.17725175494981005 2.9195155046664336 3
active_diff 5.755921993002732 8.70991076601053 -0.11270303551486471 3
active_diff -1.3050260923271022 4.603549610304572 -6.094072972599461 3
active_diff -5.526238306571682 -4.598984113847448 -4.746362453638941 3
active_diff 10.142060725232522 -1.126091522998007 -2.9408544357628124 3
active_diff 0.9385032356623326 5.18959078750523 -5.3865609057348225 3
active_diff 6.702829878254031 -3.443976494223981 -10.05127298297355 3
active_diff 3.231978855446171 0.40436244766506335 7.92443320701328 3
active_diff 2.7695682845604104 8.392426676097719 -1.058561459889836 3
active_diff 5.51638734171169 -7.554725157439838 1.721074186208754 3
active_diff -1.480958769525503 2.284311419646993 8.305697556063379 3
active_diff 8.249794244507484 3.799704485323428 -7.529317268526346 3
active_diff -1.5903956523223508 -3.7292676550921198 -7.773188128243823 3
active_diff -5.470416086991127 -2.1257612162598982 5.032783578094461 3
active_diff 6.273546084662051 -1.9866345329571071 6.692648319922876 3
active_diff -1.5725017672322 -1.6603718404680918 6.8963757676344235 3
active_diff 9.960279282592522 1.6446605849495288 -5.61533796143008 3
active_diff -0.29103843723481704 0.874101192458326 -8.228383790176501 3
active_diff -3.3902328740807395 -8.218727425024971 -5.014060781924684 3
active_diff 11.167624840113014 1.0945477355903428 1.7599238539844575 3
active_diff 9.52875563445517 -3.4451306649027735 -3.9331160891308743 3
active_diff -6.831461308991138 0.38578793701283787 -2.828552142913229 3
active_diff -0.10446832973043318 -8.754142040178207 -1.6169509099973456 3
active_diff -4.732187773822043 4.471144579227594 4.997019594061169 3
active_diff 2.0170246534914575 4.399409140323597 6.168358349735552 3
active_diff -6.149187171371185 2.9138176706459142 -0.9933477295631642 3
active_diff 2.2566369217081412 -7.0197275181763095 -6.388507237276962 3
active_diff 7.640030668060025 -5.359328023974707 -7.450184633417141 3
active_diff 2.0884186292550524 1.4634393449623861 -9.064085093303548 3
active_diff 8.541533103684467 -2.9136031239214755 -7.59707441723488 3
active_diff -1.3788017390818985 2.606750388861943 -5.945759784484446 3
active_diff 4.064050257173337 2.739530548321327 -8.238517090972115 3
active_diff 5.209027402630012 6.591511444836994 -2.3084420838713124 3
active_diff -6.193081087081152 -0.5676944100255075 -5.981109179608217 3
active_diff 9.53415008054039 2.355781531426448 1.8755666776849937 3
active_diff 3.546879234311688 -7.817117297615136 -2.6068413299037494 3
active_diff 0.0803934685351897 -5.518244990447908 5.374143944576128 3
active_diff 5.50028000686447 0.9217312967281506 -10.077360554571744 3
active_diff 6.816562381788746 -1.558950494555069 -10.709863825767425 3
active_diff 13.087674127604842 0.5989853114101595 1.499484576334593 3
active_diff 3.363319001643493 5.873331994061808 6.045708647892893 3
active_diff -0.37231051825950034 2.7741944850264453 9.896582101597486 3
active_diff -2.721727954233672 -3.486540401207206 6.650373521479829 3
active_diff -6.981615565212925 -0.7953250158989689 4.648508709255318 3
active_diff 0.2995149625900344 3.6478647110667337 7.555007032218155 3
active_diff 4.127683578314957 -9.098742826100883 -4.028144365403414 3
active_diff 2.633854956990462 2.3131305725418865 9.726931706733335 3
active_diff 7.620760169801135 -6.187396345524129 1.2637276293431652 3
active_diff -6.695921719085886 -3.7924917790805415 1.7364203080143534 3
active_diff -0.8341312178936635 -9.062256746854846 2.016500071717516 3
active_diff 8.876719633073709 -4.289080291042312 0.8426185543754479 3
active_diff -7.06073817464925 3.402818194032754 0.7352674773101722 3
active_diff 6.098912188364464 2.2249585530196825 7.5297959377678385 3
active_diff 9.290952019737208 4.0641512315689745 -0.7234970760403544 3
active_diff -3.94266523182184 6.139697664409845 0.5086518992434045 3
active_diff -7.821058830596087 -0.8138902083065332 0.12995654755867536 3
active_diff -3.380585824885535 -0.2441964755088335 5.9548501349178045 3
active_diff 8.60038536193333 0.22241396705925376 5.966113822700975 3
active_diff 2.4101885117088035 -9.412093825736765 4.079309642049518 3
active_diff -0.34781056535684657 -3.2747718627516744 7.85047710497894 3
active_diff 10.8912839876489 1.176776471103112 -3.388970126250238 3
active_diff 2.0897109310461484 -7.170868341868939 -8.37578984552749 3
active_diff 8.823463200709767 -7.317444427672972 -1.1213098051905124 3
active_diff 3.1631488185791334 -3.027771430636703 9.036903793519944 3
active_diff -7.695007681094198 -7.018240802828341 0.760926029528192 3
active_diff 1.8354237795755253 -7.672114505422567 6.963832843112841 3
active_diff -6.103207756965186 1.4232790532952397 -5.813934262570838 3
active_diff -1.5032530855287523 -0.12653160498564353 8.177991447976032 3
active_diff 1.5715447672564988 -4.349386716039086 7.935920373844239 3
active_diff 8.21710479791916 3.47786252663665 5.54101020319076 3
active_diff -1.1377357198340885 3.139837708249005 -7.858272551571957 3
active_diff 4.167587891808093 -6.8522043082504105 4.868227416474575 3
active_diff -2.0194561098728006 -8.325068664188711 -2.103159796228092 3
active_diff 8.372959133685644 4.355996192602737 1.205114459998772 3
active_diff 9.367363083273816 -0.8610893101002621 -6.360548933914499 3
active_diff 4.915657152000848 -0.6517810193562175 8.147566285643524 3
active_diff -5.448687138422261 1.8510155262253227 4.531000113361443 3
active_diff 5.369285774916377 -4.87066326933287 6.612718589511024 3
active_diff -5.258601915365943 -0.8533201983271408 6.561190792347582 3
active_diff 12.201968430399525 0.26680576305047354 -1.2767902069804058 3
active_diff 7.730460198769045 5.312002614189166 4.856835470812413 3
active_diff -0.8103531773107435 -5.756308506230069 -6.973784246497266 3
active_diff -0.16494855327343605 6.6460001030413505 -4.57337823553454 3
active_diff 3.005910857132087 -6.3225768894011285 8.500580022699488 3
active_diff 9.47499002126138 -6.0896256915999984 -2.6340303681420587 3
active_diff 7.200542883356826 3.9958307231757 -9.220649902856271 3
active_diff -8.138960693609894 -1.1274185900230616 -2.8540740111349274 3
active_diff 7.768814751869574 -3.4790022815640524 5.184060058035558 3
active_diff 2.0987375610707493 -9.020756535682938 0.380109238195274 3
active_diff 7.330562488248339 -5.274405632020571 5.988667025911905 3
active_diff 2.0939561407848357 10.241517544923328 -1.41128116448362 3
active_diff 10.30924950622353 -1.3217100002053743 3.857034140128873 3
active_diff 6.665872188936003 -8.697085703931457 -0.44968657054889244 3
active_diff -3.460235572731692 5.473854099316631 -4.009232695397884 3
active_diff 6.743817674530841 0.12458521180416338 7.3700448235236875 3
active_diff 1.494000290926475 -1.398680725105196 -9.120522605133795 3
active_diff -3.669395565734171 -2.686650924772726 -8.890695297788207 3
active_diff -5.568132617039314 -7.373708982138185 1.7599235655608674 3
active_diff -3.6249514546866743 -4.62019815890271 4.1925087782459025 3
active_diff 5.6407305442127775 -7.516147028660412 -7.541357153136354 3
active_diff 7.529721488610684 5.2530826287319785 -3.0617335024883836 3
active_diff -2.924000961267211 -5.619270661855512 6.634648850391116 3
active_diff 4.345209478569525 4.382155326737068 -7.132744361357874 3
active_diff -1.4432462308334126 -0.721905022744284 -7.874574008789248 3
active_diff -3.273411278223191 2.362839202506973 -8.75370360286084 3
active_diff 0.2685169956397411 8.636234487913216 -0.3950469539726124 3
active_diff 7.605502182223863 -6.799970286582406 -3.656104187997052 3
active_diff 11.77497207885062 -2.0817485945188405 -2.292533471365288 3
active_diff -8.948771009973635 -0.3769945123448054 1.969205984621734 3
active_diff 8.594050730734256 2.9157937602743536 -3.980280246014166 3
active_diff 10.143915069450161 3.7504416711421986 3.172913876004669 3
active_diff 9.583010975604948 -5.809436834401734 -7.599280519573019 3
active_diff -5.604206622877848 -3.8552167272132025 3.72487802836026 3
active_diff 3.2951454443086625 8.485994024535993 2.9347681302076882 3
active_diff 6.165539861327666 7.100445078351451 1.5856010884259604 3
active_diff -3.1293205280780327 5.131811834955152 -6.720881423161047 3
active_diff -3.4254014808748154 6.680256050283335 -1.7040985162793623 3
active_diff -2.089189443661711 -9.34364480005973 -3.9933517678034245 3
active_diff -1.5569710960052654 -3.2020356754329993 -9.702153975183506 3
active_diff 4.9600916344717945 -2.467960890929128 -10.152635913039486 3
active_diff -0.8718201522734639 -7.7473661325121554 -5.419875429841619 3
active_diff 7.459938323221711 -0.2714362012490441 -8.679566850321892 3
active_diff 0.9511872871334215 0.6892606290260987 8.67017233123382 3
active_diff 2.077572696209244 -4.756252736883826 -9.924970227418948 3
active_diff -4.925775831623 -6.760447010910559 4.650334214750122 3
active_diff 10.028840224417943 -3.5920335827181678 4.152119967578071 3
active_diff 3.5638945316742685 -8.16693620757015 1.905539031629436 3
active_diff 5.999322917678971 -8.857971616424 -5.046470368102157 3
active_diff -1.3697028319852909 -9.730259394948984 4.8971238193994475 3
active_diff 2.2409775588855636 6.737403297796357 4.387209401350243 3
active_diff 5.643097965641257 4.819386555155704 5.412109924165838 3
active_diff -6.982454941252335 2.8233904205631517 3.0400223668080377 3
active_diff 2.0222248970654984 5.375169057752078 -7.413278218254342 3
active_diff -0.42371858655816824 -10.718211571855726 -1.4156795800681266 3
active_diff -3.5625041992963413 5.610770327275756 6.607248827612574 3
active_diff 0.22871798387107845 -2.949745836479727 -8.371369102658363 3
active_diff 7.6370314858012165 8.285815303178326 0.4179287713989024 3
active_diff 6.0400211926936835 2.8330326914342585 -7.919674466415072 3
active_diff 7.503786312050097 -1.8485952050638244 8.263461525517666 3
active_diff 7.093616158767609 -6.883779001119162 -5.835811056324673 3
active_diff 5.544993903596717 4.06595859836642 8.323576544830408 3
active_diff -5.022559124050563 0.8641365311227136 -7.886435053337788 3
active_diff 3.3363493850813146 2.0265513460290934 -10.52201983221251 3
active_diff -3.002689700546411 -5.598322429379275 -7.595544157613819 3
active_diff 6.833748986111715 7.532886736914256 -2.996985717663069 3
active_diff 4.224643631756902 -0.11471254096052669 -11.350899314395395 3
active_diff 11.154235936261369 3.2490946059276786 -5.599245059647823 3
active_diff -5.4609118574807995 6.323189985961244 5.194222589201942 3
active_diff 7.250172199105239 -8.517638723614953 1.4626413470633506 3
active_diff 1.0034708531902514 -8.969192722326472 -5.568882968519312 3
active_diff 6.32920302238659 -5.525659438564287 -9.15346879694782 3
active_diff 10.418729684912769 -2.5408162111735155 -7.016417105984415 3
active_diff 3.9206740682339545 9.038723865735356 0.636117783493718 3
active_diff 10.646291685599216 -4.748307681584211 -4.9591973907764295 3
active_diff 4.6236048903624605 7.2546246779246175 5.333424864973917 3
active_diff -3.611847447759743 -9.08110589603819 0.008239471226795955 3
active_diff 6.0278211769604555 -7.821861243475633 5.099237890318701 3
active_diff 1.4098285498105043 -1.5921160877861376 8.885296592449667 3
active_diff -6.612544760010155 4.880215542016312 -2.3053346587575043 3
active_diff 10.583593390393926 -2.4751431021776638 1.1143456235701237 3
active_diff 5.794676233574937 5.2916953587083455 -4.393482996957424 3
active_diff 9.324480498779044 -7.783961603678573 -7.413770605917661 3
active_diff 7.3534151091732065 5.085843669467397 -6.287403243826223 3
active_diff 3.2957270518108115 9.54482572854917 4.6314929412213255 3
active_diff -2.7167336196254435 -4.112618175670478 8.549847574196775 3
active_diff 5.502296723606863 -2.6856605672115683 8.400435492408501 3
active_diff 1.9258321027912604 -9.9870594823568 -3.475788380224755 3
active_diff 11.684976342220846 -0.5595754258086799 -4.08035911345348 3
active_diff -1.3723945036665903 -5.214020251454311 -9.095302051769515 3
active_diff 3.7619157025299237 -9.01053025204321 -1.0163933308986013 3
active_diff 0.30833047572757666 -1.443421461225544 10.548002790436433 3
active_diff 7.0685322838969356 -1.0771545780939187 10.056624454544677 3
active_diff 8.617575753221889 -5.349380096323272 -5.439633850414896 3
active_diff -5.081173737406492 -1.424409246837929 -9.533834738713661 3
active_diff 11.355600038197622 -0.6401169172945143 0.5859600743747637 3
active_diff 9.156449793441091 6.009076723723687 0.3967413136703879 3
active_diff 7.2181460960053085 -9.973290579008946 2.8337912311417677 3
active_diff 0.007208943604115545 -5.548421054833423 7.372576688115128 3
active_diff 1.059167719088715 -8.596680784250701 -9.327125521005822 3
active_diff 5.204885355626288 -9.321175188925169 -8.284265163752227 3
active_diff 3.863985777049998 -8.185876003819136 -6.626262082998694 3
active_diff 7.851187921501818 -9.488246642997272 -4.63011787502175 3
active_diff 2.3219508598508174 -0.30568233446393117 -10.760747297172218 3
active_diff -2.9183798264663436 0.5332971569201006 -9.479464287724127 3
active_diff -8.502832244971902 -1.8250239225892504 5.439470133588965 3
active_diff -5.770247443759853 -3.182297057837864 -6.136850614790838 3
active_diff -3.65092227649276 7.019953557296585 -5.2635113913195 3
active_diff 5.849159730376111 6.275355250801504 6.767725543142628 3
active_diff -8.42620565951486 0.697976351640949 -3.994454733288881 3
active_diff 7.537025264260209 6.00106103304975 2.87841313779491 3
active_diff 8.049107507438388 1.3778506811182143 -9.645347597707522 3
active_diff -5.2784030686344785 6.666516936750501 -0.8948753644967682 3
active_diff 1.8884839568362357 1.7977289267568373 -11.882654243849629 3
active_diff 10.128249461848009 -4.782230521824823 -0.8419665226731117 3
active_diff 4.458744388357048 -6.867497521745077 6.8468617970861985 3
active_diff 5.4798878721024495 -5.167857626967059 -10.92847348401644 3
active_diff -7.502892166019381 -2.058251236299167 -6.231379603629252 3
active_diff -2.8215717571508026 8.201410373080936 -0.5545424319661378 3
active_diff 4.12056305290052 2.518068908945003 8.213301960761086 3
active_diff 8.06871787142978 -4.3309476360122385 -11.21214859376618 3
active_diff 9.288037998538751 4.6380866426463445 -4.7233070957686225 3
active_diff 2.018698588009765 4.733594737317963 8.140239985307208 3
active_diff -1.5708070304055248 -9.17822028983106 -0.3210048802613476 3
active_diff 4.841024117931795 0.8553797142119757 9.460157780898554 3
active_diff -3.282617438210538 2.9246417813703447 -6.469621260755034 3
active_diff -1.0277369321427192 -7.655496953342636 -7.561855284288882 3
active_diff 11.25348310121181 -5.174891955145261 -2.64901555949847 3
active_diff -4.635283941803689 -5.236540293531749 7.59643262322623 3
active_diff 11.203401409199996 -6.504967964605164 -5.736225965493093 3
active_diff 0.184284692522529 10.809489166250218 -1.5861044954753591 3
active_diff 9.853692714330462 2.0916350073376515 -1.7655649393496937 3
active_diff 5.401224568425297 3.236837055208578 -9.771398233238873 3
active_diff 4.6369664359959994 5.242598493384966 9.661860773061978 3
active_diff -8.749536366853615 -2.434797120658713 -4.392451083153583 3
active_diff 4.491686744679068 10.813954585974148 1.3589596840912492 3
active_diff 8.742881080806145 1.355193527452355 -7.65150475950931 3
active_diff 8.416213295820663 -8.484396773569534 -2.94515067318273 3
active_diff -4.730221038655888 1.1699131891523877 6.377672374236864 3
active_diff -1.3599878390641518 -0.8157773235838532 -9.870634135973567 3
active_diff 5.5835326044287585 -5.700017391957556 8.420001089655738 3
active_diff -2.6598772845332492 7.572953623500631 5.3539742903745875 3
active_diff -5.347437834902261 4.211657013155053 6.882260577435585 3
active_diff 1.3106184556884297 4.59450722646401 -9.111566585334746 3
active_diff -7.005798775280963 -1.02702894702591 7.518859003853321 3
active_diff 9.974461830279896 4.47463185110924 -2.5577053520749327 3
active_diff 9.181322121097054 -2.3044822298809167 5.974835361185769 3
active_diff -0.7543307556309166 6.190743174252691 -7.179223301679605 3
active_diff -9.242102969451993 -2.220426178032136 0.08210133581185575 3
active_diff 0.2995197955304172 0.7125823869331395 10.560882667587851 3
active_diff 6.235540194101829 -9.687486986486077 5.7893780187959205 3
active_diff -7.989557573109662 0.7727979104384283 -5.9501644131227485 3
active_diff 11.579415287596214 2.2725360184908707 3.322860907326866 3
active_diff -8.170008516633507 4.883075135354374 1.495766455654847 3
active_diff -5.962330373268654 6.054998793129743 -3.787598320923494 3
active_diff 1.517211246780217 -9.900031692038418 -1.378011049597442 3
active_diff -2.295802546225681 -3.2391819551224907 -11.560311191909376 3
active_diff 0.1254557185054536 5.635655153287331 7.690626121453941 3
active_diff -0.7384498442014604 9.941154949895692 0.7377373906224489 3
active_diff -3.183814768306817 1.4706243649956732 8.967660413410643 3
active_diff -4.01974777993216 4.75327641400942 8.35528558256898 3
active_diff -3.668904804553436 3.009368427968962 6.7965083762744145 3
active_diff 2.771619841974033 -2.532527664143028 10.934649475171655 3
active_diff 4.5982122129251675 -10.868075387162095 -4.833169267117903 3
active_diff 8.960184373922075 9.54501944789289 -0.39673149926065043 3
active_diff 7.3061879103019995 -8.528658416186092 -6.953480488821901 3
active_diff 4.132236541148224 9.05937199531273 -2.3617572102148268 3
active_diff -1.3181648069542407 1.7180280976551499 11.307210410807546 3
active_diff -1.3161948744072263 -6.957813057987601 6.159090149377327 3
active_diff 3.4251690259146605 -0.7654460196871258 9.535093229409526 3
active_diff -4.817675871806649 6.173270539139404 -6.975479146603118 3
active_diff 10.806721551274766 3.7087085861107676 1.1338455464124917 3
active_diff 11.326612219980117 -0.46126989236612814 -6.399113859927056 3
active_diff 4.878887589145416 6.231456801774714 -6.589355247816083 3
active_diff 5.86378310376188 8.177637735351784 3.243490963830219 3
active_diff 0.18996698800838835 -4.925787255798412 -10.59032778781162 3
active_diff 10.941253963757477 -5.316895006657065 3.7135378926229627 3
active_diff 0.41627071342070865 -8.563204930078461 3.600035008142078 3
active_diff -6.380205168104442 0.30597578786814716 -9.244836247298675 3
active_diff 6.403376558891101 9.419167748843227 -1.8670567961382356 3
active_diff 11.169027155393454 5.467692846419086 3.158999413631357 3
active_diff 7.577489174146833 2.5474588269315563 8.837390550192305 3
active_diff -0.2502049754659898 1.2274888240514583 -10.196491970698336 3
active_diff 8.613723786718849 -6.1155614804429455 3.0351435706659995 3
active_diff 12.87605478880609 0.9330734796888458 -3.3530018228488387 3
active_diff 4.336609811740965 -6.827929991505408 -9.63018255242351 3
active_diff -3.2133959002354904 -9.912605729091297 -1.870278185641977 3
active_diff -10.783561259631568 0.12227149846893154 1.349304226109695 3
active_diff -5.275879749657005 7.960748563402686 6.327432642335184 3
active_diff -9.408834928216496 -6.445305211170836 -1.6991841653706077 3
active_diff 0.3637877288768958 -2.5771258080401527 -10.331703379864614 3
active_diff 9.892827714416786 -2.476488108621654 -9.005241075839333 3
active_diff 3.898563082782461 -9.003032828096481 5.351084086041393 3
active_diff 7.889456743961331 -6.98448451347274 -8.588891363573289 3
active_diff 14.32275304491397 0.14008025604965135 3.004139426518874 3
active_diff -2.4395161350037236 -1.9160233375303517 8.680452110767634 3
active_diff -7.718980488348293 -2.15947476000299 2.8098763262934914 3
active_diff 6.961357244638496 7.3623398262480295 -4.985610841616291 3
active_diff 2.547947357051427 -6.436416922975346 -10.90261841885236 3
active_diff 10.200735607358931 0.9734720923850474 4.036002506669308 3
active_diff 13.005972063854017 2.7894198724328643 -4.999434711992289 3
active_diff -4.2048953362020125 -6.8003334084005935 -8.649048412901912 3
active_diff -5.248903189768233 -8.34175698519347 5.831455493726782 3
active_diff -5.103244331748645 -4.377738496407746 -8.189604754201994 3
active_diff 1.998759604579468 8.422012169143807 1.153572541450455 3
active_diff 8.816226126535806 2.608778132206498 7.239758550932297 3
active_diff 1.301000326979953 -9.518182070816204 6.410275152065702 3
active_diff 13.76244862944156 -1.8595461556811501 -2.268805070118563 3
active_diff -1.697752088012276 7.968858728066527 1.1049769398695912 3
active_diff 8.569360642173077 0.7350695282630906 7.9129092381335 3
active_diff 4.5165430051477715 8.286383336671229 7.043399081982955 3
active_diff 0.1876410682477035 -3.3542937105808597 9.77582585878643 3
active_diff 12.067098476237812 -1.6796797129867347 2.194369075506332 3
active_diff 5.284093406752578 -8.674500456136403 3.361849249467039 3
active_diff 6.398571240008408 -9.693989728402435 -2.162792687722016 3
active_diff 1.0058174198956 6.922050026816361 -6.38358336522433 3
active_diff -0.9234374596625348 3.964433147951606 -9.66772512528289 3
active_diff -0.7301247063122877 8.456226407363712 -5.208718021141906 3
active_diff 6.8343735344312595 6.754128309557143 -1.1544032166110667 3
active_diff 2.1793420282313862 -4.772569213684301 9.793741426378144 3
active_diff -8.678721806282514 1.3353826579008998 3.75508761105744 3
active_diff -6.813868867576351 -3.464799519124094 5.666905845327213 3
active_diff 2.8619674609137675 -8.064520633565582 9.472646013695707 3
active_diff -1.5160155612659711 -0.27427890186477955 10.172485833898932 3
active_diff 3.9805095281958742 -10.049496638476764 1.3741275444954035 3
active_diff 5.532292440943654 -3.301369853891908 -11.878328741304776 3
active_diff 0.1396321770258625 -10.456824681140372 -6.589046630231527 3
active_diff 8.371143597950585 -5.09263844689305 7.686946050260278 3
active_diff 11.826467210792984 -1.940308665256874 5.003936981932615 3
active_diff -7.597432292303395 -3.992090262141915 3.816075978881099 3
active_diff 2.663755687264321 7.976463379753886 5.899158066968212 3
active_diff 9.060323842693226 -9.26738713295742 -0.7449848360652225 3
active_diff 5.93158598091072 -7.517610474335375 -2.713548338918487 3
active_diff 2.4730644025263318 -2.785622196397264 -10.177795900260168 3
active_diff 10.599154983796765 0.15239917737720368 5.970347962717787 3
active_diff 11.093612332720744 -2.6297718313481444 -4.87461143507678 3
active_diff 1.022307043367633 2.7916444644913456 -10.112549325833049 3
active_diff -1.6883727065274239 -11.50639532742502 5.759556808348028 3
active_diff -3.636525658494289 -10.607816217339144 -3.906051905252866 3
active_diff 3.3938341463637065 3.9675794683288528 -9.667749827400847 3
active_diff 9.537070038121925 -6.748401017179455 1.1495775222155067 3
active_diff 2.861953903015011 -0.5044620248255626 -12.761988270842965 3
active_diff 8.50683468059012 -0.853364991442068 -11.513062838280195 3
active_diff 10.828586535132635 -4.609026090449579 1.1390140369465125 3
active_diff 8.406093885243978 5.336263761870087 -10.086609515439571 3
active_diff 7.638776959024123 7.275824098547255 5.224258062828021 3
active_diff -4.793908027551053 7.945374204062837 0.630790905567791 3
active_diff -8.476838755272608 -4.58588585256852 1.2904826953665132 3
active_diff -8.472575950453795 -8.14470557400092 -0.9456044516444894 3
active_diff -7.907225137060338 -8.114423372465073 2.420247434623622 3
active_diff 2.288572671040781 1.2274149059028832 11.370708344304264 3
active_diff 4.420648516513474 -4.683518505033153 9.825945922696373 3
active_diff -1.4485143101153812 -10.960516728352092 1.8781437974175788 3
active_diff 4.989489058277613 7.115713450974714 -4.550427610823824 3
active_diff 10.518144448709979 2.3746142826236545 -7.3918384696440835 3
active_diff -3.1506130545273425 -11.026812662198456 -0.03033532128982349 3
active_diff -6.571963188398348 3.3491355918620527 5.233771188809713 3
active_diff 8.794837053312783 6.737064518057533 -3.5058960404204385 3
active_diff 12.06350880420274 -3.4408436297507983 -7.712586837125332 3
active_diff 2.8686478635226687 6.550221999789889 7.861506099498024 3
active_diff 0.10114880647423868 -11.94359804305756 0.07527387860416845 3
active_diff -1.7683328996117604 -9.277162366443024 -6.345071828727214 3
active_diff -5.08206063350071 -9.088168495580346 -4.396168350115126 3
active_diff -8.107051195718048 3.252302618414049 -1.2218130492567858 3
active_diff 6.827876949945825 1.4192184286536178 -11.488031639654874 3
active_diff 14.151736356543024 0.2012308097886255 -0.8362167628342725 3
quiesc_diff -0.756521826495388 -0.4245331161741705 -1.8020672460559095 4
quiesc_diff 2.7319816585995027 -0.4100914439053559 -0.8171794468790236 4
quiesc_diff -0.7141779126883083 -0.6629797335881733 1.7465416633677897 4
quiesc_diff 4.316251457230971 -0.6957604894933886 -2.003974459312524 4
quiesc_diff 2.431429424848787 -2.3005540369573656 1.7982949956527716 4
quiesc_diff 3.7773968526372625 -1.6584341579472217 0.3441764591091373 4
quiesc_diff 2.3894754583916473 -2.3618941525005663 -1.0882715871663033 4
quiesc_diff 2.334806115976123 -0.39723536939007675 2.4049596360203953 4
quiesc_diff 0.4498923913721554 -3.410224876462058 -2.5400524570269916 4
quiesc_diff 5.34277773510339 -0.739934702620231 -3.719868523563584 4
quiesc_diff 0.914902348828139 0.34119564708766664 -2.58946846986596 4
quiesc_diff -0.9612662643218398 0.12583110141201126 3.5677294112601743 4
quiesc_diff 1.5829595884863727 -2.2871076944701603 3.6093494213001223 4
quiesc_diff 4.061546225624747 -3.12577929947871 -1.876090621964709 4
quiesc_diff -2.5802825811504406 1.3847205278826964 -0.8196779109746626 4
quiesc_diff 2.0145427285705093 1.5768666164869625 2.3861790065364823 4
quiesc_diff 2.85585881640636 1.4569299381059384 -1.5234977949957436 4
quiesc_diff 5.504328154243061 -1.5992113476773142 1.3512518973350112 4
quiesc_diff -0.482668199731755 -1.2882251025572133 -3.5850536015185974 4
quiesc_diff 0.4393727784857359 -4.338977242089722 -4.311297324651379 4
quiesc_diff 3.544938778533702 0.5867269718404406 -3.3307384410373646 4
quiesc_diff 2.252985803518376 -1.1050392683119223 -2.9328883844943685 4
quiesc_diff 6.7050402939693585 -0.6082286338192782 -5.178256068817911 4
quiesc_diff 4.674347636924997 1.3814363083173353 -0.694402431656834 4
quiesc_diff -2.3490723108887805 -0.9389815163567431 -4.21319738390762 4
quiesc_diff 5.400271882511252 -3.383596360730275 -0.4127574478306011 4
quiesc_diff 6.72740261559268 -0.4913874264914957 -2.298236295503526 4
quiesc_diff -3.038925688612519 0.31301847398251803 2.670847685194205 4
quiesc_diff 5.656733717523095 -0.38974096830154453 -0.5515766617062239 4
quiesc_diff 2.3908474825796535 -4.613569978901552 -3.9702030441778633 4
quiesc_diff 1.9067055632644172 0.9171390015452358 4.271153971850889 4
quiesc_diff 4.178638743962773 -3.380796126714154 1.2782397295522183 4
quiesc_diff 2.883800742617364 1.0774067865827417 -5.153409507595768 4
quiesc_diff -2.1179985759265034 -1.4848916941637447 3.30784013656352 4
quiesc_diff 3.9149139615498942 0.7942183195444077 2.6942644985454223 4
quiesc_diff 1.9593222099561023 -4.236244166404046 1.9721296884185255 4
quiesc_diff 1.3509326897023957 -1.9931709604786836 -4.481281834888647 4
quiesc_diff 0.05213745870787401 3.3721748023182063 -0.40574187609925444 4
quiesc_diff 3.029515370495554 0.9630395747300918 0.6061915152901979 4
quiesc_diff 5.886219782254741 0.3286435261461058 1.7221081631980468 4
quiesc_diff -0.3962904003087432 -5.207939940407844 -2.3115896987368947 4
quiesc_diff 2.8385991210689805 4.483182658576384 -0.6778970504157553 4
quiesc_diff -1.2369391046795915 1.0533871263355408 -3.061015614974237 4
quiesc_diff 1.278991311955962 -3.580894661832886 5.1039124243031715 4
quiesc_diff 7.364496343575872 -1.4771961885994604 -6.854565439840075 4
quiesc_diff 0.6353451719228147 2.3053259719315653 -2.842529434594473 4
quiesc_diff -0.5278648233095617 -7.156417282765018 -2.7430108590115463 4
quiesc_diff 5.28193932019715 -3.6322598602372445 -3.377462706523935 4
quiesc_diff 5.459395321802154 -2.0856189535006164 -6.834271697287992 4
quiesc_diff 4.424690198804138 -0.6867232961061407 -5.49589887857128 4
quiesc_diff 0.5661559475148439 1.2063827273427403 -4.512121180021603 4
quiesc_diff 3.6459837075910695 -2.217781669418703 -3.839178177015613 4
quiesc_diff 6.7014442891415085 -4.309203665138492 -1.617000565415327 4
quiesc_diff -4.143325505705255 0.6120223407448466 0.7860446311065595 4
quiesc_diff -2.2074539297786995 -4.82466684909499 -3.278322897622026 4
quiesc_diff 2.7911378954845194 -2.3123965636191652 5.426906673092659 4
quiesc_diff 4.51294809813629 1.783981468887664 4.326050048082948 4
quiesc_diff 4.924697048995231 -1.886722668940287 3.243701374064786 4
quiesc_diff 8.501196077986933 -0.7565684390864396 -1.4131737082665943 4
quiesc_diff 0.8695868177877148 -5.841016767404666 -5.559813702108693 4
quiesc_diff 0.2990637216016667 -0.6099741387959849 -5.471402143959009 4
quiesc_diff 3.955281546889413 2.516625580663523 1.4601982534444724 4
quiesc_diff -1.0208720381917664 2.811957927872487 -3.9887783857087866 4
quiesc_diff 2.2002170920868265 -4.21531777176082 -2.003220200164988 4
quiesc_diff 3.992267896484524 -5.528566228119389 -4.743659262619504 4
quiesc_diff 4.668061883723252 -4.324265780068398 2.9724445588059356 4
quiesc_diff 3.9468618824422226 5.311993787722651 0.7659955231355622 4
quiesc_diff 6.6988975021942805 1.2557787061433132 -0.09752859493936722 4
quiesc_diff 4.067072787729275 2.1973434389724114 -6.31341345667995 4
quiesc_diff -2.601765521171388 -0.8571552958260089 -1.1633859820973087 4
quiesc_diff -0.6713191419268678 -4.01211388427511 3.7615781628303786 4
quiesc_diff 5.932989160911762 0.9853061276656927 -6.108086167214128 4
quiesc_diff 2.8139249011798397 -5.232243526321379 -0.05033687122988137 4
quiesc_diff 4.743343139136863 1.9752649250698415 -4.128102436292251 4
quiesc_diff -1.9707259591081092 2.9863218639372957 -1.8508490339569077 4
quiesc_diff 3.353749128626416 -0.4883284638080997 4.123522170559216 4
quiesc_diff -1.0664544080919667 -2.838420325729465 -4.705807112769996 4
quiesc_diff 1.0549905959359882 -0.6139159663168178 5.2357535259735615 4
quiesc_diff -0.6776474571160449 1.2266448452888987 5.213259560935626 4
quiesc_diff -4.075272166099884 -1.6747575539913235 3.672574352783685 4
quiesc_diff 2.1105737248747025 3.5432187670810897 2.738652080121792 4
quiesc_diff 4.012684728357914 3.046040125214514 -1.8929333410185967 4
quiesc_diff 1.7023986694838635 -6.216980958850403 2.0754353194389417 4
quiesc_diff 5.751476138951756 3.0158350236122877 -0.28387225059361393 4
quiesc_diff 2.7902216800837403 -3.870856716347568 3.79443663829337 4
quiesc_diff 7.722982726290459 -0.3365166336862868 2.150901644012514 4
quiesc_diff -2.8553522338727606 0.6405104190324377 -5.330733005542956 4
quiesc_diff 5.14283477892854 4.685511071119667 -1.7061289493997778 4
quiesc_diff 2.700986525012332 -3.1823431269125297 -5.354908872212906 4
quiesc_diff 6.4300510097613595 3.911367555378833 1.3706843755916407 4
quiesc_diff 3.501260407255077 4.649553777123006 3.656264959829471 4
quiesc_diff 0.6075539388542095 5.797769843976198 -0.30707566709118916 4
quiesc_diff -3.439314659218424 3.5984504644106607 0.3079203941971288 4
quiesc_diff 6.730353194902577 -2.173066366998918 -3.863979508288033 4
quiesc_diff 2.419984660870586 -0.7698928120210828 -5.763621630804751 4
quiesc_diff 4.773174652087706 -2.5682114895815467 5.504938840362213 4
quiesc_diff -0.5762771552270383 -2.4594177582764907 -6.607407311191801 4
quiesc_diff 5.019241076690362 3.560777365282652 2.7935163586325906 4
quiesc_diff 5.46127632527963 0.0970015724700094 3.7538173512333755 4
quiesc_diff 6.591627579470419 -2.0713929672814535 -8.600876999005292 4
quiesc_diff -1.568398388742989 -5.791544647350191 -0.7997800514984066 4
quiesc_diff 1.6399801884085938 -6.329576247612314 -3.269117605526055 4
quiesc_diff -2.0978899885615627 -7.095540781527518 -3.9804740027344243 4
quiesc_diff -1.1512019349360292 -5.294248771521644 -5.057975559288003 4
quiesc_diff 1.2729412784968943 3.8536019634148335 -3.936290221548402 4
quiesc_diff -4.26538578917621 -0.2668109879173681 -6.420950065310843 4
quiesc_diff 2.6914105375093804 -4.371005585985299 6.2789854683400526 4
quiesc_diff 3.6544059000674514 -0.2666687849547451 6.088330683508323 4
quiesc_diff 2.868938417581938 2.6216332420708657 -3.8657764204458127 4
quiesc_diff 6.217436517131878 -5.399143768861123 -3.322999434741248 4
quiesc_diff 3.0837749808533808 6.418220329372517 -1.1200712359793847 4
quiesc_diff 3.187429422227133 -5.954433795231161 -1.9734330867154046 4
quiesc_diff 4.021877811169477 -6.465021353366922 0.9601623105572371 4
quiesc_diff -0.9828154341118529 0.6369893060924441 -6.366872968307393 4
quiesc_diff -1.0632738993326678 -1.2626121143332243 5.003633265649642 4
quiesc_diff -2.9055708871594845 -2.1407965155975606 1.5904238446299035 4
quiesc_diff -5.089251703617734 3.354087976067694 2.673768895027407 4
quiesc_diff 1.4846616545024465 -4.497948121388648 -6.908090215784225 4
quiesc_diff 6.613900065994984 -3.0564944534900755 2.154480458931208 4
quiesc_diff -5.985526852705451 -0.0726138649732877 0.41514375091005873 4
quiesc_diff -4.054110854730371 -1.8451911271739594 -0.2071024320652003 4
quiesc_diff -0.30247995908345615 1.1295328871112265 7.175355026502698 4
quiesc_diff -5.978652118705048 -2.1052024700437935 -2.197529699971342 4
quiesc_diff 1.8060943375706953 0.8577564093661093 6.3627067583457455 4
quiesc_diff 6.592813778994234 1.4967912879762155 -2.127850719821204 4
quiesc_diff 6.689615291891784 -2.153246453010016 4.145936747133309 4
quiesc_diff 6.503240237125203 -3.718281880324912 -7.329043927842357 4
quiesc_diff 8.514309221626458 1.0786690447350713 0.722783819195737 4
quiesc_diff 5.999561359427216 -5.66168571954582 2.3103138680142483 4
quiesc_diff -3.52846521836643 1.3330991637360343 4.320025187830083 4
quiesc_diff -2.759716964434981 4.331055767791634 5.296575984456049 4
quiesc_diff 6.965552444303269 1.3398955365630345 3.068366079075594 4
quiesc_diff 8.260062732979872 0.5935129508873014 -5.549365726144035 4
quiesc_diff -2.7905528480426156 -5.159937612910055 2.4568647228536955 4
quiesc_diff 4.278446430467349 -4.483841903258314 4.981633442944411 4
quiesc_diff 6.965563170860683 -1.811824962253391 -0.03714243245821425 4
quiesc_diff 4.575876265311223 7.168253243798329 0.36769696944303654 4
quiesc_diff -2.5627247071579196 3.8419878258335025 -4.738264047018174 4
quiesc_diff 0.6793100875905382 2.616966781440712 -5.925432457450698 4
quiesc_diff 2.365719738262505 1.4815308633169706 -7.0834849842692025 4
quiesc_diff 1.7216436360354312 2.6218651311218206 5.300552294284499 4
quiesc_diff 4.062061861758104 -0.7028967242712425 -7.462682829439452 4
quiesc_diff 5.212489063677618 -5.370196785541145 -0.27801189097558787 4
quiesc_diff -3.147958561196855 -2.0664636793919473 -5.659075916532737 4
quiesc_diff -3.46492643975538 2.5887497643307213 -3.119431451164353 4
quiesc_diff 8.227708404980689 -4.546878247027752 -2.8874448348838517 4
quiesc_diff 4.902165955442314 -6.004519420963413 -6.459920921145507 4
quiesc_diff 6.702840759561639 2.3424677064119392 -4.287887269503259 4
quiesc_diff 8.374906199940778 -3.366342246019648 3.0505004038374812 4
quiesc_diff -2.696050055683554 -2.6264754427089825 4.844929279003895 4
quiesc_diff -5.677682395541391 -2.307801289197479 0.865281496321039 4
quiesc_diff 0.3778096183848747 -7.576984738923658 1.4462663724182405 4
quiesc_diff -5.828386283163002 1.8442538534726967 0.9637100562766575 4
quiesc_diff 3.655191875391244 -2.3241210764081264 7.230589920120033 4
quiesc_diff 3.4704361287901904 -5.901329491744103 3.252734766334958 4
quiesc_diff 1.5500331863465722 4.880177739735714 4.116452867646927 4
quiesc_diff 0.9677298288805247 -7.398589443814348 5.182740131152141 4
quiesc_diff 5.637165409294911 0.8699717920537632 -8.082721905523421 4
quiesc_diff -4.9138472755021265 3.8684570861840206 -2.6066180522227844 4
quiesc_diff -2.7189783650730934 1.1559789136671152 -7.258346659506755 4
quiesc_diff -5.034714424307521 0.7405985516777479 2.5717920807128083 4
quiesc_diff 2.3117191372208463 3.6471983003221884 -6.448752352150144 4
quiesc_diff 4.5636492856160045 3.92937113086498 -3.6006114111190275 4
quiesc_diff -4.448457968767131 -3.2537903171797176 2.2074686169503073 4
quiesc_diff 8.472403043763354 -1.0700051410354345 -4.363890445756711 4
quiesc_diff 8.24933186950157 1.741904102229427 4.54833212617545 4
quiesc_diff 4.703330709385814 -3.203245404698351 -8.3105092856981 4
quiesc_diff -4.61455755141501 -3.708940102858072 -2.719023236681166 4
quiesc_diff 6.154740289285182 -4.886235677712934 4.418072793464119 4
quiesc_diff -0.508384295308046 -3.1042495505818914 5.86423990406314 4
quiesc_diff 1.4300294981472963 -5.3325490902160855 3.909903656846698 4
quiesc_diff 0.5923966579255511 -0.7925124723077914 -7.441335022324751 4
quiesc_diff 8.280680572379564 -0.9662015951253025 4.389731288901176 4
quiesc_diff 8.900491453002365 -2.3108718063332288 0.046552193308275466 4
quiesc_diff 5.321933789022973 -7.019338897778608 -4.645753891893208 4
quiesc_diff 6.983883868695699 5.628245493495088 0.507203449355112 4
quiesc_diff 2.1394652369344986 2.2170763470763952 7.7913820714944935 4
quiesc_diff 6.9327030391369835 -4.391890075342568 0.38411050564479476 4
quiesc_diff 7.775495419430349 2.7649678631842796 -0.8480517543907822 4
quiesc_diff -2.680093482174552 -6.364779817248231 -5.776622841978293 4
quiesc_diff 0.7419108067575124 -1.4974227502636732 7.002501048492794 4
quiesc_diff 6.887108900760234 3.42901224715888 -2.5520117107196576 4
quiesc_diff 3.6347141115739485 6.649139882562214 2.2201633573958555 4
quiesc_diff 6.049180813975849 2.929674221773897 4.898218868247222 4
quiesc_diff 8.069502421285382 -2.548094320550103 -2.426609206823047 4
quiesc_diff 4.573183392542626 -3.651824674071444 -5.8788038675001575 4
quiesc_diff 6.049609770416501 0.673193835423179 5.576416109448218 4
quiesc_diff -3.8470962127200092 -5.946129804569181 -3.510473761264835 4
quiesc_diff -1.8608127627410747 -4.683760077604476 5.222398588833684 4
quiesc_diff 4.214437415448663 3.9878391715503847 6.832430412822866 4
quiesc_diff -2.9095247173787757 4.752197426090239 -1.8323993602340336 4
quiesc_diff 4.9930944472683105 5.967814785013936 3.8476261683650135 4
quiesc_diff 2.1932266731800207 -2.029078715030094 -7.300837190406561 4
quiesc_diff 7.762425716100773 -3.063866901787252 -5.32729790091775 4
quiesc_diff 5.5469416953406725 3.3995729789165416 -5.709565669923409 4
quiesc_diff -3.1324223945444767 -5.292260896398516 0.461697202248767 4
quiesc_diff -4.977848184941626 -0.1116608289381007 4.5340180005864195 4
quiesc_diff 2.939523400353945 4.655265979875177 -4.697761715314992 4
quiesc_diff 0.9896616772613465 2.8713341686433838 -7.884763752335891 4
quiesc_diff 9.957055925876423 -2.7936736713778965 -1.8127423240601164 4
quiesc_diff 3.2116416275493496 -7.356922204470107 -4.525171157700808 4
quiesc_diff 2.748015911808952 -3.678843152536019 -8.285969771048523 4
