61
 Lattice="1.0 0.0 0.0 0.0 1.0 0.0 0.0 0.0 1.0"Properties=species:S:1:pos:R:3:Color:r:1
active_stem -0.6595233812092084 -2.347165275363588 -1.2597786862810398 1
active_stem 0.9597950050154114 1.6129426808843295 -0.690803486187743 1
active_stem -2.154731734175656 0.42060536619476974 0.8801422064620343 1
active_stem -0.23856102836467388 1.5553050973728482 1.2345503998750416 1
active_stem -1.9127845950652769 -3.1670044061229583 0.06581556895686447 1
active_stem 1.9784298093365185 2.9915941571680618 0.3395863635130316 1
active_stem 0.32082322995860535 -2.877462760593655 1.064481586773021 1
active_stem -3.292538314606988 0.6108805716849623 -2.520813852735392 1
active_stem -3.284383192196568 -3.8293248339889874 -1.2303514492853198 1
active_stem -3.038925688612519 0.31301847398251803 2.670847685194205 1
active_stem -1.9377156039350631 -2.9350170473345285 -2.6812761136279075 1
active_stem -0.33717021539488085 2.8743594741311753 2.734674321218856 1
active_stem 1.197151051042513 -4.076573399798409 -0.2749896614963456 1
active_stem 0.05213745870787401 3.3721748023182063 -0.40574187609925444 1
active_stem 2.8385991210689805 4.483182658576384 -0.6778970504157553 1
active_stem -0.2992671934005136 -2.2516429420394832 2.888469115149765 1
quiesc_stem 0.0 0.0 0.0 2
quiesc_stem 1.4182629752989415 -1.366301454813838 0.34892759631445636 2
active_diff -0.756521826495388 -0.4245331161741705 -1.8020672460559095 3
active_diff 2.7319816585995027 -0.4100914439053559 -0.8171794468790236 3
active_diff -0.7141779126883083 -0.6629797335881733 1.7465416633677897 3
active_diff 4.316251457230971 -0.6957604894933886 -2.003974459312524 3
active_diff 2.431429424848787 -2.3005540369573656 1.7982949956527716 3
active_diff 3.7773968526372625 -1.6584341579472217 0.3441764591091373 3
active_diff 2.334806115976123 -0.39723536939007675 2.4049596360203953 3
active_diff 0.4498923913721554 -3.410224876462058 -2.5400524570269916 3
active_diff 5.34277773510339 -0.739934702620231 -3.719868523563584 3
active_diff 0.914902348828139 0.34119564708766664 -2.58946846986596 3
active_diff -0.9612662643218398 0.12583110141201126 3.5677294112601743 3
active_diff 1.5829595884863727 -2.2871076944701603 3.6093494213001223 3
active_diff 4.061546225624747 -3.12577929947871 -1.876090621964709 3
active_diff -2.5802825811504406 1.3847205278826964 -0.8196779109746626 3
active_diff 2.0145427285705093 1.5768666164869625 2.3861790065364823 3
active_diff 2.85585881640636 1.4569299381059384 -1.5234977949957436 3
active_diff 5.504328154243061 -1.5992113476773142 1.3512518973350112 3
active_diff -0.482668199731755 -1.2882251025572133 -3.5850536015185974 3
active_diff 0.4393727784857359 -4.338977242089722 -4.311297324651379 3
active_diff 3.544938778533702 0.5867269718404406 -3.3307384410373646 3
active_diff 2.252985803518376 -1.1050392683119223 -2.9328883844943685 3
active_diff 6.7050402939693585 -0.6082286338192782 -5.178256068817911 3
active_diff 4.674347636924997 1.3814363083173353 -0.694402431656834 3
active_diff -2.3490723108887805 -0.9389815163567431 -4.21319738390762 3
active_diff 5.400271882511252 -3.383596360730275 -0.4127574478306011 3
active_diff 6.72740261559268 -0.4913874264914957 -2.298236295503526 3
active_diff 5.656733717523095 -0.38974096830154453 -0.5515766617062239 3
active_diff 2.3908474825796535 -4.613569978901552 -3.9702030441778633 3
active_diff 1.9067055632644172 0.9171390015452358 4.271153971850889 3
active_diff 4.178638743962773 -3.380796126714154 1.2782397295522183 3
active_diff 2.883800742617364 1.0774067865827417 -5.153409507595768 3
active_diff -2.1179985759265034 -1.4848916941637447 3.30784013656352 3
active_diff 3.9149139615498942 0.7942183195444077 2.6942644985454223 3
active_diff 1.9593222099561023 -4.236244166404046 1.9721296884185255 3
active_diff 1.3509326897023957 -1.9931709604786836 -4.481281834888647 3
active_diff 3.029515370495554 0.9630395747300918 0.6061915152901979 3
active_diff 5.886219782254741 0.3286435261461058 1.7221081631980468 3
active_diff -0.3962904003087432 -5.207939940407844 -2.3115896987368947 3
active_diff -1.2369391046795915 1.0533871263355408 -3.061015614974237 3
active_diff 1.278991311955962 -3.580894661832886 5.1039124243031715 3
active_diff 7.364496343575872 -1.4771961885994604 -6.854565439840075 3
active_diff 0.6353451719228147 2.3053259719315653 -2.842529434594473 3
quiesc_diff 2.3894754583916473 -2.3618941525005663 -1.0882715871663033 4
