186
 Lattice="1.0 0.0 0.0 0.0 1.0 0.0 0.0 0.0 1.0"Properties=species:S:1:pos:R:3:Color:r:1
active_stem -3.292538314606988 0.6108805716849623 -2.520813852735392 1
active_stem -3.284383192196568 -3.8293248339889874 -1.2303514492853198 1
active_stem -1.9377156039350631 -2.9350170473345285 -2.6812761136279075 1
active_stem -0.33717021539488085 2.8743594741311753 2.734674321218856 1
active_stem 1.197151051042513 -4.076573399798409 -0.2749896614963456 1
active_stem 2.8385991210689805 4.483182658576384 -0.6778970504157553 1
active_stem 0.4914795263214815 4.577531629307796 -1.940047408662632 1
active_stem -2.2074539297786995 -4.82466684909499 -3.278322897622026 1
active_stem -1.706449441812169 3.0470227779603887 4.182176232655539 1
active_stem -5.038738429998693 -0.344483408140811 -2.325711769052376 1
active_stem -1.2496536893863528 -4.5716064894094295 1.3257165133015998 1
active_stem -3.4789318532097453 2.2284307944722346 2.299916131356252 1
active_stem -1.8525217157879208 2.734446483141009 1.1655830755756253 1
active_stem -4.558919631561735 -3.8987395682625183 0.30936880433093306 1
active_stem 1.2757832938775437 4.6577177309087885 1.194174048504332 1
active_stem -3.439314659218424 3.5984504644106607 0.3079203941971288 1
active_stem -4.868224034931164 1.677503155704044 -1.9047531625214011 1
active_stem -1.1655215770761276 5.403240391719928 -2.6967193210625373 1
active_stem -3.5490298690389386 -4.308081148455792 -4.668759236723215 1
active_stem -3.6102239224667674 -1.87479674916876 -2.9617201255082475 1
active_stem -6.166883746904631 -4.832976511680187 -0.4266018046767578 1
active_stem -4.245826443334554 -5.583020084710296 -1.2169409146671226 1
active_stem -5.089251703617734 3.354087976067694 2.673768895027407 1
active_stem -5.978652118705048 -2.1052024700437935 -2.197529699971342 1
active_stem -0.8709311344479609 -5.998096073015143 3.6349693225027337 1
active_stem -0.47125903864405144 4.643932621731922 3.6569709452883785 1
active_stem -2.7905528480426156 -5.159937612910055 2.4568647228536955 1
active_stem -1.3712479195650784 4.691259238441924 0.07798357836323161 1
active_stem 0.9780840665773266 -6.04964911910282 -0.032127844388935234 1
quiesc_stem 0.0 0.0 0.0 2
quiesc_stem 1.4182629752989415 -1.366301454813838 0.34892759631445636 2
quiesc_stem -0.6595233812092084 -2.347165275363588 -1.2597786862810398 2
quiesc_stem 0.9597950050154114 1.6129426808843295 -0.690803486187743 2
quiesc_stem -2.154731734175656 0.42060536619476974 0.8801422064620343 2
quiesc_stem -0.23856102836467388 1.5553050973728482 1.2345503998750416 2
quiesc_stem -1.9127845950652769 -3.1670044061229583 0.06581556895686447 2
quiesc_stem 1.9784298093365185 2.9915941571680618 0.3395863635130316 2
quiesc_stem 0.32082322995860535 -2.877462760593655 1.064481586773021 2
quiesc_stem -0.2992671934005136 -2.2516429420394832 2.888469115149765 2
active_diff 5.34277773510339 -0.739934702620231 -3.719868523563584 3
active_diff -0.9612662643218398 0.12583110141201126 3.5677294112601743 3
active_diff 5.504328154243061 -1.5992113476773142 1.3512518973350112 3
active_diff 0.4393727784857359 -4.338977242089722 -4.311297324651379 3
active_diff 6.7050402939693585 -0.6082286338192782 -5.178256068817911 3
active_diff -2.3490723108887805 -0.9389815163567431 -4.21319738390762 3
active_diff 5.400271882511252 -3.383596360730275 -0.4127574478306011 3
active_diff 6.72740261559268 -0.4913874264914957 -2.298236295503526 3
active_diff -3.038925688612519 0.31301847398251803 2.670847685194205 3
active_diff 5.656733717523095 -0.38974096830154453 -0.5515766617062239 3
active_diff 2.3908474825796535 -4.613569978901552 -3.9702030441778633 3
active_diff 1.9067055632644172 0.9171390015452358 4.271153971850889 3
active_diff 2.883800742617364 1.0774067865827417 -5.153409507595768 3
active_diff -2.1179985759265034 -1.4848916941637447 3.30784013656352 3
active_diff 3.9149139615498942 0.7942183195444077 2.6942644985454223 3
active_diff 1.3509326897023957 -1.9931709604786836 -4.481281834888647 3
active_diff 0.05213745870787401 3.3721748023182063 -0.40574187609925444 3
active_diff 5.886219782254741 0.3286435261461058 1.7221081631980468 3
active_diff -0.3962904003087432 -5.207939940407844 -2.3115896987368947 3
active_diff 1.278991311955962 -3.580894661832886 5.1039124243031715 3
active_diff 7.364496343575872 -1.4771961885994604 -6.854565439840075 3
active_diff 0.6353451719228147 2.3053259719315653 -2.842529434594473 3
active_diff -0.5278648233095617 -7.156417282765018 -2.7430108590115463 3
active_diff 5.28193932019715 -3.6322598602372445 -3.377462706523935 3
active_diff 5.459395321802154 -2.0856189535006164 -6.834271697287992 3
active_diff 4.424690198804138 -0.6867232961061407 -5.49589887857128 3
active_diff 0.5661559475148439 1.2063827273427403 -4.512121180021603 3
active_diff 6.7014442891415085 -4.309203665138492 -1.617000565415327 3
active_diff -4.143325505705255 0.6120223407448466 0.7860446311065595 3
active_diff 2.7911378954845194 -2.3123965636191652 5.426906673092659 3
active_diff 4.51294809813629 1.783981468887664 4.326050048082948 3
active_diff 4.924697048995231 -1.886722668940287 3.243701374064786 3
active_diff 8.501196077986933 -0.7565684390864396 -1.4131737082665943 3
active_diff 0.8695868177877148 -5.841016767404666 -5.559813702108693 3
active_diff 0.2990637216016667 -0.6099741387959849 -5.471402143959009 3
active_diff 3.955281546889413 2.516625580663523 1.4601982534444724 3
active_diff -1.0208720381917664 2.811957927872487 -3.9887783857087866 3
active_diff 2.2002170920868265 -4.21531777176082 -2.003220200164988 3
active_diff 3.992267896484524 -5.528566228119389 -4.743659262619504 3
active_diff 4.668061883723252 -4.324265780068398 2.9724445588059356 3
active_diff 3.9468618824422226 5.311993787722651 0.7659955231355622 3
active_diff 6.6988975021942805 1.2557787061433132 -0.09752859493936722 3
active_diff 4.067072787729275 2.1973434389724114 -6.31341345667995 3
active_diff -2.601765521171388 -0.8571552958260089 -1.1633859820973087 3
active_diff -0.6713191419268678 -4.01211388427511 3.7615781628303786 3
active_diff 5.932989160911762 0.9853061276656927 -6.108086167214128 3
active_diff 2.8139249011798397 -5.232243526321379 -0.05033687122988137 3
active_diff 4.743343139136863 1.9752649250698415 -4.128102436292251 3
active_diff -1.9707259591081092 2.9863218639372957 -1.8508490339569077 3
active_diff 3.353749128626416 -0.4883284638080997 4.123522170559216 3
active_diff -1.0664544080919667 -2.838420325729465 -4.705807112769996 3
active_diff 1.0549905959359882 -0.6139159663168178 5.2357535259735615 3
active_diff -0.6776474571160449 1.2266448452888987 5.213259560935626 3
active_diff -4.075272166099884 -1.6747575539913235 3.672574352783685 3
active_diff 2.1105737248747025 3.5432187670810897 2.738652080121792 3
active_diff 4.012684728357914 3.046040125214514 -1.8929333410185967 3
active_diff 1.7023986694838635 -6.216980958850403 2.0754353194389417 3
active_diff 5.751476138951756 3.0158350236122877 -0.28387225059361393 3
active_diff 2.7902216800837403 -3.870856716347568 3.79443663829337 3
active_diff 7.722982726290459 -0.3365166336862868 2.150901644012514 3
active_diff -2.8553522338727606 0.6405104190324377 -5.330733005542956 3
active_diff 5.14283477892854 4.685511071119667 -1.7061289493997778 3
active_diff 2.700986525012332 -3.1823431269125297 -5.354908872212906 3
active_diff 6.4300510097613595 3.911367555378833 1.3706843755916407 3
active_diff 3.501260407255077 4.649553777123006 3.656264959829471 3
active_diff 0.6075539388542095 5.797769843976198 -0.30707566709118916 3
active_diff 6.730353194902577 -2.173066366998918 -3.863979508288033 3
active_diff 2.419984660870586 -0.7698928120210828 -5.763621630804751 3
active_diff 4.773174652087706 -2.5682114895815467 5.504938840362213 3
active_diff -0.5762771552270383 -2.4594177582764907 -6.607407311191801 3
active_diff 5.019241076690362 3.560777365282652 2.7935163586325906 3
active_diff 5.46127632527963 0.0970015724700094 3.7538173512333755 3
active_diff 6.591627579470419 -2.0713929672814535 -8.600876999005292 3
active_diff -1.568398388742989 -5.791544647350191 -0.7997800514984066 3
active_diff 1.6399801884085938 -6.329576247612314 -3.269117605526055 3
active_diff -2.0978899885615627 -7.095540781527518 -3.9804740027344243 3
active_diff -1.1512019349360292 -5.294248771521644 -5.057975559288003 3
active_diff 1.2729412784968943 3.8536019634148335 -3.936290221548402 3
active_diff -4.26538578917621 -0.2668109879173681 -6.420950065310843 3
active_diff 2.6914105375093804 -4.371005585985299 6.2789854683400526 3
active_diff 3.6544059000674514 -0.2666687849547451 6.088330683508323 3
active_diff 2.868938417581938 2.6216332420708657 -3.8657764204458127 3
active_diff 6.217436517131878 -5.399143768861123 -3.322999434741248 3
active_diff 3.0837749808533808 6.418220329372517 -1.1200712359793847 3
active_diff 3.187429422227133 -5.954433795231161 -1.9734330867154046 3
active_diff 9.08131625046925 0.5635044794658108 -2.79912755857476 3
active_diff 4.021877811169477 -6.465021353366922 0.9601623105572371 3
active_diff -0.9828154341118529 0.6369893060924441 -6.366872968307393 3
active_diff -1.0632738993326678 -1.2626121143332243 5.003633265649642 3
active_diff -2.9055708871594845 -2.1407965155975606 1.5904238446299035 3
active_diff 1.4846616545024465 -4.497948121388648 -6.908090215784225 3
active_diff 2.1138502099988745 -7.507059304212074 3.5473067447464373 3
active_diff 6.613900065994984 -3.0564944534900755 2.154480458931208 3
active_diff -5.985526852705451 -0.0726138649732877 0.41514375091005873 3
active_diff -4.054110854730371 -1.8451911271739594 -0.2071024320652003 3
active_diff -0.30247995908345615 1.1295328871112265 7.175355026502698 3
active_diff -5.928341592234119 -1.2945631348687776 3.0232778830607963 3
active_diff 1.8060943375706953 0.8577564093661093 6.3627067583457455 3
active_diff 6.592813778994234 1.4967912879762155 -2.127850719821204 3
active_diff 6.689615291891784 -2.153246453010016 4.145936747133309 3
active_diff 9.688891851848124 -0.08152632346138688 2.4158190872670144 3
active_diff 6.503240237125203 -3.718281880324912 -7.329043927842357 3
active_diff 8.514309221626458 1.0786690447350713 0.722783819195737 3
active_diff 5.999561359427216 -5.66168571954582 2.3103138680142483 3
active_diff -3.52846521836643 1.3330991637360343 4.320025187830083 3
active_diff -2.759716964434981 4.331055767791634 5.296575984456049 3
active_diff 6.965552444303269 1.3398955365630345 3.068366079075594 3
active_diff 8.260062732979872 0.5935129508873014 -5.549365726144035 3
active_diff 4.278446430467349 -4.483841903258314 4.981633442944411 3
active_diff 6.965563170860683 -1.811824962253391 -0.03714243245821425 3
active_diff 7.379445234168435 2.2993361114615816 -6.533632909446122 3
active_diff 4.575876265311223 7.168253243798329 0.36769696944303654 3
active_diff -2.5627247071579196 3.8419878258335025 -4.738264047018174 3
active_diff 0.6793100875905382 2.616966781440712 -5.925432457450698 3
active_diff 2.365719738262505 1.4815308633169706 -7.0834849842692025 3
active_diff 1.7216436360354312 2.6218651311218206 5.300552294284499 3
active_diff 4.062061861758104 -0.7028967242712425 -7.462682829439452 3
active_diff 5.212489063677618 -5.370196785541145 -0.27801189097558787 3
active_diff -3.147958561196855 -2.0664636793919473 -5.659075916532737 3
active_diff -3.46492643975538 2.5887497643307213 -3.119431451164353 3
active_diff 8.227708404980689 -4.546878247027752 -2.8874448348838517 3
active_diff 4.5253793583973865 2.0843243085303826 6.303330918987147 3
active_diff 4.902165955442314 -6.004519420963413 -6.459920921145507 3
quiesc_diff -0.756521826495388 -0.4245331161741705 -1.8020672460559095 4
quiesc_diff 2.7319816585995027 -0.4100914439053559 -0.8171794468790236 4
quiesc_diff -0.7141779126883083 -0.6629797335881733 1.7465416633677897 4
quiesc_diff 4.316251457230971 -0.6957604894933886 -2.003974459312524 4
quiesc_diff 2.431429424848787 -2.3005540369573656 1.7982949956527716 4
quiesc_diff 3.7773968526372625 -1.6584341579472217 0.3441764591091373 4
quiesc_diff 2.3894754583916473 -2.3618941525005663 -1.0882715871663033 4
quiesc_diff 2.334806115976123 -0.39723536939007675 2.4049596360203953 4
quiesc_diff 0.4498923913721554 -3.410224876462058 -2.5400524570269916 4
quiesc_diff 0.914902348828139 0.34119564708766664 -2.58946846986596 4
quiesc_diff 1.5829595884863727 -2.2871076944701603 3.6093494213001223 4
quiesc_diff 4.061546225624747 -3.12577929947871 -1.876090621964709 4
quiesc_diff -2.5802825811504406 1.3847205278826964 -0.8196779109746626 4
quiesc_diff 2.0145427285705093 1.5768666164869625 2.3861790065364823 4
quiesc_diff 2.85585881640636 1.4569299381059384 -1.5234977949957436 4
quiesc_diff -0.482668199731755 -1.2882251025572133 -3.5850536015185974 4
quiesc_diff 3.544938778533702 0.5867269718404406 -3.3307384410373646 4
quiesc_diff 2.252985803518376 -1.1050392683119223 -2.9328883844943685 4
quiesc_diff 4.674347636924997 1.3814363083173353 -0.694402431656834 4
quiesc_diff 4.178638743962773 -3.380796126714154 1.2782397295522183 4
quiesc_diff 1.9593222099561023 -4.236244166404046 1.9721296884185255 4
quiesc_diff 3.029515370495554 0.9630395747300918 0.6061915152901979 4
quiesc_diff -1.2369391046795915 1.0533871263355408 -3.061015614974237 4
quiesc_diff 3.6459837075910695 -2.217781669418703 -3.839178177015613 4
