31
 Lattice="1.0 0.0 0.0 0.0 1.0 0.0 0.0 0.0 1.0"Properties=species:S:1:pos:R:3:Color:r:1
active_stem 1.3718974381006157 2.185157954018622 -2.4554156008390384 1
active_stem 0.519045537679367 2.1594824807679753 -0.5040729933032584 1
active_stem -1.6520571969715478 2.4922106143960816 0.6164603802053417 1
active_stem -0.37812120320796316 3.9467421625517973 -0.47588312073173933 1
active_stem 1.8140151531160995 0.24080408777532114 0.8070702668144019 1
active_stem 1.730154742502194 3.1451653652324816 0.745584457867722 1
active_stem 3.1970201142662247 2.9984006749276872 -2.5423839504525914 1
active_stem 2.7074546640508323 5.011786993339573 -3.3320888266135475 1
active_stem -3.1239900704180767 1.1458052254939899 0.9084807877115728 1
active_stem -0.5831185839174023 4.135290454290148 1.5046283322987195 1
active_stem 2.355839789923284 0.7532412697418184 -1.0486867747961095 1
active_stem -1.638887342928545 1.6886595300011993 -4.6291310417384 1
active_diff 0.13051561782095353 0.7366226002015958 -1.8548188101205614 3
active_diff -1.7434815655644278 0.8392958916333283 -0.5058205579298136 3
active_diff -3.456427296840617 1.4581973598264728 -1.3321243122302833 3
active_diff 0.16809885160067495 1.1803784109530417 1.6057551441756324 3
active_diff 1.5483445126453743 2.334691253534764 -4.441997142639025 3
active_diff 1.5803080095184292 4.1086364630733225 -1.9486657030334185 3
active_diff -1.5032835934141555 1.5850268385886883 -2.6364263751136043 3
active_diff 1.6340829821213463 2.41121643264767 -6.43869261561773 3
active_diff -0.35025000900800773 2.117916535062916 3.2946413820691793 3
active_diff -3.3012897172796585 3.28325816516298 -2.135296391072935 3
active_diff 0.12804083063591046 0.7949755126332468 -3.8539658314872076 3
active_diff -0.6633692502381736 3.61239929396879 4.586337021182563 3
active_diff -2.7328513480020984 3.674158442655713 1.8143265389937484 3
active_diff 3.028848056424889 3.469120196960387 -7.405889603286744 3
active_diff 1.7123993103364166 1.7646575325184113 2.7343622508568632 3
active_diff -5.116355668007309 4.108805300289587 -2.2902400007939683 3
active_diff -3.876293029940003 1.6676811005880827 -3.2763026292900737 3
active_diff 0.13091248491289909 3.739377428099701 -4.575200737726871 3
quiesc_diff 0.0 0.0 0.0 4
