935
 Lattice="1.0 0.0 0.0 0.0 1.0 0.0 0.0 0.0 1.0"Properties=species:S:1:pos:R:3:Color:r:1
active_stem 8.952981088402197 8.748050450035736 4.681471405812262 1
active_stem 2.0403235271472253 13.848514278251775 0.6115119055073739 1
active_stem 8.173384978015225 3.8327403552931476 8.408921246988484 1
active_stem 10.084956527242088 4.8098644118107785 4.935114174433397 1
active_stem 8.536290584649958 10.465118487525734 3.744430116053401 1
active_stem 5.1687913211655845 12.340187218562571 -10.592795030272521 1
active_stem 10.678322641395862 4.777192587050286 7.196688331771064 1
active_stem 7.185685272117061 12.671714722958317 4.488673357120321 1
active_stem 12.216222240337073 8.141050776384366 -2.390562750708145 1
active_stem -1.9944328448207407 5.493175902701657 13.240726873291818 1
active_stem -4.035141201741405 5.720612463026502 14.868452155482588 1
active_stem 10.058049159130936 7.075533852052732 6.554458450851763 1
active_stem 11.019410945429511 3.423014047960615 3.7862369345154576 1
active_stem 11.820656242770397 7.693398305707166 7.26962261774934 1
active_stem 9.63894879599142 4.879323751765943 9.278855663865128 1
active_stem 13.926289479055534 8.714535142459589 -1.526395104398055 1
active_stem 8.587470345077717 8.448513643933133 9.025062430297218 1
active_stem 11.548296087198413 3.6277713315611844 5.70414072814761 1
active_stem 8.62776573531666 13.975954143926453 4.020310815438418 1
active_stem 10.514464025788655 9.828553716653486 4.05355124601539 1
active_stem 4.762750189626613 14.261182005948251 -10.21212505991027 1
active_stem 2.9238424488105843 15.293388778811101 -0.452317024676542 1
active_stem 11.850885605035595 5.348623070056104 4.166197013505724 1
active_stem -1.8872603245979356 5.682021746888309 15.228904757195199 1
active_stem -4.867166451865307 15.364726012820512 -1.9159748672886334 1
active_stem -3.8657877586555998 5.927581256165454 16.850492349318625 1
active_stem 1.8431814430666171 16.2050389827758 2.8440734965722916 1
active_stem 9.69668803326285 12.02803781130416 3.2853430343219756 1
quiesc_stem 1.3718974381006157 2.185157954018622 -2.4554156008390384 2
quiesc_stem 0.519045537679367 2.1594824807679753 -0.5040729933032584 2
quiesc_stem -1.6520571969715478 2.4922106143960816 0.6164603802053417 2
quiesc_stem -0.37812120320796316 3.9467421625517973 -0.47588312073173933 2
quiesc_stem 1.730154742502194 3.1451653652324816 0.745584457867722 2
quiesc_stem 3.1970201142662247 2.9984006749276872 -2.5423839504525914 2
quiesc_stem 2.7074546640508323 5.011786993339573 -3.3320888266135475 2
quiesc_stem -3.1239900704180767 1.1458052254939899 0.9084807877115728 2
quiesc_stem -0.5831185839174023 4.135290454290148 1.5046283322987195 2
quiesc_stem 2.355839789923284 0.7532412697418184 -1.0486867747961095 2
quiesc_stem -1.638887342928545 1.6886595300011993 -4.6291310417384 2
quiesc_stem 3.3280408200322604 1.5174110524086752 0.5277837870688027 2
quiesc_stem 0.009238959835781935 5.450932804495869 -1.7357889175175958 2
quiesc_stem -2.2576178792382144 1.8304662627110493 2.5760054473394494 2
quiesc_stem -1.6397727416083745 5.808772028030769 1.792623841612662 2
quiesc_stem -1.141467876503444 2.0824887864605452 -6.525831437472541 2
quiesc_stem 3.1377729451298713 0.9230679941705254 -2.8816459735941864 2
quiesc_stem -2.3460830407170814 2.0164647580239294 4.565371797448414 2
quiesc_stem 4.819701856062069 1.1990377452339283 -1.8352445998047426 2
quiesc_stem 1.1513880868498856 6.344320611720846 2.7743607140316926 2
quiesc_stem 4.201557532855444 5.411801886366821 -0.16401085323531372 2
quiesc_stem 0.6227062645618385 7.298538453093328 -1.277519091647607 2
quiesc_stem -1.6437543704389483 4.01346765016223 -6.387886136909854 2
quiesc_stem 6.18479143216826 4.5516456706230946 -0.5188568521978488 2
quiesc_stem -2.0455742511931776 8.161091518834299 -0.8725488736267947 2
quiesc_stem -0.8323680931443665 7.361958324036353 2.7599449173363166 2
quiesc_stem 2.174020565517608 7.824364429962019 3.648256079427344 2
quiesc_stem 5.818473853140198 1.9735984687151142 -3.385247884798961 2
quiesc_stem -2.44707330276354 2.2098483804435194 6.553437123727122 2
quiesc_stem 4.147076971085163 6.641363765030323 -5.329878486983628 2
quiesc_stem 4.494425914625973 1.541590885554325 2.1522717515605883 2
quiesc_stem 6.062836095506132 3.650735004601487 1.2653916476549925 2
quiesc_stem -1.6883838743902362 8.447616223800864 4.205138297800307 2
quiesc_stem 5.921863173023006 2.2701944357087527 3.3487498082094875 2
quiesc_stem -4.099796388761138 2.4132384148028816 5.441191503882542 2
quiesc_stem 6.281938591740193 2.040050131921917 -0.7607391813583035 2
quiesc_stem -2.78427003500653 2.5991774611221232 8.48597980907785 2
quiesc_stem -2.3350761379014844 9.53047143951569 0.5560823910552296 2
quiesc_stem 5.688065531410464 6.30861058841913 0.8289786341990714 2
quiesc_stem 7.222212225926434 6.033341478102479 -1.3722826725104158 2
quiesc_stem 0.5201753389814792 9.295666322504502 -1.246411495777533 2
quiesc_stem -5.032111599204184 2.800572861523316 7.167679376634712 2
quiesc_stem 7.613841925519129 5.586436854092885 4.190797404919029 2
quiesc_stem -3.9132407760946126 8.755739798911414 -0.47478616199594437 2
quiesc_stem 8.205656630588942 2.587116756534862 -0.7659368002863174 2
quiesc_stem 5.101867687695147 7.936619674304357 1.8902512413276948 2
quiesc_stem 6.111713895381205 8.716904106957507 -7.628023867385155 2
quiesc_stem 5.309078645424783 2.133555270727253 -5.312663341789648 2
quiesc_stem 8.66857022235674 7.387873635307279 -1.1015592319659684 2
quiesc_stem 0.15294765762813378 10.560977501900737 0.25829161425539104 2
quiesc_stem -1.8698400920187477 10.28156760749368 3.4281595572062282 2
quiesc_stem 7.2028843974203784 7.436618247688385 1.486947116582789 2
quiesc_stem 6.590237832268737 2.963913564803156 5.101470289292155 2
quiesc_stem -2.687535057151777 11.258602157279705 1.4991290137422224 2
quiesc_stem -4.569922794385798 2.986843972959398 9.299096589448988 2
quiesc_stem 6.865215393297587 9.773408506012618 -9.14987601112809 2
quiesc_stem 8.255957491247456 8.485261304339167 2.8253733561625323 2
quiesc_stem -3.5723372173349874 10.856881448819289 -0.2864266644084317 2
quiesc_stem 7.507578029799811 2.464103412961853 2.1454594436099983 2
quiesc_stem -1.4838612162315592 12.846581599123951 1.670857220407311 2
quiesc_stem 5.2533451357425305 2.2326717178862374 -7.309428151626069 2
quiesc_stem -2.465730296483426 4.189358694994213 11.799220924312689 2
quiesc_stem 6.097638323148662 9.62147380216676 2.302206832858533 2
quiesc_stem 8.278557862112832 6.520745299724094 5.829461632898804 2
quiesc_stem 0.8004580710080165 12.427310873377012 -0.05400633815322653 2
quiesc_stem 8.438823002863174 3.6785630719960563 4.83312545716886 2
quiesc_stem -4.48118060907129 12.470281726612786 -1.042034520980292 2
quiesc_stem -3.6082546414611016 12.858607450947414 0.7295456801749133 2
quiesc_stem -4.991763213292237 3.649184101786336 11.138486764132532 2
quiesc_stem 8.792659884651814 4.657278791884393 6.541023288050305 2
quiesc_stem 5.15081553338217 2.491183569085543 -9.289998600620331 2
quiesc_stem 6.480372184142267 10.955461974560185 3.742342363828927 2
quiesc_stem 9.2621603584504 2.8432533576397634 3.027324609855846 2
quiesc_stem 6.722930741047478 10.577889182634648 -7.224107396217269 2
quiesc_stem -2.3857415515095144 12.199124848244654 3.6665288348801903 2
quiesc_stem -6.996058732420711 3.9184875513306623 10.04509744366996 2
quiesc_stem 10.653528605472166 7.505753850751017 -1.3161389889486053 2
quiesc_stem -3.8496022799743006 4.748424269507945 13.130515037836318 2
quiesc_stem 8.130116753838621 6.828803230539175 7.800011187879915 2
quiesc_stem 6.267546582591551 3.4731501711751895 -10.627404057507743 2
quiesc_stem -4.246217113003011 12.491851545647654 4.7932987355576415 2
active_diff 4.624372642363665 10.712121615459855 -12.21787049138598 3
active_diff 0.8102426253975137 13.237584096081697 7.411224096530481 3
active_diff -2.5308859453256956 11.868244182908068 9.160156315561887 3
active_diff 4.717641685307927 13.339486138170525 3.8464602371159615 3
active_diff 9.966583795039359 6.761156948944586 3.9042752663452767 3
active_diff 8.501817571002608 11.600384616729079 -2.01129546051418 3
active_diff -10.260623828237671 5.233372847618051 -7.060047594276921 3
active_diff -4.423117462823505 5.794405682962539 -15.60914627882908 3
active_diff 2.8733756337164396 7.461358295494131 -18.197005615854938 3
active_diff -12.007784892780494 4.628597910894479 -4.167252469698625 3
active_diff 5.744438408962417 6.100105116435527 12.07380261547327 3
active_diff -11.123061045442642 8.640648160219381 -8.25122072181579 3
active_diff -12.177007763946209 6.709435714836132 -2.954412724922274 3
active_diff -2.741832202984172 12.104724613466752 -8.503744443517517 3
active_diff -5.643763088404067 11.276051408192266 -7.475985690056927 3
active_diff 3.7300576192386528 12.774035131140588 -8.06771208673934 3
active_diff 6.729367445590588 11.738510562938814 -9.496169587401507 3
active_diff -9.123094448224727 12.410324088498843 -3.9552591613674206 3
active_diff -2.9546122465542757 10.458600981856726 12.03837169920398 3
active_diff -0.8489357880700761 13.7874784061928 -1.5283675565868509 3
active_diff 11.338878481948813 6.177583889058486 -4.099401755932805 3
active_diff -5.4069258431584135 6.899700173863624 -13.939937368141585 3
active_diff -10.580294749231003 2.953811898574259 -6.368298883154254 3
active_diff -0.47359881570152684 10.183409058520143 13.200068369774844 3
active_diff 9.681689084241048 9.096501643572044 -10.5492487039437 3
active_diff 7.231011371097817 10.444674461289981 6.503008983404903 3
active_diff -8.474825405506257 12.601364478789511 1.3233816799895917 3
active_diff -10.945534969585399 5.03712376162907 5.826582262077036 3
active_diff -2.8069613639973428 14.007426345448295 2.620512670511892 3
active_diff 8.967400922007483 6.436110934528781 -8.106167832483964 3
active_diff -4.651318596388716 9.145336268051 -13.424239594349485 3
active_diff 0.703301212682348 13.413308965308282 -10.095000620006735 3
active_diff 9.818194633426609 4.675337893918916 0.6776374460805251 3
active_diff 7.923609338528566 11.961801149037427 -0.06851334797505568 3
active_diff 9.941124745245748 11.076685621211745 -5.122205605424337 3
active_diff 6.4267065765408065 12.989998963533763 -2.19010807763681 3
active_diff 11.350591684527162 8.859853451356576 0.8883363562887582 3
active_diff -1.0986143116303193 8.631768693744991 -14.193018834255668 3
active_diff -8.215582369380723 11.060247785191436 -9.047119897438684 3
active_diff -8.565651909486967 3.8039472567865604 8.171336172605718 3
active_diff -10.721988093996456 7.399148872138858 5.988685840727107 3
active_diff 11.422431086069373 5.708494460418482 -1.8156893020260443 3
active_diff 0.5920622218422067 14.244394961032992 -7.715848358698953 3
active_diff 10.76972057802127 5.951371262324711 -6.719684432380703 3
active_diff -0.6803101249641255 3.085675250287174 13.808602269455614 3
active_diff 1.317893526399017 5.493091867462152 -16.703708967354274 3
active_diff -2.854033843363173 7.35218504961435 -15.374150998021436 3
active_diff 0.9297400541592867 15.415342723287473 -1.9333211101473133 3
active_diff -11.185637753848122 8.279544182073964 -1.9609694486952214 3
active_diff 1.956936804681694 14.47975082132014 -6.15808082189495 3
active_diff -10.971453018855192 5.162858091352936 7.822457792527504 3
active_diff 6.5464416618794905 7.333531002197757 -16.55861624181805 3
active_diff -13.00783823688105 7.579959121217939 -4.551882513113676 3
active_diff -0.6091877725863889 12.566942724431618 8.66327560918876 3
active_diff 6.779783263297718 9.871331024973102 -14.444164564334908 3
active_diff -6.065664704792451 10.479180463197794 -12.9546815588348 3
active_diff 3.296497634878805 13.592620996119551 -3.500771796187438 3
active_diff -4.839612545368593 10.184681552597318 10.312128614362987 3
active_diff 11.530857456453566 10.123291603448406 -0.6515429530438136 3
active_diff -13.21405304849192 8.579087008714442 -6.296539799304388 3
active_diff 4.295132612564293 13.192045105761142 1.3170017750671184 3
active_diff -0.6215596014854462 14.123582143492586 4.7099938222200555 3
active_diff -8.310691716793654 11.249376681687695 -11.035884456793259 3
active_diff 9.197534937449126 2.646886955785276 -4.523178500243282 3
active_diff 12.008445147257614 6.963627079093971 1.0434093463916128 3
active_diff -5.06503713244736 11.647621222847931 -9.767776803784251 3
active_diff 7.9996133129426 4.659031473330889 -10.170465874565894 3
active_diff 1.8853024977387578 14.839811813238455 7.937638964535052 3
active_diff 4.164922651393558 11.121677895131025 -14.120807526492365 3
active_diff -9.992253949956963 8.078246628930422 7.9578925229906625 3
active_diff 2.813237301946631 4.178286304495374 13.407514134518363 3
active_diff 9.975426665185145 8.282574387133014 -7.684526406891084 3
active_diff -7.900076824640847 7.607393661196533 -12.40610420147105 3
active_diff 2.3213026925237505 13.385579466558362 10.744920819207682 3
active_diff -3.827622648844268 14.626309021930348 -0.17990955966990863 3
active_diff -0.18457561437962977 11.725541549456105 11.95978897806615 3
active_diff -6.550109164718339 13.39541564550354 3.8426146450852348 3
active_diff -11.542173917415196 7.497481901328098 3.803628651656274 3
active_diff -7.769238166248814 5.4094736106604175 -14.746189391546718 3
active_diff 1.657608514977152 9.262109147841056 12.959199482369618 3
active_diff -7.600010975521746 7.850183059338592 10.728382281981002 3
active_diff -7.8169423994689105 11.56185631820456 -7.066053579116222 3
active_diff -2.9895493806190863 15.781442454467086 -3.1050354596684944 3
active_diff 3.8805173227171306 13.49061016960123 -1.3059737945664671 3
active_diff 6.0381807309926545 7.043225830804241 13.812836475516521 3
active_diff -0.8980001829081963 15.184060557771538 -5.229979195923985 3
active_diff 4.445953154515821 14.640785368316067 -8.015394455146248 3
active_diff 11.720090312800409 5.01893651460942 0.16311551978500372 3
active_diff 1.3420119334986877 8.04782984961174 -16.517487730659212 3
active_diff -9.16457241791325 10.602171098760278 4.448727691631008 3
active_diff -6.675651307923333 11.741764836573394 7.333272869794645 3
active_diff -6.253120415932758 12.88760558219142 -8.491651378978728 3
active_diff -10.203249004010933 5.926089421226773 -8.935374733256342 3
active_diff -1.1433106372437023 13.223431561271372 -6.905984276506834 3
active_diff -9.877300914868 11.570840667269714 -7.983685541830144 3
active_diff 9.922845480257637 10.440021394401281 0.6118968568828759 3
active_diff 9.674941624507348 9.166778615837728 -12.54800222025238 3
active_diff 11.755161153640694 11.831441692992112 -5.495856754396519 3
active_diff 2.9246989400240286 9.275805816138243 -17.357275830115448 3
active_diff 4.472931153468162 9.443636652431355 11.1976292110691 3
active_diff -13.520091503979312 7.448464581436717 1.0202190277678977 3
active_diff -1.7565655740645938 6.3208058495576065 -17.125033409304134 3
active_diff -1.0970891867384966 14.43456796684125 0.34771746047104046 3
active_diff -8.61242738943397 13.650459229802891 -2.471586695366657 3
active_diff 2.4463272903339237 13.683066414006777 -11.037916847196744 3
active_diff -11.16098660041957 9.511637905069662 -5.296560980141739 3
active_diff -8.823916037727786 5.752347671625535 9.341688589499622 3
active_diff 5.542452742577951 13.565394620961017 -4.412581502109243 3
active_diff 2.828368263987387 12.902444841641834 -12.942836945638408 3
active_diff -1.7167745948521296 13.77058037316868 -8.921095001057008 3
active_diff -11.372929932433175 10.353491394083074 -0.23776431681459465 3
active_diff -11.03689790259704 3.518416295800874 -8.231826568746438 3
active_diff 4.14944760610131 14.460479816040612 7.451658527316156 3
active_diff 4.109623836136439 3.6358687202004853 -15.274686397493223 3
active_diff -4.544441531729615 6.389269929461282 -17.51477399654877 3
active_diff -12.91709020509052 4.72954197958617 0.5949946338901314 3
active_diff 3.2741761288107196 6.110408469267623 13.025593109554592 3
active_diff -5.754532837575041 13.700175373887676 -2.8395336261901445 3
active_diff -6.480373110823845 8.861463437945297 -11.659982150564565 3
active_diff 9.020353722955232 6.266652974912998 -13.184607874007867 3
active_diff 5.774586984426463 14.799695191519769 -1.642623283333038 3
active_diff 7.763686426437946 9.891480113522839 -10.943821020787773 3
active_diff -8.820696521114034 12.744523047464735 6.481858714141959 3
active_diff -1.5889647973770402 9.157220404044145 -16.059420961684708 3
active_diff -11.291239138898895 10.313791833584684 3.1071603617884382 3
active_diff -9.506511533373402 11.333636720443403 2.5753245529481794 3
active_diff 5.926823932525664 12.632253543262474 -7.882212683099688 3
active_diff 1.6333663275816983 7.2275891088048345 12.434142337054656 3
active_diff -13.099698834445164 5.466395269016829 -5.6183966840072985 3
active_diff 4.492780085614534 8.303295451725651 -16.3792976745725 3
active_diff -5.73897609173082 13.996822721300061 -0.7460225020681168 3
active_diff -9.316231870244431 9.141189515881328 -10.801386109333338 3
active_diff 8.939898669519227 12.352207666864366 -3.8120861347480695 3
active_diff -1.9859339723353364 12.334816379233091 11.027062240548563 3
active_diff 11.793481042278128 3.7896996815458337 -2.279361742070771 3
active_diff -3.7486579699025624 13.98468851711927 -4.42195816037618 3
active_diff -2.4299539866952937 10.879168401660468 13.921947223509116 3
active_diff 11.097104183145733 3.3995555550504877 1.6231492953153057 3
active_diff -8.000655383646738 14.079619518563494 2.584303893194103 3
active_diff -0.5558322908032411 15.738320422144731 2.290445909878585 3
active_diff 5.74535679819886 12.308461381181292 6.395898804180198 3
active_diff 8.657072364519555 10.878927969133784 7.836340875308173 3
active_diff -9.892268260319984 9.219999533876843 5.76265616362996 3
active_diff -4.560938112712534 11.61324739355934 8.787895733402472 3
active_diff 0.07770001087814431 6.26115191095248 15.413136191587434 3
active_diff -5.155891340802353 13.61768035033527 7.153718240335798 3
active_diff 6.361799216116356 4.160762826029315 -12.760204284851195 3
active_diff 9.000517995033304 6.46178086674571 -10.105728862823918 3
active_diff 12.052800701981486 7.303512450454997 -5.590240425398821 3
active_diff 10.271625928800352 11.000415392761283 -8.42229974545073 3
active_diff -6.25598387619657 14.135962059480292 -4.996282170282816 3
active_diff 10.262387762922092 10.273698883951862 -2.280062008749082 3
active_diff 4.845339470873488 10.301666176132816 -15.8366932600702 3
active_diff -12.14061181793709 5.153201208000453 3.742954549250238 3
active_diff 8.41666857832996 11.558337597057106 -6.797463347389071 3
active_diff 1.7108787533835925 15.728634107301781 -4.581348912117027 3
active_diff -8.6510245451153 2.577379656600383 -7.9195309171735495 3
active_diff 1.6381802639647327 10.405704191986349 -15.570591216385605 3
active_diff -2.285884980181109 12.18952275934471 -12.167635314076447 3
active_diff 6.679315231608224 12.584726521742367 1.9810770497242882 3
active_diff -5.026255881582369 7.647543397589148 13.638238726224515 3
active_diff 3.0166324750281053 11.464899378508434 11.484405226104574 3
active_diff 4.904546782337779 12.397051468173636 -6.043837745666436 3
active_diff -6.275428164432848 4.348953729286925 12.503230975199521 3
active_diff -6.35934674975709 13.343470673066559 1.1999125573405733 3
active_diff 1.6509242683493204 14.452788295689514 4.991325837249408 3
active_diff 5.631408057118968 10.292617988415488 9.20886926884963 3
active_diff -8.099618905594166 4.714283880096334 11.510997558721614 3
active_diff -10.915869678872854 11.976570562891164 -5.585971215115091 3
active_diff -12.348429699894856 9.01780675431406 1.6802991063801196 3
active_diff -2.747062253014949 13.868603231569915 4.706860165886467 3
active_diff -1.235387797789818 14.45287366207617 7.747729217133027 3
active_diff 5.235179855807072 12.14017459427961 8.340394972210158 3
active_diff 7.355151693164263 5.421609115041459 10.99952174326976 3
active_diff -10.838404741339746 12.071043180017302 -2.6807441388537576 3
active_diff 7.523599408668815 9.618226024913133 10.294999248466805 3
active_diff -9.649841734816397 6.390847678907891 -10.847897065455086 3
active_diff 8.690885971525088 8.699850342403016 6.797378959024249 3
active_diff -0.42143010702804473 13.156023244619 -11.753717506613786 3
active_diff -6.674844381772631 8.168113851312018 -14.82509798763402 3
active_diff 8.352785208445958 13.895548870393526 -0.3449691723498469 3
active_diff -3.3158755598829908 8.70355207261177 13.64084767943111 3
active_diff -6.453270045937289 9.372590540515903 11.595579879659027 3
active_diff -12.430614899793982 10.14381838014769 -8.4266693122679 3
active_diff -9.327750451281167 13.267481955594393 -0.5281442092423472 3
active_diff 9.886932971987596 6.953711990916361 8.747636945882391 3
active_diff -8.291419046009949 9.888404224766843 9.004943211314993 3
active_diff 4.660817178170954 15.291248747289048 3.4135703053371165 3
active_diff 1.445326057389122 15.729012363290282 0.9427293011072513 3
active_diff -1.2546450940269411 8.463921527450049 14.014050387495294 3
active_diff -2.6465364982719954 15.87771290140078 1.9303735098490646 3
active_diff -7.657817005432198 8.716372590152751 -16.478330329569236 3
active_diff 4.042998098173804 7.48519686569347 14.258017405192062 3
active_diff -10.228527567503557 6.793810577102121 10.312472534019324 3
active_diff -6.009924121334073 12.957365111811027 -10.947505384245208 3
active_diff 4.3465388106917064 14.317272359676535 -6.006705126377648 3
active_diff -1.4800654121997385 14.757657675936615 9.709167355311692 3
active_diff 13.23497809439997 6.521187453291583 -1.5828729754362572 3
active_diff -6.134061460245544 14.965804468594504 6.046584743779825 3
active_diff 3.1092793458586794 11.841670887699161 13.44640924933884 3
active_diff 1.5079359513798087 16.416361417220326 5.343369779978105 3
active_diff -12.172451364568705 6.617183483772138 7.157220521654818 3
active_diff -4.8145343797209925 7.76830710859494 -15.641288110047304 3
active_diff -12.55088033952103 10.81014300163037 -4.678434853681752 3
active_diff -4.367500515370266 15.226976354367526 2.89874878027728 3
active_diff -4.394665676350503 12.836395295692514 -7.547278101586539 3
active_diff 2.2262663818861377 16.62068563002995 -2.8640025586981714 3
active_diff 11.52843947530695 10.70977400223047 -3.765643225911466 3
active_diff 13.66047126429932 5.495783250665054 0.24994266630768236 3
active_diff -2.174918396743027 14.931241654001413 -7.044440470699051 3
active_diff 5.13318149468124 14.593213083744306 5.348290924233597 3
active_diff -4.789108413969993 11.984660953196869 -12.632295872747848 3
active_diff -7.869905328713761 6.076174662179746 12.957540046957975 3
active_diff 8.647309978496681 12.91285839809256 1.5351535416031459 3
active_diff -0.41872892376463156 17.705997417984236 1.9596137669560645 3
active_diff 7.624984357625748 12.20163128038616 8.925032887048854 3
active_diff -14.435313402301807 6.1791757130863605 -4.311462192656966 3
active_diff 1.1085614245933504 16.14787695393423 -7.384208680345834 3
active_diff -6.206757496217741 4.695589679095059 14.47176541930445 3
active_diff 4.430009056676927 13.166215704508593 9.856620425217791 3
active_diff 13.334762055109692 8.683206628364818 -4.917173516000175 3
active_diff 5.06867288702316 15.057081602273291 9.12470699988894 3
active_diff -0.06950241293955117 13.455959063819417 10.37160510342703 3
active_diff -6.87540938515939 12.270053697370962 9.251868082479218 3
active_diff 5.571332120506921 16.21756921693003 -8.512661865756414 3
active_diff 5.257323139975401 16.471551344693076 1.91321487541624 3
active_diff -14.11158176406634 10.36487905217675 -6.22313011175539 3
active_diff 6.670137596676296 13.690196513644892 -9.92908271357592 3
active_diff 9.829918881703945 4.739800568764386 -9.368307612011638 3
active_diff -10.651062840942334 13.393377746656261 -8.265910763982394 3
active_diff -3.493498776810454 13.608751428148153 8.950368170216006 3
active_diff -9.148468867915518 3.994048436432317 6.26760669222638 3
active_diff -2.715083922793541 13.232076908368462 -13.819564221146521 3
active_diff -0.25045287081395484 13.288642362065866 -13.741977789973136 3
active_diff 5.620383435601319 8.972516856008113 13.491461989859241 3
active_diff -10.601224647164308 10.51986073030073 -10.132013831900908 3
active_diff -11.180434827030995 14.041271387373378 -2.7156186484632014 3
active_diff -2.4097872087749086 10.534474550700383 -14.863836759520266 3
active_diff 10.849522405379084 6.765826379346072 -8.696850867012659 3
active_diff 0.6518809147780359 9.041217404250798 -18.110252730051094 3
active_diff -9.904911193915336 13.969043470204724 1.6137414813255377 3
active_diff 6.688012689268386 14.417976696131241 -7.40077265784535 3
active_diff 7.033718898292142 7.619861654710509 11.906184346170228 3
active_diff 9.045389688922254 6.412660926119341 11.40065990582134 3
active_diff 6.73205285537533 15.973519053085518 -2.9485316445847003 3
active_diff -7.472168794755849 15.12935777885654 4.221099409426329 3
active_diff 6.995875126804118 10.8416925926495 -12.527349376285892 3
active_diff -12.07804217806903 5.921825240117268 -7.532301598980287 3
active_diff -7.361972830141731 15.940410198861574 2.224383568727524 3
active_diff -9.308329603977475 13.387969887216293 4.652052674991681 3
active_diff -12.541860182838871 11.865255363904437 0.35229650143758584 3
active_diff -9.164130892331737 13.896288070921212 -5.293252828466972 3
active_diff 7.217976326055933 5.03902034955376 -14.3399588476831 3
active_diff -8.801939093499204 2.8469981224619247 -9.895519450023007 3
active_diff -9.634163956156652 6.461891471429538 -12.846573374115504 3
active_diff 3.231544893824869 12.602071978622176 -15.088918738719785 3
active_diff 10.409062430006468 9.431409433576437 6.081354550472487 3
active_diff 13.309477430977042 6.5153202394063126 -4.151111907185421 3
active_diff 0.8951372344551909 5.595687196725099 -18.655823542894176 3
active_diff 2.606270453267495 8.931293806214846 -19.526646325557962 3
active_diff 2.443758821464655 15.476985320896038 -10.153694952832602 3
active_diff 2.9195992312420223 16.469898772609643 7.415100188985835 3
active_diff -14.02954419966584 7.15017785081211 -2.3429757912107627 3
active_diff -7.81582089888933 8.110280751387153 12.69961927117512 3
active_diff -12.552464303850767 8.006068882122987 5.458586843710264 3
active_diff 3.125446152618431 16.09196426733488 -6.346106639999117 3
active_diff -3.508853011837519 12.967729168427118 -10.13680972601654 3
active_diff -13.758774028216113 8.373475193538635 -0.7368768774469499 3
active_diff -10.690349346342739 11.42141134837749 5.449152690358753 3
active_diff 6.308425944166734 11.756782128732544 -14.916283630920823 3
active_diff -12.734242842185255 11.863569253014663 -9.401485709274294 3
active_diff 4.7364625383822725 9.077511051558806 -18.20719511895719 3
active_diff -12.51581434776113 3.45550312240371 -6.322803832453319 3
active_diff 11.548505070944735 7.90016244746122 4.351702971328752 3
active_diff 2.1623699867176733 10.826281334595425 -18.36468847328396 3
active_diff -3.117778373419854 8.166555460939692 -17.181701732032234 3
active_diff 4.842293458360792 14.971315387102575 0.5856931707403006 3
active_diff -1.5553224380184685 8.93157722853653 15.935219635649009 3
active_diff -1.436708626552127 15.922615499314533 -0.9447117163896692 3
active_diff -6.3245933591452825 6.361309987515122 -15.860162065557809 3
active_diff 10.778736407581778 12.20357660725937 1.0085374142207304 3
active_diff -0.3883658721109663 10.441753279514195 -14.66153025720948 3
active_diff 4.1543096272381606 3.6975814505743982 -17.27323455027399 3
active_diff 5.633121640323991 12.252448705302427 -12.998778882563297 3
active_diff 0.42186181044398663 3.4885758121729764 15.428135585578145 3
active_diff 8.767845647032294 11.463643750812963 5.728514312460048 3
active_diff 10.607299497048752 12.41752612617993 -9.793109879936559 3
active_diff 2.417811648927063 14.206899866543942 -8.541957975955542 3
active_diff -12.515018839194088 11.846998002782437 2.7177478711318583 3
active_diff 9.57367662767187 7.625155376514981 -14.54413168327256 3
active_diff -6.070664595322044 11.509706238036076 11.165838420610594 3
active_diff 12.72614960437841 6.1115673954119005 -7.102728377341542 3
active_diff -4.286925499284156 11.652683584475078 12.932300183325898 3
active_diff -8.84815374841645 10.240656796229644 10.89331939127337 3
active_diff -1.8550031154696849 14.228128808952984 11.65811307383268 3
active_diff -13.806282805613497 6.25272511884398 3.614162739353579 3
active_diff -4.973492591873069 10.22155146649849 -15.07891925013313 3
active_diff -4.5870235743221 6.439613759789078 -19.513686768131507 3
active_diff 1.7470693104841377 6.61570905081857 16.455966655326854 3
active_diff 13.76877567559824 7.88507554300705 1.2718150366540075 3
active_diff 6.705031669843301 14.055896712784957 6.555566905557453 3
active_diff -6.895930248553685 9.871465195262665 13.481097321601931 3
active_diff -12.421468110981326 9.831700609176291 -2.2130284778787774 3
active_diff -4.68338084472039 9.528262061398149 14.844916917613762 3
active_diff -7.455676676061911 13.523872786433012 -6.924708414743438 3
active_diff -2.777758272549793 16.824564087905177 3.687147165323954 3
active_diff 13.030147530932197 11.03444839709581 0.30862503744537106 3
active_diff -12.927449561958301 5.285684816892291 5.725429158586411 3
active_diff 8.038732940154809 14.058346736312204 -2.700013989950798 3
active_diff 1.0833900793337792 9.584305767611175 14.847707498337776 3
active_diff -14.362350591232673 5.93835187795464 -0.07582653889338153 3
active_diff -2.645147302706667 17.72795543211914 -3.4091315572458107 3
active_diff -3.2998118653438633 12.608535110832058 14.424578356808711 3
active_diff -11.824573846423565 8.85583059858565 -10.111751911631925 3
active_diff 0.32059449030412907 14.916718199428985 6.44129968361179 3
active_diff -6.304117265450781 14.826172758209513 -8.00241051252901 3
active_diff 12.907382323393941 4.241656459156543 1.7404485802374845 3
active_diff 3.7547466048208618 15.183904457307875 -2.3628258096281325 3
active_diff -0.6638228921593076 17.150954108939047 -4.953409575623459 3
active_diff 10.843016157697535 6.56393298913032 -10.87693925206362 3
active_diff 9.829482606573244 12.994659357985045 -5.67800482989347 3
active_diff 10.541075601314942 13.49811823726785 -3.461199546627605 3
active_diff 7.23984906268094 14.540658920858375 -4.822099850717152 3
active_diff 0.11562159446920217 15.320611638533807 -10.2247279457466 3
active_diff 13.03248158176857 13.16949801365308 -4.735555625483474 3
active_diff -5.59255062841815 15.189043323293074 1.2766282730410288 3
active_diff -14.778910894160664 8.495615793341043 -4.709599035497894 3
active_diff -0.8842141773564776 7.288596798502612 -18.64239418374162 3
active_diff 10.143267746749657 12.627579689008428 -1.5107841179603865 3
active_diff 11.909341412241083 4.043511264207318 -4.259805140701219 3
active_diff 3.73694052859625 15.339353615486989 -4.369641874974583 3
active_diff 11.713014874003507 5.792803095447334 8.574348405597297 3
active_diff -10.420829021376727 9.753630615018048 8.962587455454585 3
active_diff -4.040588569502278 15.196688712893124 -5.985873775254902 3
active_diff -0.32873541628763536 12.17789278170802 13.902621012544175 3
active_diff -9.16138027616375 12.764595025758467 -9.495078381113666 3
active_diff -11.500685017957114 4.078948444693394 -10.094809451567404 3
active_diff -7.1348650172100205 15.13662192829997 -3.0164640367508957 3
active_diff 11.641404588049655 9.384822457360272 -7.782336182518758 3
active_diff -1.411462701929798 15.954255005927504 4.867124222374654 3
active_diff 2.6099693005901954 13.67951211546058 12.702029704092919 3
active_diff -8.085368029867636 5.847020681701525 -16.67196572070639 3
active_diff 12.78586816124251 9.821917804812836 1.8955173803337741 3
active_diff 1.2965207502302634 12.001316947597054 -14.414179217655422 3
active_diff -14.133524329972099 9.756125168367397 1.1622999933121938 3
active_diff -8.320621880107078 13.146792680743573 -11.668113780997183 3
active_diff -12.139888828745152 4.653518612516853 -2.171775707435207 3
active_diff -13.254065566570326 8.509407861138834 3.590478860631162 3
active_diff -8.947274527970398 7.97750679809252 -14.06935199901606 3
active_diff -7.94887728274891 9.754036096481567 -12.683119260766407 3
active_diff -1.9055039464516104 15.714577598511141 -9.351508778375598 3
active_diff 6.370407108132058 11.376605060214706 10.71845610993361 3
active_diff 4.9615526931760625 11.266308983663283 -17.58482332984241 3
active_diff 4.999976931935976 11.108784841174808 12.17205430153201 3
active_diff 9.461196891131669 3.0477739831484434 -6.46476856137159 3
active_diff 9.757157626957124 10.98653838934446 -11.72234194164628 3
active_diff 2.0599941379902984 17.6927092358128 -4.72462255866564 3
active_diff 9.096958731709403 13.264936830548955 -7.587858415351925 3
active_diff 10.875524169627397 5.309386921057325 2.252450477224942 3
active_diff -3.0857527310045247 15.043576375681377 6.289493057853527 3
active_diff -5.993746894366086 16.068953811649635 -5.437614982801589 3
active_diff -9.515153026225619 15.258124427329605 -0.48099736811684446 3
active_diff -9.581863985519222 15.179159991945262 -3.322037555790687 3
active_diff 6.791386455592906 14.544243673560265 2.3654370014440835 3
active_diff -4.037426888806392 16.595231815418877 -0.461556881999168 3
active_diff -11.748292677825091 6.811140302950409 -9.846157354284578 3
active_diff 1.519973382679103 7.605132063293664 14.394908350010349 3
active_diff -5.00378001138861 7.70126694398416 15.637390700393006 3
active_diff 7.912296015968732 15.629343026538498 -1.2393556075266687 3
active_diff 2.813298840514996 4.187878541460739 15.407491130686822 3
active_diff -10.72799812719093 12.139272330741916 1.2119017408524613 3
active_diff 7.647491947864869 10.200170584424237 12.20444711850332 3
active_diff 2.1240225795953127 14.313404027843964 -14.172914720313688 3
active_diff -0.7690125601744328 14.817179380102969 -3.241063729867795 3
active_diff -0.6738595299027453 10.623636935902107 15.140711320531986 3
active_diff -5.120067617140249 13.101076653446096 10.001871964925659 3
active_diff -9.386069777675011 10.731746499620069 6.9702919562984595 3
active_diff 11.444516945996519 10.036329293360465 -10.644966615077458 3
active_diff 7.8524519973834455 8.841483385675359 -16.701502954710012 3
active_diff -11.681048261753089 13.823276384627079 -5.650619063246896 3
quiesc_diff 0.0 0.0 0.0 4
quiesc_diff 0.13051561782095353 0.7366226002015958 -1.8548188101205614 4
quiesc_diff -1.7434815655644278 0.8392958916333283 -0.5058205579298136 4
quiesc_diff -3.456427296840617 1.4581973598264728 -1.3321243122302833 4
quiesc_diff 0.16809885160067495 1.1803784109530417 1.6057551441756324 4
quiesc_diff 1.5483445126453743 2.334691253534764 -4.441997142639025 4
quiesc_diff 1.5803080095184292 4.1086364630733225 -1.9486657030334185 4
quiesc_diff -1.5032835934141555 1.5850268385886883 -2.6364263751136043 4
quiesc_diff 1.6340829821213463 2.41121643264767 -6.43869261561773 4
quiesc_diff -0.35025000900800773 2.117916535062916 3.2946413820691793 4
quiesc_diff 1.8140151531160995 0.24080408777532114 0.8070702668144019 4
quiesc_diff -3.3012897172796585 3.28325816516298 -2.135296391072935 4
quiesc_diff 0.12804083063591046 0.7949755126332468 -3.8539658314872076 4
quiesc_diff -0.6633692502381736 3.61239929396879 4.586337021182563 4
quiesc_diff -2.7328513480020984 3.674158442655713 1.8143265389937484 4
quiesc_diff 3.028848056424889 3.469120196960387 -7.405889603286744 4
quiesc_diff 1.7123993103364166 1.7646575325184113 2.7343622508568632 4
quiesc_diff -5.116355668007309 4.108805300289587 -2.2902400007939683 4
quiesc_diff -3.876293029940003 1.6676811005880827 -3.2763026292900737 4
quiesc_diff 0.13091248491289909 3.739377428099701 -4.575200737726871 4
quiesc_diff -3.9144421171236474 2.9846136889774524 -4.781039551408067 4
quiesc_diff 1.3194240594278055 4.429198892836751 2.2229328277417277 4
quiesc_diff 4.219732699124878 6.177821087038727 -2.737631395872054 4
quiesc_diff 3.5102187376699323 2.6997749539107083 -4.575276611816008 4
quiesc_diff 1.0776301902608254 2.4134319795782013 4.663520032128757 4
quiesc_diff 1.1917514837876837 4.283123258019145 -6.98669597574391 4
quiesc_diff -6.6179273053039775 4.694341064500949 -3.474482580207332 4
quiesc_diff -0.4298638551813033 5.551405971093893 5.01729912687586 4
quiesc_diff -3.4122044798418387 3.5112110298688424 -0.1514275932644289 4
quiesc_diff 3.3555875889828384 2.7995586877098213 3.2128096146310776 4
quiesc_diff 3.6335028229803976 4.682484445586667 -8.876311248066665 4
quiesc_diff -5.358462244648585 1.745077632747483 -1.8798128791420872 4
quiesc_diff -0.6351642790260678 5.429173333219328 -5.322004721911302 4
quiesc_diff -3.0826012179532016 4.061886437825182 3.744959085655865 4
quiesc_diff 1.738152216775255 4.96762362691176 -0.14943635172873804 4
quiesc_diff -0.7679763371801952 3.443355460872634 -2.7134846032916267 4
quiesc_diff 4.496218496784231 3.7336788969613455 -1.2114258372628421 4
quiesc_diff 2.578697242210357 5.400974786984061 -5.2896266647150565 4
quiesc_diff -1.8496796391095551 4.450990541493853 -4.060551606412329 4
quiesc_diff -7.205424565075235 5.7552693896546545 -5.064852995754546 4
quiesc_diff 1.695671166795254 6.738006439387705 0.7800474069687227 4
quiesc_diff -5.744634761541834 2.0003193435408715 -3.9076907613295933 4
quiesc_diff 4.886020825188423 4.061498885056303 2.957308053308207 4
quiesc_diff -4.259788611205842 5.274303577706442 -0.5674874543655065 4
quiesc_diff -1.2039084298256038 4.078385008745453 6.4546717633942015 4
quiesc_diff 4.822773122924943 3.738169460578901 -3.442200208703827 4
quiesc_diff -1.1197545859799798 2.3781216165846506 -8.503741891150224 4
quiesc_diff -1.7549212630745312 6.324378948001943 -0.13633710202564742 4
quiesc_diff 4.356165213713991 4.111681169760926 -5.711452389287151 4
quiesc_diff 4.10647285248681 3.2521309052137912 1.14809870961418 4
quiesc_diff 1.4439869206891802 2.444923586495489 -8.429352635612972 4
quiesc_diff -4.478858618712523 5.244521348449661 4.552325135844411 4
quiesc_diff -4.067977229710522 5.720004940318861 -2.842452251730079 4
quiesc_diff -2.2260757426982054 4.958733404909494 -1.9437301365782673 4
quiesc_diff 0.8397750582913961 5.497594665498291 -3.9378735076655107 4
quiesc_diff 1.087643705095826 6.186774921310516 -6.382318680286969 4
quiesc_diff 4.263174706752274 6.1033052896910664 -7.617430218046101 4
quiesc_diff -1.3085875476189046 7.279038187922917 -4.969157558609386 4
quiesc_diff -4.669079577871377 2.363644490545422 1.2684334769037822 4
quiesc_diff -1.393035321504373 7.139315295955985 5.759488255384952 4
quiesc_diff -5.762180611612786 2.9857929319634056 -0.3640170398328142 4
quiesc_diff 2.6224147243202083 7.355363162693089 -2.9865690335035056 4
quiesc_diff -3.5883004554655455 5.411919068485068 1.315934292006342 4
quiesc_diff 1.8507495202441033 3.1152399141055427 6.369319587950212 4
quiesc_diff -4.959013600343366 4.681064503732959 -4.605184356547241 4
quiesc_diff 0.7252098643574302 4.021050692946203 -9.428943995920953 4
quiesc_diff -6.689847229579872 4.7974390379922145 -1.2655898746740109 4
quiesc_diff -0.6513418759624343 5.553759880006034 -7.318054941148565 4
quiesc_diff 3.838582384123964 6.592811800678245 -9.509546687840245 4
quiesc_diff -6.377437004706986 2.527766275650988 -5.730150926834666 4
quiesc_diff -4.969727725092849 4.686309725229042 -6.605148780026396 4
quiesc_diff -3.1998133038361933 4.177331877426177 5.738181019460099 4
quiesc_diff 1.8299994127682948 7.815043752866941 -4.764424969465557 4
quiesc_diff -2.6480708508557638 5.707905864383932 -5.395742732839759 4
quiesc_diff -7.391681323194063 3.8303440507221 0.4306280625616755 4
quiesc_diff 2.620257578661566 6.4200146122741195 -1.2041640683312624 4
quiesc_diff 1.8176665713351983 5.663181871698206 -8.29194251413833 4
quiesc_diff 1.699599351457678 4.731463957020281 5.200998797422127 4
quiesc_diff -6.468694629407313 6.429678671217103 -6.797596809142192 4
quiesc_diff 0.33665632577972415 8.08756116559502 -3.092902960607343 4
quiesc_diff -5.607899883816867 6.026327986814919 0.7041474322132345 4
quiesc_diff 0.392392933910821 8.241726660549512 0.9807744459014912 4
quiesc_diff -4.616264698480789 5.50500525719161 6.530523230709845 4
quiesc_diff 3.5947171926315766 5.378749553036029 2.184400810327227 4
quiesc_diff 3.6775590608495237 3.2403598637176723 5.13687528256814 4
quiesc_diff -4.511445953905518 6.831373525072177 2.3803362059397077 4
quiesc_diff 3.743516078865817 5.076452344093929 -10.834036044475818 4
quiesc_diff -2.2312351420623986 6.799258443293104 -2.7263162108737484 4
quiesc_diff 5.215102543326653 7.3267457046456315 -1.4379348557864227 4
quiesc_diff -3.8139947206427074 3.053924895613258 -6.7773126482500015 4
quiesc_diff -6.828645950709313 3.0158376941302008 -2.352812600947645 4
quiesc_diff -4.967054090729989 3.0547861664452567 3.1214133401297808 4
quiesc_diff -1.454753938529615 5.79824231152901 7.444200635547558 4
quiesc_diff 5.808097808999525 5.46181333786095 -5.974197260614722 4
quiesc_diff 0.023461826353551984 7.8801443184489965 -6.378193902545051 4
quiesc_diff 0.6443064617503463 6.460469781581948 6.438482126592609 4
quiesc_diff -5.973883988343682 6.562958618716294 -3.1687430800490373 4
quiesc_diff -4.6868427306632965 7.28866279521725 -1.7671299623693228 4
quiesc_diff 3.7999157402295407 7.239623480148873 0.5415046261981947 4
quiesc_diff -0.7818383009097442 9.146280457548576 -4.483419421734641 4
quiesc_diff -1.2057558548062999 2.453199808966955 -10.500480994485677 4
quiesc_diff 5.762749144154181 5.447140552179054 -3.8847642013523855 4
quiesc_diff -1.155506685808552 7.806167418629522 7.630019835901646 4
quiesc_diff 0.05464758266435221 8.506527400707299 5.572551716422955 4
quiesc_diff -4.585246868492389 6.627662207768744 -4.871747311220328 4
quiesc_diff -1.9623981476784462 3.552560301820179 -11.990077902172686 4
quiesc_diff 4.593708356956903 7.9953057721841025 -3.483883113867477 4
quiesc_diff 3.22803529313315 8.871320449035224 4.9872616985701175 4
quiesc_diff -2.6963234926637387 7.481417442221906 1.1959630762441265 4
quiesc_diff 4.066734643789236 6.915786410773115 3.373819670006328 4
quiesc_diff -2.648221701786416 5.743687364230409 -7.395422622600301 4
quiesc_diff -4.945124179407939 4.770414590569142 -8.603228117081322 4
quiesc_diff -0.5161055924470275 10.434803797820006 -2.9770682909457977 4
quiesc_diff -2.4034628361504167 5.733603546370809 4.749509833062815 4
quiesc_diff 0.61599796544395 6.586725658424605 -9.596955707793647 4
quiesc_diff 3.1780056399458116 8.601515165352481 1.8675811190666698 4
quiesc_diff 2.006869156359514 4.783385013883819 7.461527711571766 4
quiesc_diff -8.750360625835857 3.559753585026688 -2.247132843976112 4
quiesc_diff -3.1131565029331814 4.692894683897848 7.668643552492095 4
quiesc_diff -2.9658456092737184 8.486211995257333 -3.510239150312847 4
quiesc_diff -7.492597528634984 3.8392790323943267 2.4280604357803344 4
quiesc_diff -1.3731134708490074 6.733236467538631 -8.763005024811442 4
quiesc_diff -1.2070101582775332 4.08602337290933 8.454654771990402 4
quiesc_diff 6.516281737644927 3.908824524348953 -2.3920071687921913 4
quiesc_diff 2.195781168710954 8.500629675289442 -0.021856149728197938 4
quiesc_diff -7.671441100718928 6.969606144122883 -2.1925578310799105 4
quiesc_diff 1.5816158209720768 7.609925324328387 -7.697854494746922 4
quiesc_diff -5.921422681892623 8.049513117854318 1.6536302413079724 4
quiesc_diff 1.5254449648335886 2.472012506223772 -10.427509480675972 4
quiesc_diff -3.1877505248842284 6.7932011437792585 7.0781532277081824 4
quiesc_diff 5.507637546670487 5.347500780367431 -9.08931902241734 4
quiesc_diff 5.545713147153737 5.205005146878798 4.459705959827234 4
quiesc_diff 7.016414841351406 3.1411233885810423 -4.481524743195422 4
quiesc_diff -2.3516586281513403 9.028464142897997 6.593095900083724 4
quiesc_diff 0.7962760449909326 7.1272199694366 8.31793668384199 4
quiesc_diff -8.357328419986484 5.492693638580235 -0.40761113367786117 4
quiesc_diff -5.968106435521686 6.295225916543392 3.7288199138111153 4
quiesc_diff -1.4609070574723177 6.0247453326394185 9.431323812543674 4
quiesc_diff -7.665168575355062 2.47732226395104 -4.1975494923007135 4
quiesc_diff -6.0229222928527095 3.258083024585896 -7.557979355682414 4
quiesc_diff 2.5510568046916826 9.061201660965034 -1.9449246291506552 4
quiesc_diff 3.717856069115122 7.219282634679335 -11.405057028358167 4
quiesc_diff 4.768026026280902 3.9655371027093507 6.648496852059422 4
quiesc_diff -8.54991552560708 5.208183271359524 -3.5326865582565823 4
quiesc_diff -5.1945091183599255 7.3741193680515895 -8.015990445698005 4
quiesc_diff 5.742157795971598 8.740445810485987 -0.12505071337082363 4
quiesc_diff 4.205626157024435 8.060975146822008 -7.212193380005506 4
quiesc_diff -6.840451692761806 7.4065777744971975 -0.054619041657075096 4
quiesc_diff 7.017003258654094 5.01958121287672 2.3680362335758987 4
quiesc_diff -2.954205812601959 3.709315566052423 -8.459937414117721 4
quiesc_diff 6.413927876621468 7.326647994448146 -4.09313414361228 4
quiesc_diff -0.7801370628969836 5.1776820638491605 -10.05833616337209 4
quiesc_diff 3.5585484501325735 5.406383978533088 5.4989773421144355 4
quiesc_diff -8.441491193727492 7.293490031237763 -4.739251172448998 4
quiesc_diff 0.6617291432618007 9.377290242216775 2.6049521942786393 4
quiesc_diff -2.0099841672361665 7.646121985135899 -6.805810021056535 4
quiesc_diff 5.7833745687392595 7.545478388372291 -6.040587231667866 4
quiesc_diff -5.186936194645464 8.837755759362514 -2.929118566322889 4
quiesc_diff 1.7193112040358793 9.659414425390246 -3.998889246730461 4
quiesc_diff 0.34501034651993623 9.36711103742332 -7.676476046703838 4
quiesc_diff 4.043470828844897 5.633263129026201 -12.731399714874325 4
quiesc_diff 7.44795228560273 6.231424036888841 -6.821886276413696 4
quiesc_diff -5.957200113502927 3.53292736571425 4.792039524274079 4
quiesc_diff -8.743196143919791 5.826893284053718 1.5261460115169345 4
quiesc_diff 3.368181609202834 9.582868641176901 -8.20341828948071 4
quiesc_diff -10.272794506060821 6.192099939919618 -3.2805040686973674 4
quiesc_diff 3.561289858248065 10.564385156714811 1.8522642979318813 4
quiesc_diff -2.3653262541088025 2.7281134090651458 10.43735410166632 4
quiesc_diff 4.071175456011586 5.875925291778043 7.374275853818565 4
quiesc_diff -3.353809815925793 10.357124012680242 -2.91933137627415 4
quiesc_diff 7.915195482349972 4.061658327989605 0.6330098608622557 4
quiesc_diff 2.114271720068244 10.579074351809101 -0.7180255769706134 4
quiesc_diff -3.2300694542406534 4.504369011085135 -10.274266290248908 4
quiesc_diff 1.6273892078252312 7.754606129069006 -10.867051358176665 4
quiesc_diff 8.387176040043705 4.530510060315506 -4.044926057253422 4
quiesc_diff -2.163742238405234 4.3152366124682215 -13.8279531433971 4
quiesc_diff -4.280847337291833 7.355188826889323 5.500398746574659 4
quiesc_diff -0.45309281437780885 6.081747360309284 -11.812105817359464 4
quiesc_diff 6.925077688498725 8.950136497802786 -5.143377424615858 4
quiesc_diff 1.5653922553766948 11.438752274859604 -4.899036887225846 4
quiesc_diff -5.762808373867018 10.580099458295498 -3.724486197036602 4
quiesc_diff -9.388443541942072 3.88445548475431 0.5306910151840464 4
quiesc_diff -8.4657508717471 6.258668992045984 -6.533922919557735 4
quiesc_diff 4.175819746996755 8.920156886010611 -5.207257573153514 4
quiesc_diff -0.47168137264274884 10.486520760460612 -5.935162722149088 4
quiesc_diff -5.02083258852166 7.623943935172449 -9.99271099970816 4
quiesc_diff 3.7403849892674526 9.409614907552072 6.844069945213033 4
quiesc_diff -8.679771795718917 2.5207720855571596 -5.920538876548245 4
quiesc_diff 4.474422724094547 8.733746349777105 -12.46995446577902 4
quiesc_diff -5.532806662236324 6.156762648880746 8.184356091386437 4
quiesc_diff -10.110628980806307 4.899353834466418 -1.651195620632079 4
quiesc_diff -7.439914324747172 4.1357691216809185 -6.2644437225561385 4
quiesc_diff 4.6371820837442845 9.962872058367003 -1.2584979966086827 4
quiesc_diff 0.07878752371461428 4.7456536289027245 9.837265435323253 4
quiesc_diff 0.6640426038670693 3.2559305271819414 7.973044266944427 4
quiesc_diff -0.8571567457083463 7.532891734013424 10.597934284409732 4
quiesc_diff 7.022649353953547 6.46275649816438 -9.768247522124145 4
quiesc_diff -7.588495249151236 8.574526399063213 -3.383083328912685 4
quiesc_diff 5.9925822834637 7.061573027615789 5.054234074578207 4
quiesc_diff -5.318161493147803 8.152804294469751 -5.937945120418748 4
quiesc_diff 5.120559641220861 4.306173970208834 8.587487974998746 4
quiesc_diff -7.505750441421093 8.138230255072083 -6.724338853430326 4
quiesc_diff 2.1469641426150616 9.119435603827233 -6.5138950396544875 4
quiesc_diff 0.07143689769419992 3.443921832083634 -11.678296152255262 4
quiesc_diff -3.397352974708097 6.18435054406622 -9.196705026297105 4
quiesc_diff 3.2380753363024715 6.475244983701985 -14.356947209409341 4
quiesc_diff -2.0631297261301293 10.750017311249307 7.569316039825781 4
quiesc_diff -5.229181859792704 4.8797425225507896 2.346285395209577 4
quiesc_diff -6.799094452307724 3.9661248820874104 -9.259811752516116 4
quiesc_diff -7.387430806660822 9.237225288864233 0.5366030207695938 4
quiesc_diff -1.267297215820022 11.058600980550338 -1.2316204344367743 4
quiesc_diff 2.1447528891927767 7.773579784256744 6.594695567917763 4
quiesc_diff 5.0379387860526545 8.588236757166744 3.88340023566617 4
quiesc_diff 5.366426733290631 7.725563922273004 -10.128064493357643 4
quiesc_diff 0.9293433433393952 9.03283407971102 7.725544958010783 4
quiesc_diff -3.1649042321101875 4.773189799853067 9.666360966662268 4
quiesc_diff 1.9688064197424728 5.805350330802405 -11.39893723122146 4
quiesc_diff 6.689209354500697 8.562824175106513 -1.984852696154954 4
quiesc_diff 2.5621705446964103 5.427516623010173 9.271703072755155 4
quiesc_diff -2.31466260406585 9.567129987274958 -7.271534516706827 4
quiesc_diff 1.627945774621813 10.981390312277053 3.307297114183326 4
quiesc_diff -9.23090498818535 9.001496339985577 -5.417145198383224 4
quiesc_diff -3.248693794083273 8.532741386028292 2.8051880497295247 4
quiesc_diff -6.747452449151661 9.614200461030226 2.5860616552506266 4
quiesc_diff -8.381007625710255 4.146138659551426 4.19343990451665 4
quiesc_diff -0.14134132403692265 10.352129958262328 4.827340640286556 4
quiesc_diff -2.545086748403349 8.790255265291329 8.679132965974645 4
quiesc_diff -1.8239950530769047 8.442597450191307 -9.698307558643325 4
quiesc_diff -6.731978742396041 8.125330504214137 3.988080973318599 4
quiesc_diff -5.414482797624527 5.43535929162482 -10.43012467464658 4
quiesc_diff -0.0784360886294535 10.435808791532152 -9.313112300402874 4
quiesc_diff -6.522812453076668 4.427040483938125 6.4892856505450744 4
quiesc_diff 1.7763050991051665 2.5229510660322045 -12.411060452080006 4
quiesc_diff 8.020046928243453 8.083428814896445 -7.314619492362028 4
quiesc_diff 5.338405723152023 5.0102265446142935 10.446749402840535 4
quiesc_diff 5.70242850808 5.594840906004073 -11.064383412153333 4
quiesc_diff -5.476739828424615 10.215242405580517 -1.508363698888159 4
quiesc_diff 8.587967996741098 9.800987516494834 -5.858113996189112 4
quiesc_diff -3.281217726623014 8.518678796201755 -5.531992982015515 4
quiesc_diff -9.183361309398753 11.000432678219992 -5.372500889749048 4
quiesc_diff -1.7601424436014257 11.674262043343253 5.8217547728533 4
quiesc_diff -7.223260146228436 6.993781197487698 -8.56180179175606 4
quiesc_diff 3.6473641816509823 11.313951998857737 7.448095914876472 4
quiesc_diff 8.33448252085146 6.804290311523414 -5.123096008789073 4
quiesc_diff 4.107968468595271 7.276953209976539 5.945192977978429 4
quiesc_diff -10.372832048499546 4.276081108929718 4.0679391928466515 4
quiesc_diff -3.498837581613974 5.754428271546709 -11.81215950469603 4
quiesc_diff 9.455055616685922 8.512798476893575 0.3530832757619331 4
quiesc_diff -9.586077442497881 7.6025612943323875 -7.502851118510136 4
quiesc_diff 5.576700228719869 6.790180045771431 8.321658249455176 4
quiesc_diff -6.6244662281991635 8.22342865208976 5.982778397158726 4
quiesc_diff -10.279613012716018 3.8782763396994007 -3.4961045778344237 4
quiesc_diff -2.8644587243140536 6.454099131435592 10.789888508818784 4
quiesc_diff 8.22074834929801 7.873930302098097 -3.4329206514370116 4
quiesc_diff -11.061884275433524 4.627711382856588 1.335157783564052 4
quiesc_diff 8.27354345202448 6.017236915814736 0.4155262535029287 4
quiesc_diff 5.3058056242122635 9.927069307009571 5.34482924882272 4
quiesc_diff 5.510374478372796 6.992745982963358 -12.731629611830083 4
quiesc_diff -2.3222694656905047 10.384953314749227 -4.7879869502181664 4
quiesc_diff -6.98321430439096 4.2558246491977325 -11.230135057206256 4
quiesc_diff 2.796353252568615 11.958110081754114 -1.9959243360892576 4
quiesc_diff 0.17062645061505188 12.158335848021066 -2.081890245011661 4
quiesc_diff 8.244049242950958 2.61896707235403 -2.765314594675922 4
quiesc_diff -10.895530333338245 6.5911583246140735 -0.9288885987156584 4
quiesc_diff -4.693228532486108 9.626728159568975 1.5909258271679751 4
quiesc_diff 9.839357943865771 5.431720980169219 -3.00618326129855 4
quiesc_diff 0.4474315051608 12.029195397083317 2.0790908758613287 4
quiesc_diff 0.7066842387145008 12.939479978835255 -5.90424179202887 4
quiesc_diff -0.5815680825924961 8.956993446381068 9.161748902541042 4
quiesc_diff 0.9743668726609402 8.796979684534152 -12.444079956726332 4
quiesc_diff -6.464461138702783 11.887014001524106 -2.382972956589126 4
quiesc_diff -4.8064908521205005 9.195841332244507 4.921004882395678 4
quiesc_diff 6.806295558006941 8.52209931521235 6.151837677921201 4
quiesc_diff -7.8647511895584445 9.776542937133488 -1.8086504476518543 4
quiesc_diff -5.622064119388748 5.629916234797002 -12.409785653379585 4
quiesc_diff -7.979874109661603 5.593994881219507 5.771519140058822 4
quiesc_diff -7.929330882248223 6.41960956174907 3.357164995415657 4
quiesc_diff 1.607687967808293 8.198664478632308 9.799023229329526 4
quiesc_diff -5.422930797491709 8.153400885240217 8.147436618828388 4
quiesc_diff -3.8133332105534667 10.714260862340879 3.616868447876298 4
quiesc_diff 8.391369954822315 8.257429901703249 -9.272128836330113 4
quiesc_diff -7.1587494072810784 11.098117590731146 1.2328678112266327 4
quiesc_diff 1.4620824131046388 6.249157509476643 -13.282090429783413 4
quiesc_diff 1.5638532919108976 3.400241728148872 9.753357442472142 4
quiesc_diff 0.04651107608678218 8.774796052353853 11.878972196393388 4
quiesc_diff 2.276946013218531 10.58015027425122 5.405985724730258 4
quiesc_diff -8.578133493133993 8.145488321379096 -0.7137648255030833 4
quiesc_diff 8.375504361130691 9.614312591991483 -2.2101996725524438 4
quiesc_diff 1.3166158635978196 11.516363627652037 -10.254510885872813 4
quiesc_diff -3.6162500663108994 7.062388949772965 9.013075982781736 4
quiesc_diff -9.613843529495398 8.363397876978581 -3.5223340830621437 4
quiesc_diff 4.730474212346709 11.042303578674666 -8.08421876502537 4
quiesc_diff -9.286588918918877 4.386521692435729 -5.532271721841866 4
quiesc_diff -7.336144943045472 9.475116935647852 -8.202164275535338 4
quiesc_diff 7.213639957392667 10.094442051258433 -0.16292456442485734 4
quiesc_diff -4.831083174200169 7.775749402532762 -11.97789367640171 4
quiesc_diff -2.104410828412098 6.612119659164104 -10.661394136825297 4
quiesc_diff 0.6509415927190566 3.8074772737357687 -13.557658211383112 4
quiesc_diff 2.9775838527483955 3.5606973806055424 -13.627617866522426 4
quiesc_diff 4.951352841620213 11.791624530044569 2.601669677421319 4
quiesc_diff 6.160837796992867 5.391780073964682 6.487542329566386 4
quiesc_diff 3.460924546651207 2.965233147910098 -10.530718913295413 4
quiesc_diff -8.403055258729127 4.693824857140563 -7.926049372946435 4
quiesc_diff -1.064677509818388 7.915268225713076 -12.326076046489309 4
quiesc_diff 8.875002524670325 5.727069068672853 2.585521086805116 4
quiesc_diff -7.233945242805449 10.080383881987645 4.469143644901468 4
quiesc_diff 3.4154695004356133 8.958151703038373 -10.464367533260875 4
quiesc_diff 7.059602975325514 7.907141895459688 -11.176960891035721 4
quiesc_diff 0.06133367007527289 4.75056199789371 11.837183251361449 4
quiesc_diff -1.878368146174708 9.814732594892766 -11.152366949253656 4
quiesc_diff 0.3248283783397462 11.69555891590687 6.233713437359987 4
quiesc_diff 5.326235399011294 10.540980032951826 -5.429689931275125 4
quiesc_diff 3.5641378308568976 10.399093903808113 -3.0329095467687033 4
quiesc_diff -0.18958797716413028 12.04309566262354 -4.120214617763473 4
quiesc_diff 1.5675423457263498 10.981588992513778 -6.957353198101791 4
quiesc_diff 3.1593598822434177 6.813594835686468 -16.32654697965566 4
quiesc_diff -4.672513665085235 9.546770961906416 -7.218568332840578 4
quiesc_diff 7.411181093515525 3.4951398803689733 -6.409952063499317 4
quiesc_diff -6.690904568761438 3.1107953458655286 8.241070216150298 4
quiesc_diff -2.0954774679101096 9.735303517424263 10.383461366264576 4
quiesc_diff -3.0066683252235276 10.190407133611407 -9.041464933627147 4
quiesc_diff -10.359062392151285 6.298372455591704 -5.275814571912897 4
quiesc_diff -4.067464897592826 4.928135422150547 -13.8419204618839 4
quiesc_diff -3.748362510568737 12.25201324365129 -3.423040591496527 4
quiesc_diff -9.109916075360337 7.7913272534100875 1.4454262994075535 4
quiesc_diff 1.982945596627785 10.578212786208574 8.43387182137936 4
quiesc_diff 6.1769658841786645 11.017008153379116 -1.9781249424024538 4
quiesc_diff -3.3662543991163787 10.480009819542925 5.66378940050822 4
quiesc_diff 3.2497989610329734 6.0986306735065705 11.025776358645112 4
quiesc_diff 5.868654013322062 9.53525535933528 -3.539280246902815 4
quiesc_diff -4.785734867995785 5.566219620339219 10.528922125997875 4
quiesc_diff -1.1123632335214164 11.35508269109099 -7.6189462372723 4
quiesc_diff 6.846805618908938 5.188314411939691 9.079324396564516 4
quiesc_diff -9.210605804441553 9.841505469730507 -7.232075666771615 4
quiesc_diff -4.259269131221239 12.481458844063368 2.7933683276248527 4
quiesc_diff -7.334367805188043 9.974135729950081 -5.949691140395037 4
quiesc_diff -4.088552662180163 9.848604076573187 7.973717650952791 4
quiesc_diff 2.1634378529689062 4.438190499240551 -15.229857585725288 4
quiesc_diff -5.723102742962558 8.232895004521305 10.123183942792657 4
quiesc_diff -11.456871784986074 7.623937916889886 -6.294485639930956 4
quiesc_diff 4.643921617594449 3.3893306348185472 -12.086565709010738 4
quiesc_diff 3.8272968385192696 9.512377048365524 8.839536375117346 4
quiesc_diff 2.6683845334500496 7.848571457643657 -12.987019440402452 4
quiesc_diff 3.0015129809713055 12.051121675938239 0.3046569839814115 4
quiesc_diff 1.9803868012129449 9.952327684940144 10.685454805042468 4
quiesc_diff 3.506495392961432 7.171340182034118 9.012222869382516 4
quiesc_diff 2.1782394908559235 9.62198598488256 -13.811579617986176 4
quiesc_diff 4.463758697047326 11.704935749177606 4.984069098217281 4
quiesc_diff 4.700112940196699 8.865055516186915 -14.45283666832473 4
quiesc_diff -7.08713863703689 7.181974177475734 8.914420084299731 4
quiesc_diff -4.186480586373739 11.903586703661848 6.804253278384021 4
quiesc_diff -1.5619759323384188 13.452412365053876 -4.481293186420515 4
quiesc_diff 1.5400870175670567 12.366931621200493 9.211278541376984 4
quiesc_diff -10.140084659109952 10.256796138912236 -3.150698111702254 4
quiesc_diff -3.2733528413116817 8.083044235822827 -8.29342507214312 4
quiesc_diff 8.711498848214838 9.87345005123558 -7.87828447781243 4
quiesc_diff 9.863747681191448 3.4189055622045386 -1.9070166384759766 4
quiesc_diff 6.223281570542115 7.178739210590068 -14.590976270528156 4
quiesc_diff -9.04891064425921 10.274156209096788 0.9418918263387801 4
quiesc_diff 0.9609920936461813 13.918718468500606 -4.179011518912272 4
quiesc_diff -3.266816280134637 6.946886374000655 12.686008001582678 4
quiesc_diff -3.7417674134461296 8.514424854690013 10.382688017775537 4
quiesc_diff 7.333146148647235 10.82017140766076 -4.56333469537559 4
quiesc_diff 1.082471157065656 7.741634758033702 -14.558180926898746 4
quiesc_diff -4.151021067876947 10.907947158498214 -5.406165740618793 4
quiesc_diff -0.9459300748047179 2.8336045481899013 11.842411433501264 4
quiesc_diff 6.785273074660491 3.339597353094087 7.056162834282431 4
quiesc_diff -0.03648601842191168 10.683281990376157 8.311373719801146 4
quiesc_diff -7.9211208778832916 9.170049474218686 7.175504576365206 4
quiesc_diff 3.361370125416499 10.62230679614411 -5.870098049693908 4
quiesc_diff -10.156184494371692 6.480172472143456 2.7818092720673224 4
quiesc_diff -5.611703975685928 10.637741307872913 6.049081247683425 4
quiesc_diff 6.336171317419771 8.224323531501383 9.49060483838357 4
quiesc_diff -10.160357899678294 8.677468360887115 2.8984665298770853 4
quiesc_diff -1.0400686990056291 11.712820817091568 -10.514987089737328 4
quiesc_diff 2.1175828515941437 12.509896200890873 4.905302150669005 4
quiesc_diff -7.749426587467299 5.30764584247078 -12.748881551735414 4
quiesc_diff -7.014305213046619 6.489459415935205 -11.004094331546538 4
quiesc_diff 9.724675688698543 8.146792040787208 -5.637928081405976 4
quiesc_diff 4.9577352252065054 11.732483434391892 -3.8661915250518915 4
quiesc_diff -0.3601232368445523 12.221335578510779 4.150432357090201 4
quiesc_diff -8.639161599574875 8.627106281013532 4.321059379676346 4
quiesc_diff -6.525202405516115 11.523071377947591 3.1399720637564212 4
quiesc_diff -5.42403390343919 12.376446949237899 -4.535884711930048 4
quiesc_diff -11.20284449876202 8.144501702252432 0.2928652041746559 4
quiesc_diff 1.6832040385276918 13.583988493727476 -1.6532609199517134 4
quiesc_diff -1.5965426547040122 5.570413791660041 -15.278061719016604 4
quiesc_diff -4.638534762286641 9.415994328852058 -10.794211940798526 4
quiesc_diff 0.9229861186166406 6.259878643587112 10.834487244786681 4
quiesc_diff 3.080986988539107 11.673673532540905 -11.385176889677464 4
quiesc_diff -3.447315558029774 11.061251412117846 -10.787162576064919 4
quiesc_diff -8.62912243606793 11.5388314600636 -1.2518059815229883 4
quiesc_diff 0.06883228072583392 5.061583059912155 13.812837489789628 4
quiesc_diff -12.144446180365698 6.23763851406601 1.8211560903362256 4
quiesc_diff 7.304098762307434 5.97961999158614 -12.198666204062677 4
quiesc_diff 5.806561128312812 9.48110060009253 -10.979165361145263 4
quiesc_diff -2.71122000871696 10.371107305270247 -12.883495181566985 4
quiesc_diff -3.3070948874547863 6.800708447860104 -13.505833774409716 4
quiesc_diff 4.841531648608845 11.278537995658683 0.49176193452260164 4
quiesc_diff 2.9698155476848243 12.802460022469461 -5.308788513374235 4
quiesc_diff -9.411315166948791 6.641513309094493 4.6817333427706 4
quiesc_diff 0.35576413030912934 5.347182284043146 -14.799503107865597 4
quiesc_diff -5.058239717484256 7.16647569398341 11.69722072043773 4
quiesc_diff 1.017154260227168 12.374230597427472 -8.283106687859203 4
quiesc_diff -2.824987998746889 13.843463464480868 -2.6390344017637855 4
quiesc_diff 10.165018478371145 8.273690395961006 -3.1879603841513764 4
quiesc_diff -6.456369428191045 12.147277013434262 -0.39999598020930716 4
quiesc_diff 2.4242010227525057 4.009341043167508 11.453004407720963 4
quiesc_diff -7.396876732940722 5.4404278703830276 7.975575541400859 4
quiesc_diff -8.76419608366594 4.878403417652085 -9.884494689916878 4
quiesc_diff -1.7516425390662285 12.126221041041978 -2.851989841172583 4
quiesc_diff 2.946649163461454 12.416746637669538 2.859219451920824 4
quiesc_diff -9.828993146392648 9.605237085890547 -1.2655652172725425 4
quiesc_diff -8.91285779244689 6.54432642059213 7.2636355607613305 4
quiesc_diff 1.622861428001426 8.92043210797452 -9.241988502124977 4
quiesc_diff 7.515353861073075 4.133119987030749 -8.302603488882033 4
quiesc_diff 3.6614889173103062 7.7988281774707 11.995229723905409 4
quiesc_diff -7.741564034799295 11.939865794086268 5.002669821009782 4
quiesc_diff 0.402130330064948 14.022303829261565 1.9195083545286369 4
quiesc_diff 9.267144471357406 5.036555818127086 -5.768171034293021 4
quiesc_diff -5.151215199831143 11.526659779496807 1.166063435171939 4
quiesc_diff -7.769655880585544 10.475429562349522 -3.9778505013645873 4
quiesc_diff 3.0440164266004257 13.024504700384377 6.60549224661044 4
quiesc_diff 10.015129347473604 2.7558506999383536 0.06913046837744174 4
quiesc_diff -7.684700035117499 8.346634336266577 -9.960680490513814 4
quiesc_diff -0.15079674266224097 10.505641194948282 10.351759912386074 4
quiesc_diff -1.8945023006662614 8.299721816988574 12.126294786206797 4
quiesc_diff -2.346006744634753 12.841170027650065 7.336709814079192 4
quiesc_diff 10.024642570659399 6.713173921500653 1.0858422691499743 4
quiesc_diff 7.488597579360769 8.784023989159293 -12.922538567181252 4
quiesc_diff -7.5162264608613585 12.092381661539315 -5.127302300329635 4
quiesc_diff 5.447772025387139 8.681136600008251 7.683175024637008 4
quiesc_diff 10.336030108119832 8.195138789202627 2.559951829235959 4
quiesc_diff -3.176839576761418 12.601769019772469 -5.8327075611210075 4
quiesc_diff -6.604668561343745 10.132686144066163 -9.943584684038887 4
quiesc_diff -0.550519407281399 10.6127294227797 -12.417285440422885 4
quiesc_diff -0.199043477953316 6.908969531463903 -15.918882003328612 4
quiesc_diff 2.8835889825987167 14.394417975026448 3.1504916527682325 4
quiesc_diff 7.81933324422282 10.79053868196384 1.6115007292996961 4
quiesc_diff -0.3494252357851265 6.601057465730776 12.475104598214529 4
quiesc_diff 11.201981886407177 9.493517608613729 -5.7003511794867 4
quiesc_diff 1.229195482934549 11.689731987791662 -12.245063846421008 4
quiesc_diff 3.466474050529892 11.419049448957466 9.47892542433001 4
quiesc_diff 5.716785138882025 12.957759211476155 -0.15178094370161155 4
quiesc_diff 7.168182567555855 12.559478629302074 -5.536780844713027 4
quiesc_diff -6.194831354450639 9.970360385135432 8.468104212930163 4
