16
 Lattice="1.0 0.0 0.0 0.0 1.0 0.0 0.0 0.0 1.0"Properties=species:S:1:pos:R:3:Color:r:1
active_stem -1.7434815655644278 0.8392958916333283 -0.5058205579298136 1
active_stem 1.3718974381006157 2.185157954018622 -2.4554156008390384 1
active_stem 0.519045537679367 2.1594824807679753 -0.5040729933032584 1
active_stem 1.5803080095184292 4.1086364630733225 -1.9486657030334185 1
active_stem -1.5032835934141555 1.5850268385886883 -2.6364263751136043 1
active_stem -1.6520571969715478 2.4922106143960816 0.6164603802053417 1
active_stem -0.37812120320796316 3.9467421625517973 -0.47588312073173933 1
active_stem 1.8140151531160995 0.24080408777532114 0.8070702668144019 1
active_diff 0.0 0.0 0.0 3
active_diff 0.13051561782095353 0.7366226002015958 -1.8548188101205614 3
active_diff -3.456427296840617 1.4581973598264728 -1.3321243122302833 3
active_diff 0.16809885160067495 1.1803784109530417 1.6057551441756324 3
active_diff 1.5483445126453743 2.334691253534764 -4.441997142639025 3
active_diff 1.6340829821213463 2.41121643264767 -6.43869261561773 3
active_diff -0.35025000900800773 2.117916535062916 3.2946413820691793 3
active_diff -3.3012897172796585 3.28325816516298 -2.135296391072935 3
