204
 Lattice="1.0 0.0 0.0 0.0 1.0 0.0 0.0 0.0 1.0"Properties=species:S:1:pos:R:3:Color:r:1
active_stem -2.3460830407170814 2.0164647580239294 4.565371797448414 1
active_stem 4.819701856062069 1.1990377452339283 -1.8352445998047426 1
active_stem 4.201557532855444 5.411801886366821 -0.16401085323531372 1
active_stem 0.6227062645618385 7.298538453093328 -1.277519091647607 1
active_stem 6.18479143216826 4.5516456706230946 -0.5188568521978488 1
active_stem -2.0455742511931776 8.161091518834299 -0.8725488736267947 1
active_stem -0.8323680931443665 7.361958324036353 2.7599449173363166 1
active_stem 2.174020565517608 7.824364429962019 3.648256079427344 1
active_stem 5.818473853140198 1.9735984687151142 -3.385247884798961 1
active_stem -2.44707330276354 2.2098483804435194 6.553437123727122 1
active_stem 4.147076971085163 6.641363765030323 -5.329878486983628 1
active_stem 4.494425914625973 1.541590885554325 2.1522717515605883 1
active_stem 3.7999157402295407 7.239623480148873 0.5415046261981947 1
active_stem 6.062836095506132 3.650735004601487 1.2653916476549925 1
active_stem -1.6883838743902362 8.447616223800864 4.205138297800307 1
active_stem 5.921863173023006 2.2701944357087527 3.3487498082094875 1
active_stem -4.099796388761138 2.4132384148028816 5.441191503882542 1
active_stem 6.281938591740193 2.040050131921917 -0.7607391813583035 1
active_stem -2.78427003500653 2.5991774611221232 8.48597980907785 1
active_stem -2.3350761379014844 9.53047143951569 0.5560823910552296 1
active_stem 5.688065531410464 6.30861058841913 0.8289786341990714 1
active_stem 7.222212225926434 6.033341478102479 -1.3722826725104158 1
active_stem 7.017003258654094 5.01958121287672 2.3680362335758987 1
active_stem 0.5201753389814792 9.295666322504502 -1.246411495777533 1
active_stem 5.7833745687392595 7.545478388372291 -6.040587231667866 1
quiesc_stem 1.3718974381006157 2.185157954018622 -2.4554156008390384 2
quiesc_stem 0.519045537679367 2.1594824807679753 -0.5040729933032584 2
quiesc_stem -1.6520571969715478 2.4922106143960816 0.6164603802053417 2
quiesc_stem -0.37812120320796316 3.9467421625517973 -0.47588312073173933 2
quiesc_stem 1.730154742502194 3.1451653652324816 0.745584457867722 2
quiesc_stem 3.1970201142662247 2.9984006749276872 -2.5423839504525914 2
quiesc_stem 2.7074546640508323 5.011786993339573 -3.3320888266135475 2
quiesc_stem -3.1239900704180767 1.1458052254939899 0.9084807877115728 2
quiesc_stem -0.5831185839174023 4.135290454290148 1.5046283322987195 2
quiesc_stem 2.355839789923284 0.7532412697418184 -1.0486867747961095 2
quiesc_stem -1.638887342928545 1.6886595300011993 -4.6291310417384 2
quiesc_stem 3.3280408200322604 1.5174110524086752 0.5277837870688027 2
quiesc_stem 0.009238959835781935 5.450932804495869 -1.7357889175175958 2
quiesc_stem -2.2576178792382144 1.8304662627110493 2.5760054473394494 2
quiesc_stem -1.6397727416083745 5.808772028030769 1.792623841612662 2
quiesc_stem -1.141467876503444 2.0824887864605452 -6.525831437472541 2
quiesc_stem 3.1377729451298713 0.9230679941705254 -2.8816459735941864 2
quiesc_stem 1.1513880868498856 6.344320611720846 2.7743607140316926 2
quiesc_stem -1.6437543704389483 4.01346765016223 -6.387886136909854 2
active_diff 4.219732699124878 6.177821087038727 -2.737631395872054 3
active_diff -6.6179273053039775 4.694341064500949 -3.474482580207332 3
active_diff -0.4298638551813033 5.551405971093893 5.01729912687586 3
active_diff 3.6335028229803976 4.682484445586667 -8.876311248066665 3
active_diff -7.205424565075235 5.7552693896546545 -5.064852995754546 3
active_diff 1.695671166795254 6.738006439387705 0.7800474069687227 3
active_diff -5.744634761541834 2.0003193435408715 -3.9076907613295933 3
active_diff 4.886020825188423 4.061498885056303 2.957308053308207 3
active_diff -1.2039084298256038 4.078385008745453 6.4546717633942015 3
active_diff 4.822773122924943 3.738169460578901 -3.442200208703827 3
active_diff -1.7549212630745312 6.324378948001943 -0.13633710202564742 3
active_diff 1.4439869206891802 2.444923586495489 -8.429352635612972 3
active_diff -4.478858618712523 5.244521348449661 4.552325135844411 3
active_diff 1.087643705095826 6.186774921310516 -6.382318680286969 3
active_diff 4.263174706752274 6.1033052896910664 -7.617430218046101 3
active_diff -1.3085875476189046 7.279038187922917 -4.969157558609386 3
active_diff -1.393035321504373 7.139315295955985 5.759488255384952 3
active_diff 2.6224147243202083 7.355363162693089 -2.9865690335035056 3
active_diff 1.8507495202441033 3.1152399141055427 6.369319587950212 3
active_diff -4.959013600343366 4.681064503732959 -4.605184356547241 3
active_diff 0.7252098643574302 4.021050692946203 -9.428943995920953 3
active_diff -6.689847229579872 4.7974390379922145 -1.2655898746740109 3
active_diff -0.6513418759624343 5.553759880006034 -7.318054941148565 3
active_diff 3.838582384123964 6.592811800678245 -9.509546687840245 3
active_diff -6.377437004706986 2.527766275650988 -5.730150926834666 3
active_diff -4.969727725092849 4.686309725229042 -6.605148780026396 3
active_diff -3.1998133038361933 4.177331877426177 5.738181019460099 3
active_diff 1.8299994127682948 7.815043752866941 -4.764424969465557 3
active_diff -2.6480708508557638 5.707905864383932 -5.395742732839759 3
active_diff -7.391681323194063 3.8303440507221 0.4306280625616755 3
active_diff 1.8176665713351983 5.663181871698206 -8.29194251413833 3
active_diff 1.699599351457678 4.731463957020281 5.200998797422127 3
active_diff -6.468694629407313 6.429678671217103 -6.797596809142192 3
active_diff -5.607899883816867 6.026327986814919 0.7041474322132345 3
active_diff 0.392392933910821 8.241726660549512 0.9807744459014912 3
active_diff -4.616264698480789 5.50500525719161 6.530523230709845 3
active_diff 3.5947171926315766 5.378749553036029 2.184400810327227 3
active_diff 3.6775590608495237 3.2403598637176723 5.13687528256814 3
active_diff -4.511445953905518 6.831373525072177 2.3803362059397077 3
active_diff 3.743516078865817 5.076452344093929 -10.834036044475818 3
active_diff -2.2312351420623986 6.799258443293104 -2.7263162108737484 3
active_diff 5.215102543326653 7.3267457046456315 -1.4379348557864227 3
active_diff -3.8139947206427074 3.053924895613258 -6.7773126482500015 3
active_diff -6.828645950709313 3.0158376941302008 -2.352812600947645 3
active_diff -4.967054090729989 3.0547861664452567 3.1214133401297808 3
active_diff -1.454753938529615 5.79824231152901 7.444200635547558 3
active_diff 5.808097808999525 5.46181333786095 -5.974197260614722 3
active_diff 0.023461826353551984 7.8801443184489965 -6.378193902545051 3
active_diff 0.6443064617503463 6.460469781581948 6.438482126592609 3
active_diff -5.973883988343682 6.562958618716294 -3.1687430800490373 3
active_diff -4.6868427306632965 7.28866279521725 -1.7671299623693228 3
active_diff -0.7818383009097442 9.146280457548576 -4.483419421734641 3
active_diff -1.2057558548062999 2.453199808966955 -10.500480994485677 3
active_diff 5.762749144154181 5.447140552179054 -3.8847642013523855 3
active_diff -1.155506685808552 7.806167418629522 7.630019835901646 3
active_diff 0.05464758266435221 8.506527400707299 5.572551716422955 3
active_diff -4.585246868492389 6.627662207768744 -4.871747311220328 3
active_diff -1.9623981476784462 3.552560301820179 -11.990077902172686 3
active_diff 4.593708356956903 7.9953057721841025 -3.483883113867477 3
active_diff 3.22803529313315 8.871320449035224 4.9872616985701175 3
active_diff -2.6963234926637387 7.481417442221906 1.1959630762441265 3
active_diff 4.066734643789236 6.915786410773115 3.373819670006328 3
active_diff -2.648221701786416 5.743687364230409 -7.395422622600301 3
active_diff -4.945124179407939 4.770414590569142 -8.603228117081322 3
active_diff -0.5161055924470275 10.434803797820006 -2.9770682909457977 3
active_diff -2.4034628361504167 5.733603546370809 4.749509833062815 3
active_diff 0.61599796544395 6.586725658424605 -9.596955707793647 3
active_diff 3.1780056399458116 8.601515165352481 1.8675811190666698 3
active_diff 2.006869156359514 4.783385013883819 7.461527711571766 3
active_diff -8.750360625835857 3.559753585026688 -2.247132843976112 3
active_diff -3.1131565029331814 4.692894683897848 7.668643552492095 3
active_diff -2.9658456092737184 8.486211995257333 -3.510239150312847 3
active_diff -7.492597528634984 3.8392790323943267 2.4280604357803344 3
active_diff -1.3731134708490074 6.733236467538631 -8.763005024811442 3
active_diff -1.2070101582775332 4.08602337290933 8.454654771990402 3
active_diff 6.516281737644927 3.908824524348953 -2.3920071687921913 3
active_diff 2.195781168710954 8.500629675289442 -0.021856149728197938 3
active_diff -7.671441100718928 6.969606144122883 -2.1925578310799105 3
active_diff 1.5816158209720768 7.609925324328387 -7.697854494746922 3
active_diff -5.921422681892623 8.049513117854318 1.6536302413079724 3
active_diff 1.5254449648335886 2.472012506223772 -10.427509480675972 3
active_diff -3.1877505248842284 6.7932011437792585 7.0781532277081824 3
active_diff 5.507637546670487 5.347500780367431 -9.08931902241734 3
active_diff 5.545713147153737 5.205005146878798 4.459705959827234 3
active_diff 7.016414841351406 3.1411233885810423 -4.481524743195422 3
active_diff -2.3516586281513403 9.028464142897997 6.593095900083724 3
active_diff 0.7962760449909326 7.1272199694366 8.31793668384199 3
active_diff -8.357328419986484 5.492693638580235 -0.40761113367786117 3
active_diff -5.968106435521686 6.295225916543392 3.7288199138111153 3
active_diff -1.4609070574723177 6.0247453326394185 9.431323812543674 3
active_diff -7.665168575355062 2.47732226395104 -4.1975494923007135 3
active_diff -6.0229222928527095 3.258083024585896 -7.557979355682414 3
active_diff 2.5510568046916826 9.061201660965034 -1.9449246291506552 3
active_diff 3.717856069115122 7.219282634679335 -11.405057028358167 3
active_diff 4.768026026280902 3.9655371027093507 6.648496852059422 3
active_diff -8.54991552560708 5.208183271359524 -3.5326865582565823 3
active_diff -5.1945091183599255 7.3741193680515895 -8.015990445698005 3
active_diff 5.742157795971598 8.740445810485987 -0.12505071337082363 3
active_diff 4.205626157024435 8.060975146822008 -7.212193380005506 3
active_diff -6.840451692761806 7.4065777744971975 -0.054619041657075096 3
active_diff -2.954205812601959 3.709315566052423 -8.459937414117721 3
active_diff 6.413927876621468 7.326647994448146 -4.09313414361228 3
active_diff -0.7801370628969836 5.1776820638491605 -10.05833616337209 3
active_diff 3.5585484501325735 5.406383978533088 5.4989773421144355 3
active_diff -8.441491193727492 7.293490031237763 -4.739251172448998 3
active_diff 0.6617291432618007 9.377290242216775 2.6049521942786393 3
active_diff -2.0099841672361665 7.646121985135899 -6.805810021056535 3
active_diff -5.186936194645464 8.837755759362514 -2.929118566322889 3
active_diff 1.7193112040358793 9.659414425390246 -3.998889246730461 3
active_diff 0.34501034651993623 9.36711103742332 -7.676476046703838 3
active_diff 4.043470828844897 5.633263129026201 -12.731399714874325 3
active_diff 7.44795228560273 6.231424036888841 -6.821886276413696 3
active_diff -5.957200113502927 3.53292736571425 4.792039524274079 3
quiesc_diff 0.0 0.0 0.0 4
quiesc_diff 0.13051561782095353 0.7366226002015958 -1.8548188101205614 4
quiesc_diff -1.7434815655644278 0.8392958916333283 -0.5058205579298136 4
quiesc_diff -3.456427296840617 1.4581973598264728 -1.3321243122302833 4
quiesc_diff 0.16809885160067495 1.1803784109530417 1.6057551441756324 4
quiesc_diff 1.5483445126453743 2.334691253534764 -4.441997142639025 4
quiesc_diff 1.5803080095184292 4.1086364630733225 -1.9486657030334185 4
quiesc_diff -1.5032835934141555 1.5850268385886883 -2.6364263751136043 4
quiesc_diff 1.6340829821213463 2.41121643264767 -6.43869261561773 4
quiesc_diff -0.35025000900800773 2.117916535062916 3.2946413820691793 4
quiesc_diff 1.8140151531160995 0.24080408777532114 0.8070702668144019 4
quiesc_diff -3.3012897172796585 3.28325816516298 -2.135296391072935 4
quiesc_diff 0.12804083063591046 0.7949755126332468 -3.8539658314872076 4
quiesc_diff -0.6633692502381736 3.61239929396879 4.586337021182563 4
quiesc_diff -2.7328513480020984 3.674158442655713 1.8143265389937484 4
quiesc_diff 3.028848056424889 3.469120196960387 -7.405889603286744 4
quiesc_diff 1.7123993103364166 1.7646575325184113 2.7343622508568632 4
quiesc_diff -5.116355668007309 4.108805300289587 -2.2902400007939683 4
quiesc_diff -3.876293029940003 1.6676811005880827 -3.2763026292900737 4
quiesc_diff 0.13091248491289909 3.739377428099701 -4.575200737726871 4
quiesc_diff -3.9144421171236474 2.9846136889774524 -4.781039551408067 4
quiesc_diff 1.3194240594278055 4.429198892836751 2.2229328277417277 4
quiesc_diff 3.5102187376699323 2.6997749539107083 -4.575276611816008 4
quiesc_diff 1.0776301902608254 2.4134319795782013 4.663520032128757 4
quiesc_diff 1.1917514837876837 4.283123258019145 -6.98669597574391 4
quiesc_diff -3.4122044798418387 3.5112110298688424 -0.1514275932644289 4
quiesc_diff 3.3555875889828384 2.7995586877098213 3.2128096146310776 4
quiesc_diff -5.358462244648585 1.745077632747483 -1.8798128791420872 4
quiesc_diff -0.6351642790260678 5.429173333219328 -5.322004721911302 4
quiesc_diff -3.0826012179532016 4.061886437825182 3.744959085655865 4
quiesc_diff 1.738152216775255 4.96762362691176 -0.14943635172873804 4
quiesc_diff -0.7679763371801952 3.443355460872634 -2.7134846032916267 4
quiesc_diff 4.496218496784231 3.7336788969613455 -1.2114258372628421 4
quiesc_diff 2.578697242210357 5.400974786984061 -5.2896266647150565 4
quiesc_diff -1.8496796391095551 4.450990541493853 -4.060551606412329 4
quiesc_diff -4.259788611205842 5.274303577706442 -0.5674874543655065 4
quiesc_diff -1.1197545859799798 2.3781216165846506 -8.503741891150224 4
quiesc_diff 4.356165213713991 4.111681169760926 -5.711452389287151 4
quiesc_diff 4.10647285248681 3.2521309052137912 1.14809870961418 4
quiesc_diff -4.067977229710522 5.720004940318861 -2.842452251730079 4
quiesc_diff -2.2260757426982054 4.958733404909494 -1.9437301365782673 4
quiesc_diff 0.8397750582913961 5.497594665498291 -3.9378735076655107 4
quiesc_diff -4.669079577871377 2.363644490545422 1.2684334769037822 4
quiesc_diff -5.762180611612786 2.9857929319634056 -0.3640170398328142 4
quiesc_diff -3.5883004554655455 5.411919068485068 1.315934292006342 4
quiesc_diff 2.620257578661566 6.4200146122741195 -1.2041640683312624 4
quiesc_diff 0.33665632577972415 8.08756116559502 -3.092902960607343 4
