87
 Lattice="1.0 0.0 0.0 0.0 1.0 0.0 0.0 0.0 1.0"Properties=species:S:1:pos:R:3:Color:r:1
active_stem 3.1970201142662247 2.9984006749276872 -2.5423839504525914 1
active_stem 2.7074546640508323 5.011786993339573 -3.3320888266135475 1
active_stem -3.1239900704180767 1.1458052254939899 0.9084807877115728 1
active_stem 3.3280408200322604 1.5174110524086752 0.5277837870688027 1
active_stem 0.009238959835781935 5.450932804495869 -1.7357889175175958 1
active_stem -2.2576178792382144 1.8304662627110493 2.5760054473394494 1
active_stem -1.6397727416083745 5.808772028030769 1.792623841612662 1
active_stem -1.141467876503444 2.0824887864605452 -6.525831437472541 1
active_stem 3.1377729451298713 0.9230679941705254 -2.8816459735941864 1
active_stem 4.496218496784231 3.7336788969613455 -1.2114258372628421 1
active_stem 2.578697242210357 5.400974786984061 -5.2896266647150565 1
active_stem -2.3460830407170814 2.0164647580239294 4.565371797448414 1
active_stem 4.819701856062069 1.1990377452339283 -1.8352445998047426 1
active_stem -1.7549212630745312 6.324378948001943 -0.13633710202564742 1
active_stem 4.10647285248681 3.2521309052137912 1.14809870961418 1
active_stem 1.1513880868498856 6.344320611720846 2.7743607140316926 1
active_stem 4.201557532855444 5.411801886366821 -0.16401085323531372 1
active_stem 0.6227062645618385 7.298538453093328 -1.277519091647607 1
quiesc_stem 1.3718974381006157 2.185157954018622 -2.4554156008390384 2
quiesc_stem 0.519045537679367 2.1594824807679753 -0.5040729933032584 2
quiesc_stem -1.6520571969715478 2.4922106143960816 0.6164603802053417 2
quiesc_stem -0.37812120320796316 3.9467421625517973 -0.47588312073173933 2
quiesc_stem 1.730154742502194 3.1451653652324816 0.745584457867722 2
quiesc_stem -0.5831185839174023 4.135290454290148 1.5046283322987195 2
quiesc_stem 2.355839789923284 0.7532412697418184 -1.0486867747961095 2
quiesc_stem -1.638887342928545 1.6886595300011993 -4.6291310417384 2
active_diff 1.6340829821213463 2.41121643264767 -6.43869261561773 3
active_diff -3.3012897172796585 3.28325816516298 -2.135296391072935 3
active_diff -0.6633692502381736 3.61239929396879 4.586337021182563 3
active_diff -2.7328513480020984 3.674158442655713 1.8143265389937484 3
active_diff -5.116355668007309 4.108805300289587 -2.2902400007939683 3
active_diff -3.876293029940003 1.6676811005880827 -3.2763026292900737 3
active_diff 0.13091248491289909 3.739377428099701 -4.575200737726871 3
active_diff -3.9144421171236474 2.9846136889774524 -4.781039551408067 3
active_diff 1.3194240594278055 4.429198892836751 2.2229328277417277 3
active_diff 4.219732699124878 6.177821087038727 -2.737631395872054 3
active_diff 3.5102187376699323 2.6997749539107083 -4.575276611816008 3
active_diff 1.0776301902608254 2.4134319795782013 4.663520032128757 3
active_diff 1.1917514837876837 4.283123258019145 -6.98669597574391 3
active_diff -6.6179273053039775 4.694341064500949 -3.474482580207332 3
active_diff -0.4298638551813033 5.551405971093893 5.01729912687586 3
active_diff -3.4122044798418387 3.5112110298688424 -0.1514275932644289 3
active_diff 3.3555875889828384 2.7995586877098213 3.2128096146310776 3
active_diff 3.6335028229803976 4.682484445586667 -8.876311248066665 3
active_diff -5.358462244648585 1.745077632747483 -1.8798128791420872 3
active_diff -0.6351642790260678 5.429173333219328 -5.322004721911302 3
active_diff -3.0826012179532016 4.061886437825182 3.744959085655865 3
active_diff 1.738152216775255 4.96762362691176 -0.14943635172873804 3
active_diff -0.7679763371801952 3.443355460872634 -2.7134846032916267 3
active_diff -1.8496796391095551 4.450990541493853 -4.060551606412329 3
active_diff -7.205424565075235 5.7552693896546545 -5.064852995754546 3
active_diff 1.695671166795254 6.738006439387705 0.7800474069687227 3
active_diff -5.744634761541834 2.0003193435408715 -3.9076907613295933 3
active_diff 4.886020825188423 4.061498885056303 2.957308053308207 3
active_diff -4.259788611205842 5.274303577706442 -0.5674874543655065 3
active_diff -1.2039084298256038 4.078385008745453 6.4546717633942015 3
active_diff 4.822773122924943 3.738169460578901 -3.442200208703827 3
active_diff -1.1197545859799798 2.3781216165846506 -8.503741891150224 3
active_diff 4.356165213713991 4.111681169760926 -5.711452389287151 3
active_diff 1.4439869206891802 2.444923586495489 -8.429352635612972 3
active_diff -4.478858618712523 5.244521348449661 4.552325135844411 3
active_diff -4.067977229710522 5.720004940318861 -2.842452251730079 3
active_diff -2.2260757426982054 4.958733404909494 -1.9437301365782673 3
active_diff 0.8397750582913961 5.497594665498291 -3.9378735076655107 3
active_diff 1.087643705095826 6.186774921310516 -6.382318680286969 3
active_diff 4.263174706752274 6.1033052896910664 -7.617430218046101 3
active_diff -1.3085875476189046 7.279038187922917 -4.969157558609386 3
active_diff -4.669079577871377 2.363644490545422 1.2684334769037822 3
active_diff -1.393035321504373 7.139315295955985 5.759488255384952 3
active_diff -5.762180611612786 2.9857929319634056 -0.3640170398328142 3
active_diff 2.6224147243202083 7.355363162693089 -2.9865690335035056 3
active_diff -3.5883004554655455 5.411919068485068 1.315934292006342 3
active_diff 1.8507495202441033 3.1152399141055427 6.369319587950212 3
active_diff -4.959013600343366 4.681064503732959 -4.605184356547241 3
quiesc_diff 0.0 0.0 0.0 4
quiesc_diff 0.13051561782095353 0.7366226002015958 -1.8548188101205614 4
quiesc_diff -1.7434815655644278 0.8392958916333283 -0.5058205579298136 4
quiesc_diff -3.456427296840617 1.4581973598264728 -1.3321243122302833 4
quiesc_diff 0.16809885160067495 1.1803784109530417 1.6057551441756324 4
quiesc_diff 1.5483445126453743 2.334691253534764 -4.441997142639025 4
quiesc_diff 1.5803080095184292 4.1086364630733225 -1.9486657030334185 4
quiesc_diff -1.5032835934141555 1.5850268385886883 -2.6364263751136043 4
quiesc_diff -0.35025000900800773 2.117916535062916 3.2946413820691793 4
quiesc_diff 1.8140151531160995 0.24080408777532114 0.8070702668144019 4
quiesc_diff 0.12804083063591046 0.7949755126332468 -3.8539658314872076 4
quiesc_diff 3.028848056424889 3.469120196960387 -7.405889603286744 4
quiesc_diff 1.7123993103364166 1.7646575325184113 2.7343622508568632 4
