8
 Lattice="1.0 0.0 0.0 0.0 1.0 0.0 0.0 0.0 1.0"Properties=species:S:1:pos:R:3:Color:r:1
active_stem 0.0 0.0 0.0 1
active_stem 0.13051561782095353 0.7366226002015958 -1.8548188101205614 1
active_stem -1.7434815655644278 0.8392958916333283 -0.5058205579298136 1
active_stem 1.3718974381006157 2.185157954018622 -2.4554156008390384 1
active_stem 0.519045537679367 2.1594824807679753 -0.5040729933032584 1
active_diff -3.456427296840617 1.4581973598264728 -1.3321243122302833 3
active_diff 0.16809885160067495 1.1803784109530417 1.6057551441756324 3
active_diff 1.5483445126453743 2.334691253534764 -4.441997142639025 3
