675
 Lattice="1.0 0.0 0.0 0.0 1.0 0.0 0.0 0.0 1.0"Properties=species:S:1:pos:R:3:Color:r:1
quiesc_stem -3.1836062013408695 -4.370625163680627 -2.7769305303095924 2
active_diff -7.370846440312424 -2.9366092771479413 3.7359951659159947 3
active_diff -4.6551698154878896 6.205733932584907 -4.542344377843688 3
active_diff 3.270974149175366 9.069407137161228 -2.6155639821424073 3
active_diff 2.165779420384321 -4.169518624893579 -7.369319801953159 3
active_diff -4.5336899420112315 -5.5713074540680445 -3.634622742427405 3
active_diff 4.915858322105832 -2.7973038280308793 -6.799466730934847 3
active_diff 5.028667458266483 -5.352211357539259 3.146226577521783 3
active_diff -7.327291511451428 -4.0559802893154115 2.0791573629639117 3
active_diff 1.3955061206469228 2.896935864367258 6.98677419165767 3
active_diff 1.1339598738528391 0.7569549630835664 -9.794711461280368 3
active_diff 6.248786849831134 -0.3073667050586699 -6.493675967361892 3
active_diff 8.620252600530607 -4.477802964999526 0.4164481922419829 3
active_diff -1.3391942178872736 -0.8430119026135816 -8.719866466863778 3
active_diff 6.044069446346569 -1.5967631180007105 5.320843467574518 3
active_diff -5.312664338962047 6.167576563170648 0.8810931866939631 3
active_diff -0.2644274738987453 3.5255900379270964 -9.416323920977193 3
active_diff 6.866634626560995 4.28926129067698 3.821283268733186 3
active_diff 2.5300374336696745 -9.453018652478827 -2.0047388635896324 3
active_diff 7.275055569492116 4.465683094836207 -0.8998522567003462 3
active_diff 8.63561408314749 -1.4533304897100365 -1.731600700461054 3
active_diff 7.203350572381782 0.6924436280866821 -4.092140390516651 3
active_diff 3.0881228061672568 9.24851495646593 1.6205300642554608 3
active_diff 2.44637254250547 -8.280898648585573 2.731769783578509 3
active_diff 6.348581254139022 7.236836774277444 -3.1812067193432503 3
active_diff -1.1634969256431527 4.469869021915471 -7.6102477389388685 3
active_diff 5.041297198485129 -5.388124114955845 -0.08324230437113067 3
active_diff -0.5260556746689649 -3.8410782332927496 5.65994543186734 3
active_diff -2.981213044651551 -2.1563517964838645 6.423650025816994 3
active_diff -2.3676518680466585 -3.4532891162550206 -7.9831397243420605 3
active_diff -5.843485951125167 -4.955596536618505 4.347579178060541 3
active_diff 5.014292995006844 2.626283096471067 -6.249867470396956 3
active_diff 2.0933084099440364 -5.669620455657334 4.248050139302844 3
active_diff 3.7700893684726315 9.435081814239963 -4.9421176502307 3
active_diff -1.942864803687176 11.470622397988441 -3.8899802195364153 3
active_diff -3.393959289191547 8.461936613098699 1.1754213778662526 3
active_diff 2.1833498906387527 8.218362122742423 5.357094640547829 3
active_diff -3.4478422143403487 1.2890806017615295 6.090194793561632 3
active_diff -6.869558452409982 2.1570117798340918 1.313991128685362 3
active_diff -5.74959171596044 5.4257464934476705 -6.023512936298189 3
active_diff 7.599279512604061 2.515625103946486 4.3974702490831685 3
active_diff 1.972057216480086 -1.7474213642489285 -9.410717489316553 3
active_diff 4.887364155848317 6.774357565978798 2.3367318818541163 3
active_diff -6.764536591379511 -6.13821915588218 1.9287022536549103 3
active_diff 3.6773942305260916 -8.271257083465999 -0.17028161103683026 3
active_diff -0.1595647992799833 -7.1298298724252565 2.5046671562394334 3
active_diff 3.4163828114080146 3.2627042256141037 5.830635349199605 3
active_diff -5.833098040306575 -3.06389957500796 0.55896648108382 3
active_diff -5.400568287961136 0.3925766344255519 -5.702004604815679 3
active_diff 0.2698037301780518 6.157409739400113 5.951185714060021 3
active_diff -5.326954707281754 -1.2947553248910761 4.651958618789727 3
active_diff 2.9032848992177063 -2.9730706835660357 6.5869088206749495 3
active_diff 10.39160200218866 -0.3349518916178955 -0.9022857265821674 3
active_diff -2.6372920875439743 9.331869500808962 4.362628518748332 3
active_diff -7.857595188669748 3.421635983181314 -1.944611537388865 3
active_diff -7.4675671232010075 -1.2323938842091477 -1.7377800631279252 3
active_diff 5.530227337245588 3.0333825778416115 4.774788571456011 3
active_diff -3.476889131850412 6.62948880028712 4.946516557794485 3
active_diff -5.2718690234358645 -4.322583962156923 -6.054114281944953 3
active_diff 6.44538769837942 7.014141787288388 -1.135186928361743 3
active_diff -0.7480190059722699 -5.930947491398838 -5.926229577967831 3
active_diff -6.410251919089832 6.4427815564529585 -2.683785913787758 3
active_diff -2.6398903231387374 -6.211999076406442 -5.042520055644069 3
active_diff 0.4274908747573488 -1.693273532074138 6.750309478015669 3
active_diff -7.0964294886970425 3.636328064097316 -4.722437312080331 3
active_diff 7.848631883320357 -3.2127410792260944 1.9275195350903611 3
active_diff -4.447344206040184 2.1338147819319784 7.602616670367116 3
active_diff -6.805645640218033 -1.3167092640847387 0.5974006237499287 3
active_diff -6.405024129044603 6.353238845924375 2.546109584743385 3
active_diff -6.2638826803929835 1.8517386828447167 4.502841098547419 3
active_diff 6.488745781158126 -3.6698793842443953 -5.925031519009635 3
active_diff 2.1376994091440533 5.647639402921016 -7.772571882340846 3
active_diff 1.23443008311044 -6.665595947714022 5.754821800477144 3
active_diff 4.287720887687922 -2.0445041760618685 -8.548853781186656 3
active_diff 12.251129126749419 -0.5046791522501421 -1.6187712672744206 3
active_diff -5.078847892993176 8.336383477673586 4.5275132733878625 3
active_diff -7.000763666628612 -0.9972292282969827 5.705448907997781 3
active_diff -5.392910732249027 8.516328323557428 1.210559251048759 3
active_diff 6.849866910703062 -2.079192455844489 -4.019584741805104 3
active_diff 6.568461964318172 -6.075254044533757 2.0944461099731546 3
active_diff 2.426880532286966 10.195712294046473 5.532534449662687 3
active_diff -0.3429087433645477 12.31282974157707 -0.4632299738585953 3
active_diff 7.242813866583676 -2.1344571520522604 3.5953360031264188 3
active_diff -3.1481123025799165 0.22974349063077604 -6.7234809346061875 3
active_diff -2.8390265048915406 -6.446921323835338 5.5052626240936045 3
active_diff -4.182956094611379 -2.5134706269511473 -8.259224732135863 3
active_diff 3.35864846876856 4.018958968363549 -6.278174260181597 3
active_diff 2.4120711426191757 5.670115192413114 6.065061899272278 3
active_diff -3.3349666999789846 12.828919882348208 -1.3477570919512758 3
active_diff -6.4373937896085 -5.567415681875873 -3.02151874247914 3
active_diff 6.463905599699782 -5.910156761422048 -5.594878299653793 3
active_diff 1.8907433807448193 -7.972990772200447 -5.33833497704682 3
active_diff -0.7764999588312805 1.6594078391806995 -10.124708167297689 3
active_diff 9.510516741281105 2.30461437160537 -2.9073977011390735 3
active_diff 0.7403695499190489 7.163175109497463 -6.8343200604683565 3
active_diff -8.102208898302846 6.603362725221023 -3.738060673387671 3
active_diff 5.409527429808469 4.632673001567927 5.969653280501339 3
active_diff 0.09644095653675355 -8.972963457618386 0.655959348349826 3
active_diff 3.103761736363555 4.1719687851870395 7.584347419108084 3
active_diff 0.2136196873582744 -3.4798718970640166 -8.653443348392743 3
active_diff -0.30656557211080304 -8.241346954926716 -3.7513462168153335 3
active_diff 1.3330263632711914 -0.7439599893488584 -11.101473428264189 3
active_diff 8.579916932598495 -1.27176870406545 0.8220638525294437 3
active_diff 4.430792856795792 9.43452837083904 -1.0276385902642882 3
active_diff 5.348930549382768 7.348583267082671 4.292879834037253 3
active_diff 8.103619769268686 4.837642978325578 5.294085116020224 3
active_diff -1.4258485367556128 10.89559827710497 2.5314986568424485 3
active_diff 5.515956522253751 9.14044603833905 -3.0147516738139073 3
active_diff -6.882486643574845 4.422811627988512 0.5642959114131106 3
active_diff 9.25110256289058 4.590446901856481 -0.6175894849101242 3
active_diff 0.1901419501619726 5.068441398175985 -10.605010725348833 3
active_diff -7.025923372029405 -3.4729578401868215 5.631610711297588 3
active_diff -5.745996199574704 6.164083877369319 -7.88223426553656 3
active_diff 7.285713118997558 8.169126220392549 -4.682079884047435 3
active_diff -0.5707152002955483 -3.5051892593954146 7.631032473066942 3
active_diff -4.72022400993085 -6.542978929275073 3.70376434501691 3
active_diff -3.8775328671380533 -7.993277969703332 -0.6350904277880018 3
active_diff -4.2713060425926495 8.03465401536542 -5.254875033086498 3
active_diff 5.095509099998598 0.6070845390702035 -10.143637524821242 3
active_diff 4.921873688248642 -4.001176859064032 4.702405219941993 3
active_diff 3.7893114539186117 -4.508835333097043 -8.486910025434904 3
active_diff 9.16625849424816 3.8973023122079793 2.129302724362491 3
active_diff -3.1404049170904966 -5.185711979122433 -7.107239304142933 3
active_diff -3.5914356933293963 12.519419208275615 -4.316875139341874 3
active_diff -7.083026876225546 1.3024293834415213 -6.286385536985281 3
active_diff -3.6915263901676165 -7.511627994554006 -3.944783175677552 3
active_diff 2.2973129499674947 -0.07569871564603875 7.212684124613369 3
active_diff -0.7378427464017838 3.5829700537392197 7.0226407427592505 3
active_diff -0.5420732989612546 7.930466596092599 6.395173408136888 3
active_diff 4.750908329998053 -7.78153993534035 -3.9380401288055236 3
active_diff -8.731312299294453 -5.459229037810777 2.3233265198016255 3
active_diff -9.204528282278925 4.5639672100952025 -1.006075118618757 3
active_diff 10.43274564622953 0.7712573260913205 2.8910962052227416 3
active_diff 1.5734291633440647 -9.500599406407092 -3.9851551569681543 3
active_diff -5.1690494000891 -2.372314542257097 -4.98144203589537 3
active_diff 5.452184481764793 4.43232332547352 -5.2397515150606395 3
active_diff 10.914079347798038 1.9723536789939404 -0.17015364345942907 3
active_diff 9.71614275549682 -2.810031404027513 -2.727502511545417 3
active_diff 4.15435238493135 -1.032333712979404 6.2655590456428225 3
active_diff -8.85079271893882 2.4297598180318696 1.2961224748132096 3
active_diff 4.718329303823795 10.189097320504617 0.9439714256602543 3
active_diff -2.079792286397543 -5.076502844311252 -9.11553278962575 3
active_diff 3.342711977075839 10.847088790949623 -6.2925193915825535 3
active_diff -2.5165103796492176 6.827325619728402 -8.074702855194426 3
active_diff -5.544039367343649 -6.275019285879772 -5.716594489078859 3
active_diff 4.568320190978645 2.5781564193697717 -8.774227296896196 3
active_diff 4.977100619506287 7.849288063202309 0.16804907825884313 3
active_diff 8.238485386195746 7.89978565009139 -1.1560586850468437 3
active_diff 1.0356578765596494 9.662557582968173 -5.426777514731079 3
active_diff 5.913751863686888 0.6665548850949716 7.320779970646166 3
active_diff -7.1135293686561685 -5.154063698096571 -0.33263986775620935 3
active_diff 6.5917374986383255 -3.1143710163064187 6.50275969620457 3
active_diff 1.5295677916332058 -3.993535995924031 5.513166479990127 3
active_diff -5.912094051385656 4.380894971423207 4.215016632890432 3
active_diff 4.696301827992504 -6.482079212083701 -1.9766082899305708 3
active_diff -1.2160798984657335 -0.777450477121042 7.428500635008488 3
active_diff -7.651321623612892 1.318282608313972 -2.4866491993847473 3
active_diff 2.328555060139989 9.157649719212694 3.5818017329689145 3
active_diff 2.172867224724089 -2.7132753963150313 8.430545560792021 3
active_diff 0.7295265662441393 -10.323151833412124 -1.9726629579680093 3
active_diff 6.901934643481512 2.2040394240378536 -5.741419549726658 3
active_diff 2.2562491985372692 3.514078195786735 -9.419547723413466 3
active_diff 0.024852021778158262 11.141510329887616 -4.333765183944372 3
active_diff -5.270462335237357 -7.897090479268012 1.5672514247752067 3
active_diff -8.668363313978551 -1.1858948464006271 3.22978235997977 3
active_diff -0.01410599498512971 9.038426172419074 4.720094285213017 3
active_diff -9.452461029375613 -0.988455571508732 -1.7115068671329685 3
active_diff -4.866093363932154 4.2683109827250165 -9.030325421688111 3
active_diff -4.574474267475123 9.925448264357371 -0.4265392323909204 3
active_diff -3.840692230628737 4.815255932406703 6.9657396993324765 3
active_diff 7.874146249177436 4.22344338934005 -5.147511216450587 3
active_diff -4.081403544034252 10.017881821992555 -3.291593067954687 3
active_diff 8.70038614875758 0.867858158328012 4.666595254881303 3
active_diff 10.418715983025697 -3.6093121662327077 0.31036711814441365 3
active_diff -7.757729622608407 -7.776191719143176 1.353712267026828 3
active_diff 3.1519014130453002 -9.04062464440621 4.442046201035387 3
active_diff -0.006393068292894544 1.3349968524113645 6.9292104850188 3
active_diff -0.292624638824891 -8.667711142018783 -1.3649206474789528 3
active_diff -4.414789882078136 -2.039261627767548 7.8133073014011485 3
active_diff -6.906298696749966 3.482830128975529 -7.693198991708792 3
active_diff 8.503121445944025 -0.8102172671321854 -4.321500173868656 3
active_diff -7.884030290544972 0.5510203549019385 0.35085956804349305 3
active_diff -7.145958955756161 -6.398365062742098 4.818729952478525 3
active_diff 5.022766862200559 -9.025774955601658 1.1027758356517294 3
active_diff 4.4035728017279965 7.463108872365515 -5.111935642610552 3
active_diff 5.652139088008328 -7.275299826605325 -0.3390547735043035 3
active_diff 3.9990161851905364 6.2214454761098095 -6.943135235384834 3
active_diff 9.112008277515079 -0.7584883370836628 3.3881840047605483 3
active_diff -1.018016832995866 -7.511796665252969 4.270215647498163 3
active_diff 0.27197881814207137 -5.951952070348891 -7.646451437631619 3
active_diff -3.0419856036480155 9.664830934464248 -5.174502307462591 3
active_diff -3.9324114340977365 10.230355226717556 5.59364000469014 3
active_diff 6.812656689333444 6.321176594990234 2.040293577918405 3
active_diff -6.170218831332335 -0.7908509180438478 -4.111911533148813 3
active_diff 1.5696165636195811 11.220418159049487 -0.1061897759872078 3
active_diff -3.7480382063129154 -4.777828392961044 6.161422828239931 3
active_diff -1.615672349429674 5.034168920539326 -9.474946913212452 3
active_diff -2.017035242111258 -8.94379969520646 0.7014933126077264 3
active_diff 8.234917946021051 -0.09359433465733555 -6.5915771542823585 3
active_diff 3.5482415718638105 -6.544062241497784 -8.74848788748125 3
active_diff 1.5412935208081775 -3.500101487024141 -10.272433814866757 3
active_diff -2.242749345511374 -7.9703705459640615 2.7243915060232364 3
active_diff 3.0323912965434747 1.803203278763929 7.3394155847464155 3
active_diff 8.28085477443507 -5.00090015559591 -2.5524418260080473 3
active_diff -7.546954832853737 -2.458933778241956 -3.988278643828485 3
active_diff -5.872302784499726 8.7964598145921 -1.884854780637879 3
active_diff -5.142078416462087 1.6627078176680155 -7.827764080357471 3
active_diff -2.810252754510987 -0.8841744663919678 -10.07422698946095 3
active_diff 1.0356761804446153 11.54945411136005 2.150166993530031 3
active_diff -1.0281202538123675 9.284113466795962 -5.2223684675216635 3
active_diff -3.9730665661229505 8.117099866212955 6.187814777503883 3
active_diff 2.391544030818448 12.387239220909962 -2.2352949513740805 3
active_diff -2.693780762446859 2.472670619752666 -8.845655466453302 3
active_diff -8.577172052218792 -7.70500049822162 4.324429526357841 3
active_diff -8.79889334790165 2.2266798918921276 -6.735343496048926 3
active_diff 6.341177040226102 9.277626150143405 -0.14682522655129515 3
active_diff -2.184392294157391 11.258349211730284 4.65169200755121 3
active_diff -3.7867180889909404 -7.403299679477481 -6.167504032682419 3
active_diff -0.9732971646760198 -1.8378884742620267 -10.415844047386692 3
active_diff 0.9490857068488607 2.934199070057158 -10.89200765514034 3
active_diff -5.530434087854678 11.276741858384206 0.6960232133384613 3
active_diff 3.0771509882621775 -0.8998973927438785 8.859665962612462 3
active_diff -4.932274363378831 11.215417047674217 -1.934416501682097 3
active_diff 8.098466870229872 5.931754656860854 -1.982731753615846 3
active_diff -9.772229920727218 5.668763825688388 -3.1570661108889837 3
active_diff 0.2796555821995017 -12.234999075497157 -1.5952292278291127 3
active_diff -8.230375402715302 -4.97796746818666 -2.359878554431643 3
active_diff -0.6248101917323127 0.4779603169009763 8.868758900790143 3
active_diff 7.1029180532779375 0.06597525314215591 -8.263160544730479 3
active_diff 4.8460872447472205 2.7297930630818374 7.12367476319236 3
active_diff 5.9339507455128935 6.468191943066641 6.5661852589777805 3
active_diff -7.858434575633015 4.19415254547176 3.7944386614959646 3
active_diff -0.9168269449726636 -5.656888546675255 6.401653406827137 3
active_diff -0.2048218622266773 9.734453573866004 7.190090040523227 3
active_diff 3.7167499648673537 -10.30377812072217 1.9158119811102854 3
active_diff -6.839296220964477 3.142495663516832 5.918060401049043 3
active_diff -7.9211999854385855 0.9317520780488249 2.494155841422668 3
active_diff -8.786625487176394 -3.9680378462568964 0.7143824826251577 3
active_diff -4.614075499343003 5.409893985872176 -10.65306238215134 3
active_diff -5.911225792406347 -4.1089117889230025 -7.937081919573682 3
active_diff -3.229066211397992 -8.43369155612999 4.401446270068353 3
active_diff 4.058336160268283 11.240241665459145 -4.130753552820756 3
active_diff 9.009298657208731 -2.648146501130016 4.379972694299109 3
active_diff 4.8147056173819855 -7.318571463980679 2.8501720851711263 3
active_diff 12.031257177989234 0.8436414273792427 4.090896782282105 3
active_diff -0.4202110566947498 6.175817568763252 -8.343231826439794 3
active_diff -7.883348155637675 5.993421827423098 -0.16471700692466262 3
active_diff -3.876792492198344 10.037313679883635 2.309025892466598 3
active_diff -4.290269108814973 9.331692086488186 -6.7771537999940525 3
active_diff -10.637074060014346 1.5499455397554167 1.4835412739404699 3
active_diff 4.796855657036035 -5.06631113427453 6.39055789895048 3
active_diff -0.3376395855893789 -9.111014408631984 2.7125065268509534 3
active_diff 4.4789351582069274 8.175159904336788 -6.979368062564374 3
active_diff 8.775837146023875 1.46426448028702 -5.057323558534046 3
active_diff -5.366349984315765 -1.0155141042401747 -7.12190234035139 3
active_diff 8.194118336865824 -2.2900267107260364 -5.630958492880934 3
active_diff -9.161680957890388 1.6083935486661969 -3.7651836430540566 3
active_diff 3.7713520324072323 -8.221979549421938 -5.971829797949271 3
active_diff -5.335354957704717 0.7038287829165062 6.3980518256003815 3
active_diff 9.180178656120955 7.574868399975954 -4.441543043780757 3
active_diff 8.281991964060783 5.5637762161021 3.2110576448414037 3
active_diff 5.024738603846816 -4.792904207151879 -6.875125247310249 3
active_diff 4.470405373441303 -3.5161918355083417 -10.08402303317233 3
active_diff 10.82305649739125 -3.204354272269285 -4.345912670802599 3
active_diff 6.803744091469221 -4.039866189360733 -3.627626585562124 3
active_diff 2.552545371020831 1.6211813474436916 9.272448410199146 3
active_diff 1.6903371806847352 6.3305401505131424 7.809464078504175 3
active_diff -1.5507726657906047 1.840192920993263 -11.959869884817948 3
active_diff 10.005314362277648 5.8681367758204965 0.7235567217486194 3
active_diff -10.656927839028526 5.328177201326502 0.1369553345432828 3
active_diff -3.969329665202818 7.645839447774787 8.131496761158873 3
active_diff -4.191128285727567 -4.931922687451417 -8.789966673039359 3
active_diff -3.500395498127423 2.226827665784055 9.361774635991543 3
active_diff 2.69946573479887 1.0593418311366822 -11.00208612615149 3
active_diff -9.050943811351742 3.7615426399789023 -4.3172274003994335 3
active_diff -1.3534420630262174 4.468714935742716 8.706830009254006 3
active_diff 2.227031428790056 10.30086537434151 -3.796112247413823 3
active_diff 6.365524340514456 -6.656065301611684 -3.0644617011678847 3
active_diff 9.931604827496232 -0.06024979731966976 -7.649944655701295 3
active_diff -9.275727399756217 -3.5372822065500307 3.8390512779715333 3
active_diff -7.293436198464232 -3.015351094513657 -0.8067038703811276 3
active_diff 5.468599044695644 -6.1503494400231045 -8.3519813850202 3
active_diff -0.20649178486492037 10.940508583775713 4.1326675167898905 3
active_diff -0.48348005623801726 10.392665629693917 -6.795416196397185 3
active_diff 8.462751241111894 7.4016945487899495 2.37145656151946 3
active_diff 7.954204386818795 -1.0135851830084968 5.214598442630355 3
active_diff -0.09879751392208791 -5.255882341471784 -9.518418720122291 3
active_diff -8.54575719567305 -6.5359891219830075 -0.135141578308432 3
active_diff 0.297699053456176 -1.5115901791200137 8.737806708801834 3
active_diff 0.36261176922436733 -4.026843448334649 9.321232956775582 3
active_diff 2.4842733146530414 -4.640390757205474 8.86557732167306 3
active_diff -7.142187351596481 9.476103985598852 1.347898202396467 3
active_diff 6.767147280000812 2.7048092133766124 6.311690845310326 3
active_diff 1.363745162173183 -11.443514733014815 -4.410728480011054 3
active_diff -2.31676700185959 9.607263183391334 -7.037495580036715 3
active_diff -6.766856772873547 -2.7506400274753537 -6.1233183105898 3
active_diff 2.7471780487931445 10.069549613631342 7.502684819302132 3
active_diff -9.385939022539361 -3.216049762364739 -4.200204424874806 3
active_diff 1.9180277016466707 -5.197936085666365 -9.066663789552665 3
active_diff -4.734888949552076 7.112527883014321 -9.323801501952449 3
active_diff -2.6944384372818293 -10.817946213942921 0.5320833439497411 3
active_diff 2.6223319810833665 -11.434196357610352 -2.262453079742879 3
active_diff -2.888793354795688 -3.615402456714439 7.788431976096112 3
active_diff 0.37572246485712274 8.791294848133935 -7.937161218576878 3
active_diff 9.008702539679563 -6.673146895643243 -3.3733123828132383 3
active_diff 5.960455446939929 8.414561791775366 1.9389817358297299 3
active_diff 6.997981822170907 -5.783038958065267 0.04096538509900145 3
active_diff -2.729455094659981 -2.9215533913729175 -9.876907277157425 3
active_diff -3.8835257323389887 12.22915449624448 5.544531265119785 3
active_diff -8.248410694731772 -8.597273534615061 -0.40272069148916834 3
active_diff 9.696528852148987 3.8562900509238105 -4.155477057919775 3
active_diff -6.095962731973953 -5.450432766679448 6.2688788893370795 3
active_diff -5.023368039699863 -6.689021131424567 -2.0500308403610705 3
active_diff -1.8376823316878739 14.123341204505657 -1.6351817972485907 3
active_diff 6.071984761212813 -2.724525833665703 -9.143810060944826 3
active_diff -2.1408261673982403 11.701887568757124 -5.866676382143858 3
active_diff -4.24358832644735 -7.560100176754753 6.39297819275332 3
active_diff 6.794409721649172 1.42146725471463 8.950058661172902 3
active_diff 0.09840512614489172 -7.650902228209416 7.073388761525295 3
active_diff -7.441490270050838 8.037804811263618 2.8427161372136744 3
active_diff -6.124126772954249 -7.941311813236618 3.4322460627465383 3
active_diff 6.482387428762492 6.10969196740766 -4.827912671229959 3
active_diff 3.120331842136162 11.579108350535352 -8.140408576563116 3
active_diff -3.5831417716818943 -0.4290304701744543 -11.861819367449774 3
active_diff 0.8834753088226575 6.174723147488184 -12.120078230414872 3
active_diff -6.609471842372712 7.215985026988277 -5.787605833336889 3
active_diff 10.134141009844466 4.293377736904332 3.8340982235220142 3
active_diff 10.481649286084403 -1.0000907536301433 1.3784855873243917 3
active_diff -4.584965488655966 -9.761624037988485 1.3357159377928889 3
active_diff -4.0325091036583744 -0.19712566907629508 -8.465785448384755 3
active_diff 6.308103907604646 -4.280472031608314 8.102684821999283 3
active_diff -0.903602344975514 -10.362007397484652 -0.4953998361689188 3
active_diff -5.881762298797853 10.15206812188296 4.769624259783773 3
active_diff 12.318406716095655 -2.9904870753967043 0.2196443225529195 3
active_diff 0.7320144761793801 -7.774024665196574 -6.962040265572593 3
active_diff -7.319529556189979 10.176861949994274 -1.889816219957632 3
active_diff 9.239002960760825 2.6968149651030178 5.528167930949976 3
active_diff -4.782700118087944 -2.0289525550646395 -10.104637787340447 3
active_diff 6.367777314771917 3.969833863893657 -6.956665392363038 3
active_diff 9.709164305150164 0.6702950056886483 6.38221043081802 3
active_diff 3.123450168068577 7.993209617317841 7.107956661861159 3
active_diff -1.425506234855931 -7.555617458586501 -6.875681289440286 3
active_diff -7.685460691179173 -1.468992934588297 7.524412621214152 3
active_diff -2.5169212408956803 14.200906949058758 -4.451105050714387 3
active_diff 1.5316445378500347 -10.330491357488606 0.9679027426691794 3
active_diff 6.403795292623421 3.366390262440735 -8.872810053398945 3
active_diff -5.04067834101814 7.8123632504838705 -3.415345969854128 3
active_diff 5.774514017642155 1.8573478146687554 -11.549266943802449 3
active_diff 1.616084641265744 6.644157069907328 -9.426316292252913 3
active_diff 0.1430772224607273 -5.62609694488684 3.806797355314286 3
active_diff -0.4544238581199235 6.196637633265086 7.815040744015681 3
active_diff 4.499379550615492 -3.5183946312265197 7.661666307686492 3
active_diff 2.8121441210360114 12.628272169375345 0.5823393480664955 3
active_diff 4.520239291276162 9.118169642837401 4.719300820247983 3
active_diff -1.596158357447256 4.047214175957192 -11.214354725159877 3
active_diff 4.277914534867084 10.199499105397646 2.9166877671597398 3
active_diff -8.121547774755564 -0.5697370560115926 -3.5078634610036956 3
active_diff 11.852151592602727 0.9667356890368968 -2.9132809397320907 3
active_diff 2.231024580072389 11.14517094421353 3.7824187452808244 3
active_diff 0.07680658142654972 -3.7326970105711292 -11.614513293439668 3
active_diff -3.49649328936695 2.3123704917223344 -10.670472297830912 3
active_diff 0.27668728902808826 -8.80919075332657 5.070534219471755 3
active_diff 0.5563674071064867 12.993261040750802 -3.7966332634844484 3
active_diff 12.142264962502903 0.8719825533979007 0.9615457343731018 3
active_diff 3.8447868665057428 -8.511597915221264 6.242057442164397 3
active_diff -8.842372114149756 0.3873325584345948 4.452351977686022 3
active_diff 1.2006274910652386 3.482308334331911 8.88923612061705 3
active_diff -6.320220480286044 -6.93255752801876 0.14780086840804985 3
active_diff 3.6575083784565905 4.859601925256785 -9.894982896833396 3
active_diff 10.024755240186686 5.087830929134731 5.7907182720323815 3
active_diff -2.3039164267301246 12.634374879309872 2.0780091771182922 3
active_diff -4.595675676007269 -4.839216411125663 7.971876426429063 3
active_diff -6.160047826895721 7.082365165124575 -0.682589338025342 3
active_diff 5.18789342384061 -9.370151702609576 -0.8850002990627437 3
active_diff 9.9437718949585 -0.551931010695947 -2.946591284223313 3
active_diff -2.0301091377769995 7.425331011108028 -9.920184739089812 3
active_diff -6.663128754278137 0.41842373645012954 -8.199466912008562 3
active_diff -5.840581135217951 4.81161865782068 6.986503599123733 3
active_diff 5.863731679266108 11.108526094324414 -3.0903382691709664 3
active_diff 2.3853032616029317 -5.214300068551218 6.846377597712439 3
active_diff 8.270841773744676 -4.12461006710323 -6.71075022139217 3
active_diff -9.106633140416696 1.6350989670129268 -0.8024035564207618 3
active_diff 4.231280729970322 5.823842334887706 7.580514032184943 3
active_diff 1.2111539084654177 13.768463013166407 -1.3992925621692895 3
active_diff -5.125416913511479 -2.3582393239375747 9.655388312524789 3
active_diff -2.807857499529679 -8.929110965619952 -2.844841668843312 3
active_diff -0.45076444733083354 14.209324841227849 0.16260825134223067 3
active_diff -5.4426738797202585 6.497077437692482 5.29025709380692 3
active_diff 7.999921879013369 2.2472020115183233 -7.412515304508861 3
active_diff 6.048390784476355 1.6619855333189117 -7.6643539395839495 3
active_diff -8.561903122776057 4.502345534611631 -8.161773769298744 3
active_diff 10.977562848621075 -2.2254273508388307 -1.189952938011626 3
active_diff 3.089446905100407 -2.161035297973845 -11.017068570990041 3
active_diff 1.6189052136129591 -9.994666843819173 3.3468278236212856 3
active_diff 8.393715486864187 -6.556054172093656 2.755718229279383 3
active_diff 10.11038671584742 -0.9606553312350887 5.109337397212498 3
active_diff -10.658198259087065 -4.923676697244237 2.30617459664978 3
active_diff -10.525210045764315 -2.181232306526293 -2.9058657781132142 3
active_diff 9.971763227731788 7.134878348940155 -1.7968899769526696 3
active_diff -1.930972364285295 1.3162757227330286 7.472942084929053 3
active_diff 1.3236770723441247 13.269794816531116 3.128677772416299 3
active_diff -3.564000408215732 -9.906867410557302 -1.1248585862612843 3
active_diff 5.748933632076735 -1.4840497146013005 7.385051475331829 3
active_diff 2.3873764408968237 8.958882215870236 -6.722037295842895 3
active_diff -8.787352113242072 -1.5787124279879112 0.5326410925645062 3
active_diff 8.263276050591116 -6.769706282410424 -5.747981537463352 3
active_diff 6.516394712068441 -8.645297978599597 -3.5679322020747284 3
active_diff -5.1373183370045625 -2.84855684484008 5.896843707330937 3
active_diff 4.398082133609481 4.454466920398788 -7.930418334194103 3
active_diff 5.0156149840252535 12.165647946290491 1.0137485569614577 3
active_diff 7.866061147292302 6.2493824928153 0.04668877283149264 3
active_diff -8.048141833719141 -3.6877831619188357 7.33716619199102 3
active_diff 9.290127793103343 4.932171887131367 -6.369272315716588 3
active_diff 7.07022384126053 -8.625931317050096 -0.7450476424226885 3
active_diff -7.784627480539036 7.718852145195234 -1.9889940970267008 3
active_diff -1.0344343786211596 -10.064804316775184 -4.132410843919199 3
active_diff 7.307670214579039 -4.218199422615259 3.569595657766081 3
active_diff -6.95870299945171 -5.872652275827539 -7.071890618053061 3
active_diff -7.529275730922904 -0.5957331788939201 -5.566178844046054 3
active_diff 9.050538345293466 -6.412074406227458 0.14543496469784978 3
active_diff 5.9628497186273774 6.463981135586354 -7.2338830760152515 3
active_diff 0.024118634316248277 0.5603549124212679 -11.86666830154968 3
active_diff -2.970120231756364 -5.555179940895468 -10.841274481455336 3
active_diff -9.803377720835938 3.0215263137318296 -2.1766515984342694 3
active_diff 3.6072880293394123 11.246924413033907 -0.8351278492849479 3
quiesc_diff 0.0 0.0 0.0 4
quiesc_diff -0.6611768657145145 1.8803200832106293 0.16505010426747171 4
quiesc_diff -0.7943727664376821 -0.6802350899656432 -1.7047733369341442 4
quiesc_diff 0.43803272769691315 2.857684279800691 -1.190124237644353 4
quiesc_diff 0.3246317526635507 -0.37630573373727844 -3.334330280601235 4
quiesc_diff 0.7220975356538584 1.2223508016478406 1.4509849218374435 4
quiesc_diff 0.9795860466075933 -1.7080827280716608 -0.350520429297606 4
quiesc_diff 2.3220107525142826 3.410104390878584 -0.8087335942327326 4
quiesc_diff -0.45172792068178036 3.7474816957000288 0.8504978792807546 4
quiesc_diff -1.4930598688221268 1.152486564162182 -2.0958841542897826 4
quiesc_diff 2.3656016040442953 2.348323766836789 1.6272780267726321 4
quiesc_diff 0.0009160197106290457 4.808004585262728 -1.2620942987927186 4
quiesc_diff 1.1924663199126402 -1.8706647944718018 -4.341183875464073 4
quiesc_diff -0.17388978166976654 -2.8894004550572117 -1.4792285144505166 4
quiesc_diff -1.199653841783709 -1.163568620945042 1.0986076297958434 4
quiesc_diff 2.269899801411222 1.4432390071529688 -0.4499509147775751 4
quiesc_diff -1.6238179622982762 1.0450532829016015 1.7063649622603256 4
quiesc_diff 0.8434150721672695 0.6998172657316637 -1.6729933683744647 4
quiesc_diff 2.448935710981737 5.294088151099073 -0.14957106029781575 4
quiesc_diff -1.3994557427722847 -4.419680566826681 -1.8744890038871393 4
quiesc_diff 0.48581587294639406 5.251120405436604 1.7779040824145376 4
quiesc_diff 1.4519823567743888 -2.810268317219456 -6.0875505742566745 4
quiesc_diff 2.7822313085935364 -2.5519251313010267 -0.1545611020081962 4
quiesc_diff -1.1687493725788878 0.703638617877568 -4.111204152078978 4
quiesc_diff 4.2311139677279925 1.0650698657397848 -0.5530387138676227 4
quiesc_diff -2.639274650462238 -0.2914100457373431 -1.0375761222340947 4
quiesc_diff -1.9210316004454544 2.7216041460132603 -3.2598043453927446 4
quiesc_diff -3.0128656344733704 -1.5301123739490066 1.8588106763465082 4
quiesc_diff -0.07550024884796995 6.6016033759878985 -2.143663315834938 4
quiesc_diff 2.2256722820733814 0.831715884597841 2.92354972529245 4
quiesc_diff 0.07085001723805734 3.3319585673586842 -3.0980657349920695 4
quiesc_diff 1.15403374996146 -0.6973208651423581 1.8091633668792373 4
quiesc_diff -3.4465383172673585 3.9720179397389486 -3.5904016856600043 4
quiesc_diff 2.6993790484308438 -0.4060780514778919 0.178995818289988 4
quiesc_diff -4.386491248692826 -2.9816456185657767 1.937575590696325 4
quiesc_diff 1.7796942338598092 0.5816557052243871 -4.31672686919338 4
quiesc_diff -0.8647548690757577 -3.1255551818271528 1.2946979482645176 4
quiesc_diff -1.7642591590946255 5.024288923736888 0.046119205630541726 4
quiesc_diff -1.4928328092378111 3.362619877470619 -1.319732572574989 4
quiesc_diff -3.080589175316459 1.871670641983453 -1.1148005884147891 4
quiesc_diff 1.5854948826664983 -2.072865646350171 -2.221297782409931 4
quiesc_diff -1.7844039933236797 5.270916764793339 -2.035621780593718 4
quiesc_diff 4.2985111232300115 1.9938811138500872 1.2554834647024058 4
quiesc_diff 4.387218156765838 -3.1759345525258547 0.8626062683967911 4
quiesc_diff -2.141126829653678 2.8665445737237585 2.3502290886212394 4
quiesc_diff 1.7285661365139828 4.343920335614148 -2.620665852836617 4
quiesc_diff -3.122890938404629 -2.1418683853948046 -1.6223147127418305 4
quiesc_diff 1.6992636331540913 -1.380239397780744 -7.463729799474442 4
quiesc_diff -1.9529184520665728 -1.1783674006371476 -3.2570735963478157 4
quiesc_diff 0.709159971988162 2.3709812646914763 3.0882022802888374 4
quiesc_diff 2.5273533190650617 -0.9280486869984912 3.8247806637727053 4
quiesc_diff 3.9759341232678183 4.010479121625703 0.1421016524612394 4
quiesc_diff -0.24662824676629563 8.562533376827826 -1.7894476468783098 4
quiesc_diff 2.6620963915437867 0.1627500954655926 -2.308569574012534 4
quiesc_diff 1.1325684902370519 -3.7130710906827327 -3.5653286765496914 4
quiesc_diff 6.10392007565906 1.7198539294975377 -0.30034302347111147 4
quiesc_diff 3.968086351343439 6.356569601966618 -0.9001138628420999 4
quiesc_diff 0.8053181442091267 -4.633288947434366 -1.477045843954906 4
quiesc_diff -0.4215248233189556 6.964078337020507 2.2703550805092765 4
quiesc_diff 1.2000451749932388 -2.509574984413569 2.6539224780766673 4
quiesc_diff -1.1205159276191656 -5.371694613877392 -0.13786531588202933 4
quiesc_diff 0.061643239749070045 1.2204967276279488 -5.600832197570217 4
quiesc_diff 0.8873045881031968 3.0308058078707347 -5.803475657431526 4
quiesc_diff -1.5517958251620756 4.848985432331347 2.1061013691291928 4
quiesc_diff -0.5451682963358986 3.6621609597414615 3.959704196737557 4
quiesc_diff -1.2051162938713642 0.9710370668673414 3.6606450119513854 4
quiesc_diff 3.0658386464485563 -0.9470331578986559 -4.222159910215495 4
quiesc_diff 5.940032067004536 3.731011316276018 0.395512412260871 4
quiesc_diff -3.2397960347330272 0.9233081936026837 -3.0426629252635413 4
quiesc_diff -2.5429305796095796 7.092704719795663 -2.3607772278891717 4
quiesc_diff 1.8360323709753232 1.9807853661939483 -2.84509900512614 4
quiesc_diff -4.481193019900328 -0.38578308225155555 -0.2639932564041855 4
quiesc_diff -2.2716658405618357 2.0075706402561133 -5.15203869496647 4
quiesc_diff -2.1517066512820815 -3.76018404319877 2.687896182038208 4
quiesc_diff 3.584079078628628 -2.0098961654232594 -2.1801145804678312 4
quiesc_diff 0.513679226887714 -0.5870615726968527 3.7006677874948517 4
quiesc_diff 1.2703940112879408 0.5421278777543184 -7.810968773946327 4
quiesc_diff -0.9594419541647884 -1.937829587776123 2.92694518186011 4
quiesc_diff 1.205798409030984 6.843043131843363 0.08569074307464217 4
quiesc_diff -3.326098248355393 4.003357291236165 -0.841618154952952 4
quiesc_diff 3.386362617723089 0.3774954332034184 5.072842190711688 4
quiesc_diff -1.4985962696659318 -5.410526497665822 -3.6089616895373817 4
quiesc_diff -5.381751410667344 -3.1329894588788614 3.6657400076386897 4
quiesc_diff 7.4942843065648495 1.2296497069687695 1.0511698790321233 4
quiesc_diff 2.4962505474524495 4.018147220364665 2.720264983526724 4
quiesc_diff 1.5105646252254332 7.071405135054703 -3.26780055052128 4
quiesc_diff 3.891612604854358 2.89865669732002 -1.9377912906699999 4
quiesc_diff 0.05327890585055141 5.110576166793445 -4.01251129981566 4
quiesc_diff -4.950754366479669 2.3344906914775923 -1.6517174903164875 4
quiesc_diff 3.1480768327582176 -2.347589978208504 2.2309171375546195 4
quiesc_diff 5.511354668886864 -3.522704234486633 -0.7548200482523465 4
quiesc_diff 2.126447308278662 6.391722957465269 1.8636613661009744 4
quiesc_diff -3.6019318959266915 -1.7647560095485666 3.7556352080019875 4
quiesc_diff 4.510324190164337 7.509325263321603 -2.4419090863931627 4
quiesc_diff 4.31952515976355 0.750532001744149 -3.261167237734772 4
quiesc_diff 2.6123612757774985 4.156093341638935 -4.4049380215789355 4
quiesc_diff -5.036868141898956 5.019038104077023 -2.9783560792247443 4
quiesc_diff -0.49714762046976163 10.423591327673616 -1.1011865430863759 4
quiesc_diff -1.7493714506117053 7.7330132836607985 3.553149835028705 4
quiesc_diff -1.137474440535689 3.6494935816111993 -4.848847885532498 4
quiesc_diff 2.088477636133212 -5.432064709593693 -3.2029771304849954 4
quiesc_diff 4.648587640838144 2.137017651837906 3.2193975064344325 4
quiesc_diff -2.7933442781720546 6.678697429012572 0.4976901473051268 4
quiesc_diff 3.377658495891235 -4.40763873769862 -0.6037753890223014 4
quiesc_diff -4.009121462388249 2.86461149395581 1.6356716624633103 4
quiesc_diff 1.207378962701118 -6.592434010311931 -1.4869312289252352 4
quiesc_diff -0.48826784066123396 -1.7668856231453829 -5.420240206282273 4
quiesc_diff 2.746677420004926 2.232466858198479 4.252628487520557 4
quiesc_diff 5.207809827971603 -0.6300703581977174 -0.9684479311126285 4
quiesc_diff -3.7491901033830217 -3.450953445129691 -0.24607139765315167 4
quiesc_diff 0.14048775877173725 -5.482760793145051 1.4105319221455506 4
quiesc_diff 4.209162463275592 -0.8614268413144384 1.4091224458589233 4
quiesc_diff 0.9887573073803918 -3.5737169207048627 0.37012160892504603 4
quiesc_diff -2.0421451429603437 -2.8313607164909893 -4.379415654445377 4
quiesc_diff 3.372087022590679 -2.803002397724163 -5.527956722678228 4
quiesc_diff -0.1241960203361403 1.9067125197756623 -8.250317608534774 4
quiesc_diff -0.01971536763431625 -4.258394381112443 -5.106388188639991 4
quiesc_diff 7.092481232772128 -1.1135113349314314 -0.5055240519035633 4
quiesc_diff -2.8445353110924443 9.046239655410117 -2.056251627518726 4
quiesc_diff -0.46491906064002 -1.7906454636532432 4.9630984624540995 4
quiesc_diff 3.428159575271033 2.4459002455922185 -5.045026069254881 4
quiesc_diff 1.1997744696654746 5.261194210574276 3.6461015132609056 4
quiesc_diff 9.198408360852833 0.9658187803509806 0.03807834824278333 4
quiesc_diff 0.9502175950637762 8.363492387983989 1.8704012687066198 4
quiesc_diff -0.15311657580778126 6.785894440664917 -5.085222624629253 4
quiesc_diff -3.909976919230976 2.041904417710639 -6.2986676677539455 4
quiesc_diff 1.1370371063512188 1.7781112638889174 5.349268380366153 4
quiesc_diff 4.715970274420474 -0.7476682026867707 4.089912756966794 4
quiesc_diff 5.92339529015973 -1.4348293329344104 2.2650519977712427 4
quiesc_diff -3.057141962743075 1.5492844290061256 4.1460632955170444 4
quiesc_diff 1.878527703264511 -4.389576443693303 2.7264205603733096 4
quiesc_diff -4.2295078813333475 -0.3274388893185267 -4.249353521590151 4
quiesc_diff -5.137587263061692 1.7864152198477294 0.38504872519968525 4
quiesc_diff 4.837011736708037 -3.391864522143852 2.7993716087680895 4
quiesc_diff -2.000382624360892 5.903125740577387 -3.920738498962471 4
quiesc_diff -1.1217310698976153 7.775807703173122 0.4523213446561898 4
quiesc_diff 4.725538064927564 -0.8915253433391775 -5.336752536614609 4
quiesc_diff 4.598369839817504 4.857808232858465 1.843456158735807 4
quiesc_diff 3.955228504114019 -4.8260573049577795 -2.8182743589595645 4
quiesc_diff -3.405707796939271 -5.399256942644518 0.047413502693649356 4
quiesc_diff 3.6036180218059024 -0.9917059500695186 -6.992056053721919 4
quiesc_diff 2.453842001353795 7.163959282095697 3.679278003463479 4
quiesc_diff 1.5605579472978985 3.7206518523637855 -7.555857564788008 4
quiesc_diff 5.198688991764076 -1.349726485478973 -3.1584860958376315 4
quiesc_diff -3.7216903042370673 7.636438799451719 3.2359248224056656 4
quiesc_diff -3.179986713107003 5.102743960503451 3.239503787422464 4
quiesc_diff 2.4552715272655035 0.6035743495889511 -6.199043233055697 4
quiesc_diff -1.08820463264539 5.454239742755863 4.6622461335051675 4
quiesc_diff -0.20790390576419726 -3.6235150320556118 3.6974353795592716 4
quiesc_diff 5.477268450074856 5.3905955165047565 -1.7885188713178262 4
quiesc_diff -3.5765182987968234 0.7331708192256201 2.0058490598178773 4
quiesc_diff -0.7128720825011572 -3.056583603512082 -6.932269324383366 4
quiesc_diff -0.5818429316522701 -6.753054160814525 -2.443979805162654 4
quiesc_diff 2.2595289655398183 -4.433944802929443 -5.208204567729384 4
quiesc_diff -6.234040002987397 3.0000724014160545 -3.0338097312788435 4
quiesc_diff -3.586946209049215 3.9684314258443547 -5.5854637801431455 4
quiesc_diff 2.9884445546026175 7.7122629608272035 0.3438178601698858 4
quiesc_diff -4.860084889269981 -0.8506433766110824 2.213920386668898 4
quiesc_diff -2.1952315434877683 -6.978856803512302 0.374009709115374 4
quiesc_diff 3.5804349583240658 5.06061655287225 -2.382069124075172 4
quiesc_diff -2.364544922595441 11.080548236709614 -1.3862039735772198 4
quiesc_diff -5.167828854249226 4.668943742927887 -0.43538786233759397 4
quiesc_diff 3.157144838906476 -6.395289562818929 -0.6286334758707228 4
quiesc_diff 2.8036746924738165 -2.7500714443177863 4.6018775498867175 4
quiesc_diff 5.6695867399232815 1.975988315818461 -4.083110393963965 4
quiesc_diff 2.216143178016974 8.187878109071965 -4.769681705649623 4
quiesc_diff -3.5863423409316386 -4.911767538638968 3.4725463531421683 4
quiesc_diff 1.7153698933565882 -6.595688813710806 1.9407559155719643 4
quiesc_diff 5.529432100996097 0.6117666685140968 2.0135027299516293 4
quiesc_diff -2.441127916323647 -0.7952102213363585 -5.158347404866747 4
quiesc_diff -1.5478602566348114 5.333017950837451 -5.847511582762955 4
quiesc_diff 3.1504316544810393 5.016469343283011 4.325070273304476 4
quiesc_diff -0.9390796813905824 9.968690259714686 -3.0317172759833113 4
quiesc_diff -5.389094782695812 -4.699805144579153 1.7309019427045822 4
quiesc_diff 1.54735608339986 -8.371646369694254 -0.6390993248177151 4
quiesc_diff 7.214367715705232 4.23421550492403 1.85251419639762 4
quiesc_diff -5.6649655190045785 -1.7826757526634736 -1.0685885196974374 4
quiesc_diff -3.732059684037433 -3.7614271896174802 -4.907776515431749 4
quiesc_diff 6.570728054187625 2.3100649515044167 2.694582430958493 4
quiesc_diff -0.7116766475095856 0.27229238180410076 -7.182883040789558 4
quiesc_diff -3.169917601978445 -3.3800475158364103 4.852994310364904 4
quiesc_diff 6.585800521791654 0.8888444995162648 -2.0545421464093403 4
quiesc_diff 7.292502560977871 -3.0371552703691687 0.014435689421555487 4
quiesc_diff 5.887908904592374 3.0127423538941747 -1.8955355618708425 4
quiesc_diff -4.396196225025774 -2.7227770973987275 -3.0510339697621127 4
quiesc_diff 1.0702306688866787 5.084602524053361 -6.177736479671246 4
quiesc_diff 0.18686398115770264 8.442131156496963 -3.8751939807094486 4
quiesc_diff 0.16949772361463122 10.054774934725714 1.14236292534052 4
quiesc_diff 1.5777346577586138 -7.702962149395185 -3.108524245511938 4
quiesc_diff -5.207365608523585 -4.7212695109728875 -0.7559942242345137 4
quiesc_diff 0.11759345403787624 7.114332853447173 4.190452750762848 4
quiesc_diff -5.261866136374591 1.4345086041390442 2.8229952999883086 4
quiesc_diff 2.1663315908513603 9.542764571208371 -1.0169090606625715 4
quiesc_diff -2.379511485238693 -7.167983092983373 -1.6718258356101323 4
quiesc_diff 8.802697331961507 1.8371940152357285 2.4364298793442614 4
quiesc_diff 4.8250805096259946 3.839835759883919 -3.4353959257297983 4
quiesc_diff -2.3735262001271202 8.153772570802326 -4.047619595086612 4
quiesc_diff 4.382872959333005 5.750523539599037 -4.079161226526404 4
quiesc_diff 1.2075136266052116 -0.23648188289446037 5.543406973290475 4
quiesc_diff -3.5673212385960236 4.730122358269642 1.005981370463526 4
quiesc_diff 0.8499295046289219 11.12417940004841 -2.402939043326739 4
quiesc_diff -4.638083514039344 2.649615098712358 -4.502251876258445 4
quiesc_diff -1.9326465781918396 -6.082226274214302 2.1423713321810083 4
quiesc_diff 2.7609077693001143 5.878642148119532 -5.410303402201526 4
quiesc_diff -1.7974338593123707 2.3714026956991883 -7.060632487105666 4
quiesc_diff -1.2478845777205265 7.404695574215619 -6.640397270482362 4
quiesc_diff -3.0343255140662913 -1.774385498819775 -6.798265813202244 4
quiesc_diff 7.3717675696539775 -0.10939092354022661 2.6464058529966152 4
quiesc_diff -1.8123761623558157 -5.168800257705491 4.359664258833606 4
quiesc_diff 0.561703279319347 4.0567210020468885 5.57808539040684 4
quiesc_diff -5.317531061217537 4.217400094724285 2.31244882174268 4
quiesc_diff -4.229226299158676 7.837533629671096 -1.2677970562780325 4
quiesc_diff 5.011936558397374 -2.9896123838627573 -4.2880425437027325 4
quiesc_diff -6.2947542308413045 -3.1516412614303104 -2.591085029809813 4
quiesc_diff -1.9568265435538394 -4.219657476829685 -5.816549204895158 4
quiesc_diff -5.72313197516419 0.8796249335387831 -2.786088882753689 4
quiesc_diff 8.207628195871566 1.8896437255607095 -1.4478495514838827 4
quiesc_diff 3.2908595016781756 1.340220665083225 -7.860110643754504 4
quiesc_diff 5.52509940710956 5.929096656295301 0.2801306986335852 4
quiesc_diff -0.10991021755622765 -7.09116564285608 0.010780166024281196 4
quiesc_diff 6.831187728332833 3.638804222317699 -3.54425372989983 4
quiesc_diff -2.9099463490377886 10.576643321357134 0.4708412925157375 4
quiesc_diff -5.690655089015155 2.946940743335692 -6.198196254142051 4
quiesc_diff -3.8422195714015452 -6.500065702042685 1.65914472904253 4
quiesc_diff 6.44059719438428 -4.974114437314849 -1.7696681905541096 4
quiesc_diff 1.308047665524396 -6.105800221885217 -5.755546137344899 4
quiesc_diff -1.5829357086630864 8.97902736970768 1.9818809921514027 4
quiesc_diff 5.171440305720035 1.1554898311584867 5.529156078913671 4
quiesc_diff -6.312061071209668 0.18601769519716815 -0.8305319131644929 4
quiesc_diff 4.808129969994815 -0.037859720257697904 -8.272418633831133 4
quiesc_diff 3.0829307208780055 -5.888366382209714 -6.9172181771252506 4
quiesc_diff 5.095346231943706 5.381533102119087 4.03518109041265 4
quiesc_diff 3.4991614256654655 -6.275123752528556 -4.3428116342953835 4
quiesc_diff -3.508025951639454 4.020142014252127 -7.583236942445838 4
quiesc_diff 5.095443910110556 -5.0043506804585425 -4.451712542724318 4
quiesc_diff 5.950294422878488 -4.301527049266174 1.4009687091346552 4
quiesc_diff -1.4488811023148835 1.899916463869278 5.415000102572954 4
quiesc_diff -6.825464571986998 -0.7675751807526976 2.575005387188152 4
quiesc_diff -3.000019759572333 4.591978160430003 5.164790829167352 4
quiesc_diff -6.721323543347478 2.3075015238041128 -0.7220098078947812 4
quiesc_diff -1.9459218734293378 -0.5086167597496118 5.366872001554056 4
quiesc_diff -3.625024253161062 5.857476282978038 -6.241253068172006 4
quiesc_diff 8.483920059967822 2.8845554988398785 0.5202198855129693 4
quiesc_diff -4.363010735837568 -0.5779702934574396 -2.251226766483616 4
quiesc_diff -4.3459715652066055 2.785015000234078 5.047111691079866 4
quiesc_diff 3.50233484134766 -5.698578665733673 1.8966009945810631 4
quiesc_diff 2.4804560110660074 7.547306968369272 -1.58469979752992 4
quiesc_diff -1.9829459433791006 5.8337580184891085 6.410217490607733 4
quiesc_diff -3.8501920100597085 5.840523059344146 -1.5104192787369555 4
quiesc_diff 6.641115440100318 -2.4210017898703784 -1.9835968072097052 4
