8
 Lattice="1.0 0.0 0.0 0.0 1.0 0.0 0.0 0.0 1.0"Properties=species:S:1:pos:R:3:Color:r:1
active_stem 0.9795860466075933 -1.7080827280716608 -0.350520429297606 1
active_diff 0.0 0.0 0.0 3
active_diff -0.6611768657145145 1.8803200832106293 0.16505010426747171 3
active_diff -0.7943727664376821 -0.6802350899656432 -1.7047733369341442 3
active_diff 0.43803272769691315 2.857684279800691 -1.190124237644353 3
active_diff 0.3246317526635507 -0.37630573373727844 -3.334330280601235 3
active_diff 0.7220975356538584 1.2223508016478406 1.4509849218374435 3
active_diff 2.3220107525142826 3.410104390878584 -0.8087335942327326 3
