16
 Lattice="1.0 0.0 0.0 0.0 1.0 0.0 0.0 0.0 1.0"Properties=species:S:1:pos:R:3:Color:r:1
active_stem -0.17388978166976654 -2.8894004550572117 -1.4792285144505166 1
active_diff 0.0 0.0 0.0 3
active_diff -0.6611768657145145 1.8803200832106293 0.16505010426747171 3
active_diff -0.7943727664376821 -0.6802350899656432 -1.7047733369341442 3
active_diff 0.43803272769691315 2.857684279800691 -1.190124237644353 3
active_diff 0.3246317526635507 -0.37630573373727844 -3.334330280601235 3
active_diff 0.7220975356538584 1.2223508016478406 1.4509849218374435 3
active_diff 0.9795860466075933 -1.7080827280716608 -0.350520429297606 3
active_diff 2.3220107525142826 3.410104390878584 -0.8087335942327326 3
active_diff -0.45172792068178036 3.7474816957000288 0.8504978792807546 3
active_diff -1.4930598688221268 1.152486564162182 -2.0958841542897826 3
active_diff 2.3656016040442953 2.348323766836789 1.6272780267726321 3
active_diff 0.0009160197106290457 4.808004585262728 -1.2620942987927186 3
active_diff 1.1924663199126402 -1.8706647944718018 -4.341183875464073 3
active_diff -1.199653841783709 -1.163568620945042 1.0986076297958434 3
active_diff 2.269899801411222 1.4432390071529688 -0.4499509147775751 3
