190
 Lattice="1.0 0.0 0.0 0.0 1.0 0.0 0.0 0.0 1.0"Properties=species:S:1:pos:R:3:Color:r:1
active_stem -3.1836062013408695 -4.370625163680627 -2.7769305303095924 1
active_diff -1.6238179622982762 1.0450532829016015 1.7063649622603256 3
active_diff -1.3994557427722847 -4.419680566826681 -1.8744890038871393 3
active_diff 0.48581587294639406 5.251120405436604 1.7779040824145376 3
active_diff 1.4519823567743888 -2.810268317219456 -6.0875505742566745 3
active_diff -3.0128656344733704 -1.5301123739490066 1.8588106763465082 3
active_diff -3.4465383172673585 3.9720179397389486 -3.5904016856600043 3
active_diff -4.386491248692826 -2.9816456185657767 1.937575590696325 3
active_diff 1.7796942338598092 0.5816557052243871 -4.31672686919338 3
active_diff -1.7844039933236797 5.270916764793339 -2.035621780593718 3
active_diff 4.2985111232300115 1.9938811138500872 1.2554834647024058 3
active_diff 4.387218156765838 -3.1759345525258547 0.8626062683967911 3
active_diff 1.7285661365139828 4.343920335614148 -2.620665852836617 3
active_diff -3.122890938404629 -2.1418683853948046 -1.6223147127418305 3
active_diff 1.6992636331540913 -1.380239397780744 -7.463729799474442 3
active_diff -1.9529184520665728 -1.1783674006371476 -3.2570735963478157 3
active_diff 2.5273533190650617 -0.9280486869984912 3.8247806637727053 3
active_diff 3.9759341232678183 4.010479121625703 0.1421016524612394 3
active_diff -0.24662824676629563 8.562533376827826 -1.7894476468783098 3
active_diff 1.1325684902370519 -3.7130710906827327 -3.5653286765496914 3
active_diff 6.10392007565906 1.7198539294975377 -0.30034302347111147 3
active_diff 3.968086351343439 6.356569601966618 -0.9001138628420999 3
active_diff -0.4215248233189556 6.964078337020507 2.2703550805092765 3
active_diff 1.2000451749932388 -2.509574984413569 2.6539224780766673 3
active_diff -1.1205159276191656 -5.371694613877392 -0.13786531588202933 3
active_diff 0.061643239749070045 1.2204967276279488 -5.600832197570217 3
active_diff 0.8873045881031968 3.0308058078707347 -5.803475657431526 3
active_diff -1.5517958251620756 4.848985432331347 2.1061013691291928 3
active_diff -0.5451682963358986 3.6621609597414615 3.959704196737557 3
active_diff -1.2051162938713642 0.9710370668673414 3.6606450119513854 3
active_diff 3.0658386464485563 -0.9470331578986559 -4.222159910215495 3
active_diff 5.940032067004536 3.731011316276018 0.395512412260871 3
active_diff -3.2397960347330272 0.9233081936026837 -3.0426629252635413 3
active_diff -2.5429305796095796 7.092704719795663 -2.3607772278891717 3
active_diff -4.481193019900328 -0.38578308225155555 -0.2639932564041855 3
active_diff -2.2716658405618357 2.0075706402561133 -5.15203869496647 3
active_diff -2.1517066512820815 -3.76018404319877 2.687896182038208 3
active_diff 3.584079078628628 -2.0098961654232594 -2.1801145804678312 3
active_diff 0.513679226887714 -0.5870615726968527 3.7006677874948517 3
active_diff 1.2703940112879408 0.5421278777543184 -7.810968773946327 3
active_diff -0.9594419541647884 -1.937829587776123 2.92694518186011 3
active_diff 1.205798409030984 6.843043131843363 0.08569074307464217 3
active_diff -3.326098248355393 4.003357291236165 -0.841618154952952 3
active_diff 3.386362617723089 0.3774954332034184 5.072842190711688 3
active_diff -1.4985962696659318 -5.410526497665822 -3.6089616895373817 3
active_diff -5.381751410667344 -3.1329894588788614 3.6657400076386897 3
active_diff 7.4942843065648495 1.2296497069687695 1.0511698790321233 3
active_diff 2.4962505474524495 4.018147220364665 2.720264983526724 3
active_diff 1.5105646252254332 7.071405135054703 -3.26780055052128 3
active_diff 3.891612604854358 2.89865669732002 -1.9377912906699999 3
active_diff 0.05327890585055141 5.110576166793445 -4.01251129981566 3
active_diff -4.950754366479669 2.3344906914775923 -1.6517174903164875 3
active_diff 5.511354668886864 -3.522704234486633 -0.7548200482523465 3
active_diff 2.126447308278662 6.391722957465269 1.8636613661009744 3
active_diff -3.6019318959266915 -1.7647560095485666 3.7556352080019875 3
active_diff 4.510324190164337 7.509325263321603 -2.4419090863931627 3
active_diff 4.31952515976355 0.750532001744149 -3.261167237734772 3
active_diff 2.6123612757774985 4.156093341638935 -4.4049380215789355 3
active_diff -5.036868141898956 5.019038104077023 -2.9783560792247443 3
active_diff -0.49714762046976163 10.423591327673616 -1.1011865430863759 3
active_diff -1.7493714506117053 7.7330132836607985 3.553149835028705 3
active_diff -1.137474440535689 3.6494935816111993 -4.848847885532498 3
active_diff 2.088477636133212 -5.432064709593693 -3.2029771304849954 3
active_diff 4.648587640838144 2.137017651837906 3.2193975064344325 3
active_diff -2.7933442781720546 6.678697429012572 0.4976901473051268 3
active_diff 3.377658495891235 -4.40763873769862 -0.6037753890223014 3
active_diff -4.009121462388249 2.86461149395581 1.6356716624633103 3
active_diff 1.207378962701118 -6.592434010311931 -1.4869312289252352 3
active_diff -0.48826784066123396 -1.7668856231453829 -5.420240206282273 3
active_diff 2.746677420004926 2.232466858198479 4.252628487520557 3
active_diff 5.207809827971603 -0.6300703581977174 -0.9684479311126285 3
active_diff -3.7491901033830217 -3.450953445129691 -0.24607139765315167 3
active_diff 0.14048775877173725 -5.482760793145051 1.4105319221455506 3
active_diff 4.209162463275592 -0.8614268413144384 1.4091224458589233 3
active_diff -2.0421451429603437 -2.8313607164909893 -4.379415654445377 3
active_diff 3.372087022590679 -2.803002397724163 -5.527956722678228 3
active_diff -0.1241960203361403 1.9067125197756623 -8.250317608534774 3
active_diff -0.01971536763431625 -4.258394381112443 -5.106388188639991 3
active_diff 7.092481232772128 -1.1135113349314314 -0.5055240519035633 3
active_diff -7.370846440312424 -2.9366092771479413 3.7359951659159947 3
active_diff -2.8445353110924443 9.046239655410117 -2.056251627518726 3
active_diff -0.46491906064002 -1.7906454636532432 4.9630984624540995 3
active_diff 3.428159575271033 2.4459002455922185 -5.045026069254881 3
active_diff 1.1997744696654746 5.261194210574276 3.6461015132609056 3
active_diff 9.198408360852833 0.9658187803509806 0.03807834824278333 3
active_diff 0.9502175950637762 8.363492387983989 1.8704012687066198 3
active_diff -0.15311657580778126 6.785894440664917 -5.085222624629253 3
active_diff -3.909976919230976 2.041904417710639 -6.2986676677539455 3
active_diff 1.1370371063512188 1.7781112638889174 5.349268380366153 3
active_diff -4.6551698154878896 6.205733932584907 -4.542344377843688 3
active_diff 4.715970274420474 -0.7476682026867707 4.089912756966794 3
active_diff 5.92339529015973 -1.4348293329344104 2.2650519977712427 3
active_diff -3.057141962743075 1.5492844290061256 4.1460632955170444 3
active_diff 1.878527703264511 -4.389576443693303 2.7264205603733096 3
active_diff -4.2295078813333475 -0.3274388893185267 -4.249353521590151 3
active_diff -5.137587263061692 1.7864152198477294 0.38504872519968525 3
active_diff 4.837011736708037 -3.391864522143852 2.7993716087680895 3
active_diff -2.000382624360892 5.903125740577387 -3.920738498962471 3
active_diff -1.1217310698976153 7.775807703173122 0.4523213446561898 3
active_diff 4.725538064927564 -0.8915253433391775 -5.336752536614609 3
active_diff 4.598369839817504 4.857808232858465 1.843456158735807 3
active_diff 3.270974149175366 9.069407137161228 -2.6155639821424073 3
active_diff 3.955228504114019 -4.8260573049577795 -2.8182743589595645 3
active_diff -3.405707796939271 -5.399256942644518 0.047413502693649356 3
active_diff 3.6036180218059024 -0.9917059500695186 -6.992056053721919 3
active_diff 2.453842001353795 7.163959282095697 3.679278003463479 3
active_diff 1.5605579472978985 3.7206518523637855 -7.555857564788008 3
active_diff 5.198688991764076 -1.349726485478973 -3.1584860958376315 3
active_diff -3.7216903042370673 7.636438799451719 3.2359248224056656 3
active_diff -3.179986713107003 5.102743960503451 3.239503787422464 3
active_diff 2.4552715272655035 0.6035743495889511 -6.199043233055697 3
active_diff -1.08820463264539 5.454239742755863 4.6622461335051675 3
active_diff -0.20790390576419726 -3.6235150320556118 3.6974353795592716 3
active_diff 5.477268450074856 5.3905955165047565 -1.7885188713178262 3
active_diff -3.5765182987968234 0.7331708192256201 2.0058490598178773 3
active_diff -0.7128720825011572 -3.056583603512082 -6.932269324383366 3
active_diff -0.5818429316522701 -6.753054160814525 -2.443979805162654 3
active_diff 2.165779420384321 -4.169518624893579 -7.369319801953159 3
active_diff 2.2595289655398183 -4.433944802929443 -5.208204567729384 3
active_diff -6.234040002987397 3.0000724014160545 -3.0338097312788435 3
active_diff -3.586946209049215 3.9684314258443547 -5.5854637801431455 3
active_diff 2.9884445546026175 7.7122629608272035 0.3438178601698858 3
active_diff -4.860084889269981 -0.8506433766110824 2.213920386668898 3
active_diff -2.1952315434877683 -6.978856803512302 0.374009709115374 3
active_diff 3.5804349583240658 5.06061655287225 -2.382069124075172 3
active_diff -2.364544922595441 11.080548236709614 -1.3862039735772198 3
active_diff -5.167828854249226 4.668943742927887 -0.43538786233759397 3
active_diff 3.157144838906476 -6.395289562818929 -0.6286334758707228 3
active_diff 2.8036746924738165 -2.7500714443177863 4.6018775498867175 3
active_diff 5.6695867399232815 1.975988315818461 -4.083110393963965 3
active_diff 2.216143178016974 8.187878109071965 -4.769681705649623 3
active_diff -3.5863423409316386 -4.911767538638968 3.4725463531421683 3
active_diff 1.7153698933565882 -6.595688813710806 1.9407559155719643 3
active_diff 5.529432100996097 0.6117666685140968 2.0135027299516293 3
active_diff -2.441127916323647 -0.7952102213363585 -5.158347404866747 3
active_diff -1.5478602566348114 5.333017950837451 -5.847511582762955 3
active_diff 3.1504316544810393 5.016469343283011 4.325070273304476 3
active_diff -0.9390796813905824 9.968690259714686 -3.0317172759833113 3
active_diff -5.389094782695812 -4.699805144579153 1.7309019427045822 3
active_diff 1.54735608339986 -8.371646369694254 -0.6390993248177151 3
active_diff 7.214367715705232 4.23421550492403 1.85251419639762 3
active_diff -5.6649655190045785 -1.7826757526634736 -1.0685885196974374 3
active_diff -3.732059684037433 -3.7614271896174802 -4.907776515431749 3
active_diff 6.570728054187625 2.3100649515044167 2.694582430958493 3
active_diff -0.7116766475095856 0.27229238180410076 -7.182883040789558 3
active_diff -3.169917601978445 -3.3800475158364103 4.852994310364904 3
active_diff 6.585800521791654 0.8888444995162648 -2.0545421464093403 3
active_diff 7.292502560977871 -3.0371552703691687 0.014435689421555487 3
active_diff 5.887908904592374 3.0127423538941747 -1.8955355618708425 3
active_diff -4.396196225025774 -2.7227770973987275 -3.0510339697621127 3
quiesc_diff 0.0 0.0 0.0 4
quiesc_diff -0.6611768657145145 1.8803200832106293 0.16505010426747171 4
quiesc_diff -0.7943727664376821 -0.6802350899656432 -1.7047733369341442 4
quiesc_diff 0.43803272769691315 2.857684279800691 -1.190124237644353 4
quiesc_diff 0.3246317526635507 -0.37630573373727844 -3.334330280601235 4
quiesc_diff 0.7220975356538584 1.2223508016478406 1.4509849218374435 4
quiesc_diff 0.9795860466075933 -1.7080827280716608 -0.350520429297606 4
quiesc_diff 2.3220107525142826 3.410104390878584 -0.8087335942327326 4
quiesc_diff -0.45172792068178036 3.7474816957000288 0.8504978792807546 4
quiesc_diff -1.4930598688221268 1.152486564162182 -2.0958841542897826 4
quiesc_diff 2.3656016040442953 2.348323766836789 1.6272780267726321 4
quiesc_diff 0.0009160197106290457 4.808004585262728 -1.2620942987927186 4
quiesc_diff 1.1924663199126402 -1.8706647944718018 -4.341183875464073 4
quiesc_diff -0.17388978166976654 -2.8894004550572117 -1.4792285144505166 4
quiesc_diff -1.199653841783709 -1.163568620945042 1.0986076297958434 4
quiesc_diff 2.269899801411222 1.4432390071529688 -0.4499509147775751 4
quiesc_diff 0.8434150721672695 0.6998172657316637 -1.6729933683744647 4
quiesc_diff 2.448935710981737 5.294088151099073 -0.14957106029781575 4
quiesc_diff 2.7822313085935364 -2.5519251313010267 -0.1545611020081962 4
quiesc_diff -1.1687493725788878 0.703638617877568 -4.111204152078978 4
quiesc_diff 4.2311139677279925 1.0650698657397848 -0.5530387138676227 4
quiesc_diff -2.639274650462238 -0.2914100457373431 -1.0375761222340947 4
quiesc_diff -1.9210316004454544 2.7216041460132603 -3.2598043453927446 4
quiesc_diff -0.07550024884796995 6.6016033759878985 -2.143663315834938 4
quiesc_diff 2.2256722820733814 0.831715884597841 2.92354972529245 4
quiesc_diff 0.07085001723805734 3.3319585673586842 -3.0980657349920695 4
quiesc_diff 1.15403374996146 -0.6973208651423581 1.8091633668792373 4
quiesc_diff 2.6993790484308438 -0.4060780514778919 0.178995818289988 4
quiesc_diff -0.8647548690757577 -3.1255551818271528 1.2946979482645176 4
quiesc_diff -1.7642591590946255 5.024288923736888 0.046119205630541726 4
quiesc_diff -1.4928328092378111 3.362619877470619 -1.319732572574989 4
quiesc_diff -3.080589175316459 1.871670641983453 -1.1148005884147891 4
quiesc_diff 1.5854948826664983 -2.072865646350171 -2.221297782409931 4
quiesc_diff -2.141126829653678 2.8665445737237585 2.3502290886212394 4
quiesc_diff 0.709159971988162 2.3709812646914763 3.0882022802888374 4
quiesc_diff 2.6620963915437867 0.1627500954655926 -2.308569574012534 4
quiesc_diff 0.8053181442091267 -4.633288947434366 -1.477045843954906 4
quiesc_diff 1.8360323709753232 1.9807853661939483 -2.84509900512614 4
quiesc_diff 3.1480768327582176 -2.347589978208504 2.2309171375546195 4
quiesc_diff 0.9887573073803918 -3.5737169207048627 0.37012160892504603 4
