1277
 Lattice="1.0 0.0 0.0 0.0 1.0 0.0 0.0 0.0 1.0"Properties=species:S:1:pos:R:3:Color:r:1
active_stem -2.9751957167832477 8.078497605054586 7.437974384460853 1
active_stem -6.699078306284044 5.3746214609534135 -4.75041920411295 1
active_stem 6.564292889518257 4.16345137899255 -9.89132174841784 1
active_stem -2.5831496564858902 7.0082426704551715 9.24791435200633 1
active_stem 6.68009923706802 0.2151996782537352 10.592197533957972 1
active_stem -2.8278075224608896 5.893561498309981 -11.55878500977937 1
active_stem -2.0528693646669733 10.436570738929712 -4.210173689563313 1
active_stem -10.614197615057252 2.041429302546114 -2.384627222021032 1
active_stem -1.6338311041330802 9.10676146810179 6.3686688135967024 1
active_stem 8.16250326062796 -2.470922358888521 8.797587193808006 1
active_stem -8.554505777207893 4.670332297473124 -4.502698243462941 1
active_stem 2.7754707525093925 8.14837138220256 -10.409641501576555 1
active_stem -10.08548649979178 0.8891871821084246 -0.16118979814454643 1
active_stem -4.8733622860743875 2.9302883981664385 -13.553303277466723 1
active_stem -0.18868108882325751 9.11223519866118 -9.926053995788733 1
active_stem 11.976286336179411 0.45464624762242717 -4.709945294899648 1
active_stem -7.121850634647806 6.658399748909847 -7.406731874774534 1
active_stem -3.938052173201634 10.69304753886674 -5.34647624359666 1
active_stem -3.0525399615204045 12.168335131313027 -4.250803568469775 1
active_stem 1.3269875055755536 9.286358108606906 6.798167553829328 1
active_stem 0.7708353926732454 11.515282098994897 5.554285138697956 1
active_stem -4.2318941449338325 9.61168667387783 -8.427255923627264 1
active_stem 4.884483855989884 5.363304251439794 -10.412226893453045 1
active_stem 4.5629827135982906 10.49578747328383 -4.361900044550643 1
active_stem -1.7965732511170953 9.678344430876649 4.420090036565644 1
active_stem 3.9244606225975662 10.25347376162262 1.6097243065967743 1
active_stem -7.610453629907497 7.682699764186124 3.7661896217360598 1
active_stem -3.103406023923113 5.965863896521803 -13.53838543138081 1
active_stem -6.693048179946877 8.283181494952794 1.1451662997304033 1
active_stem 10.682015270887902 1.830095080879477 -3.857305583060526 1
active_stem 1.1488715280850423 5.387710660184301 -15.807484023029785 1
active_stem -10.798434387306829 -1.1171868962837936 -1.9539969287578671 1
active_stem 11.799378811954242 -0.8843961923954682 1.0455052948369876 1
active_stem -5.419936842082913 11.336013611259759 -6.887199852952359 1
active_stem 8.61114283370934 -0.2301828538271577 10.861836232938225 1
active_stem -2.014222953315822 11.473867045711435 3.443240161550248 1
active_stem -8.107058581287273 7.085848314476196 -9.09393459693738 1
active_stem -0.8048767570730693 12.966935034106873 3.9984245990680747 1
active_stem -12.429743932904104 -0.4643801184943507 -0.9986579955433896 1
active_stem -12.654526124490687 -0.15895380956228017 -4.345556044298921 1
active_stem -8.181188365922996 6.546194196512124 -5.406747701446797 1
active_stem -4.184760594974158 9.491141669779184 -10.42306336184746 1
active_stem -10.032072326460794 6.0182061072984165 -4.508467586226834 1
active_stem -11.4054222754264 6.5603206643288905 3.149452548727535 1
active_stem -10.519267807486221 3.473823066242651 -3.77719191974886 1
active_stem -3.8209695762969536 6.194294955113758 -15.391199993007309 1
active_stem -11.91015488369278 6.138301009233088 -1.5392266403039834 1
active_stem 2.5814546939119087 13.025363542174397 3.861657719532986 1
active_stem 7.148236722637119 -0.29732463946688625 12.467875043113011 1
active_stem 4.0294046038087235 9.312569388886262 -11.445157265724704 1
active_stem -3.7155434519866195 12.408337719736803 -6.350602462950585 1
active_stem 4.3113902205885815 11.554379316034456 3.0787138316441607 1
active_stem 3.7697454083707616 12.213535479607534 -3.713736203869672 1
active_stem 3.0974680100354144 5.747115729133193 -16.07914511141838 1
active_stem 8.468611237871407 -4.0461768593557785 9.991266868187015 1
active_stem -8.336373966562425 8.36706654300277 5.499591414997774 1
active_stem -4.865869269266693 3.0840581132685885 -15.547369156372564 1
active_stem 3.937051332672472 5.753248959470303 -13.998505030671055 1
active_stem -9.729703575408298 3.4045501488563445 -1.2056328789357567 1
active_stem -7.391821005097199 11.002797027025316 -6.912489290363606 1
active_stem 8.319222473218042 4.843806779679757 -9.215053543479112 1
active_stem -2.3856445938258766 10.83071867895575 7.048924656541532 1
active_stem -4.165526514381481 9.073640885234571 8.70003715793996 1
active_stem -3.487134848603056 10.73485560597676 4.580669057593611 1
active_stem 13.375062311912892 0.7095204189613205 -6.116524452464256 1
active_stem -3.424426590586846 7.737795431261665 -12.051579985502622 1
active_stem 13.388697458224593 -1.0586219135841148 -0.15604022602090883 1
active_stem -12.32712959799721 5.712295265488105 1.475384173711818 1
active_stem -8.403375443370123 8.972060271805978 0.37042332119338306 1
active_stem 0.22572041166281265 9.28410146321458 -11.875087957397241 1
active_stem -5.421457082007228 0.8140274092448024 -14.293678741906318 1
active_stem 1.0126072966509128 11.798924845667084 7.519251585919708 1
active_stem -3.6938061933984825 12.804105450290962 -2.466266171450708 1
quiesc_stem 0.2236599574801848 1.7471083464461916 -0.9474115521767804 2
quiesc_stem 0.246134398733861 1.7104735615837754 1.05212659250274 2
quiesc_stem 0.8699492588559683 0.8677298106081615 4.9032825534007065 2
quiesc_stem -1.5406755040153708 2.871325166532347 -5.219208491082744 2
quiesc_stem -3.008812161766632 1.4038010400957321 -1.8762289676118256 2
quiesc_stem 0.9698548565102213 0.7805025125279365 -3.6989756921388124 2
quiesc_stem 3.625465357146214 -0.9319374160824813 -2.15659734057526 2
quiesc_stem -0.5782161574801588 4.6086304848391695 0.2672121148935438 2
quiesc_stem 1.6150840933337545 3.1719413246545796 -4.304467995548293 2
quiesc_stem 4.085048766524431 0.7151352523937285 -3.193870069698586 2
quiesc_stem -0.20921242790097883 2.983996004118937 3.997102147791045 2
quiesc_stem -1.3367561510763244 2.994656900746426 -1.0408148327442037 2
quiesc_stem -0.9471686768558667 4.608732460261713 -4.106028929489269 2
quiesc_stem -3.625232914838305 2.440509335435613 0.784354357370862 2
quiesc_stem 2.0785865759118503 -0.5253792846647056 4.12969165086373 2
quiesc_stem -2.712920949887523 3.5562729871937275 2.8288534329647077 2
quiesc_stem -0.5511565619129416 4.082281952338079 -6.46597868888647 2
quiesc_stem -0.7183870452317183 5.949844601164852 -1.2097769901426643 2
quiesc_stem 0.8144774320575767 1.6870068130707916 -6.194115966197294 2
quiesc_stem 0.979981414497984 -0.5477449994084532 -5.194186713987605 2
quiesc_stem 0.6444698257701527 5.558315359741257 -3.35437795066038 2
quiesc_stem -2.9417292462999702 -1.0195152075524248 -4.950882914218743 2
quiesc_stem -0.43536398682504984 2.8053818516875473 5.976231364630468 2
quiesc_stem 1.4826232257535659 4.783141627345239 -5.481960120010037 2
quiesc_stem 3.4984887056785396 -0.5808249156028481 7.0980845515549476 2
quiesc_stem -4.866136934129797 1.6391429330323202 -1.1726958245438228 2
quiesc_stem -4.673451144411541 0.3495200179752149 -2.6914245446945104 2
quiesc_stem 1.0435624159054468 5.256688840631094 1.2418169714357308 2
quiesc_stem 2.606424531615513 5.170627715242618 -3.3751631019550645 2
quiesc_stem 3.330776182357036 -1.5290955194975064 5.323247225373655 2
quiesc_stem -2.3419661112204784 1.683082604152839 -7.691048371564842 2
quiesc_stem -5.284203558742881 3.4546444669393317 1.2526986086569996 2
quiesc_stem -1.1619870070007887 7.826117812019579 -0.6779707170061271 2
quiesc_stem -1.6984503961154573 4.054581672624016 4.794608637056146 2
quiesc_stem -0.17549411896913691 4.485525904225246 -8.388547814881141 2
quiesc_stem 3.1637533472558994 3.4673249178678733 -5.535066254451918 2
quiesc_stem -0.9484568541638583 5.97452715816759 -5.567057055081455 2
quiesc_stem -2.3661084712731544 6.388398317645616 2.9358971431934977 2
quiesc_stem 7.177357067677347 0.4703645569483018 -3.1645574885258583 2
quiesc_stem -6.690416561076436 0.8333417345455191 -1.0220695611477366 2
quiesc_stem 5.634211368226637 -0.4398138109254096 -2.165535113662016 2
quiesc_stem -4.6639068082396085 3.477602306884249 3.261825839209978 2
quiesc_stem -3.3924841272773296 5.005705132178796 4.027744731214826 2
quiesc_stem -6.337367379324707 2.9993294803783517 -0.38545102737460124 2
quiesc_stem -0.2539196543382618 7.3092408997612734 -3.710967484068395 2
quiesc_stem 0.2539103714282681 4.59136381255434 5.093407762638937 2
quiesc_stem 6.0239576673598165 0.18493756216103652 1.6769783394178925 2
quiesc_stem -6.580631284852075 4.036882874249349 3.146186193229719 2
quiesc_stem -1.0174109645958676 6.415809310933046 1.0028836529596528 2
quiesc_stem -5.053255297602076 3.4996629460595923 -1.8822393391900036 2
quiesc_stem 5.081467878012638 -0.5838157661106447 5.11947093970874 2
quiesc_stem -1.0752514849286459 6.129453767770667 4.5513072863222455 2
quiesc_stem 0.7334486907746133 4.57053308358256 -10.168041211349038 2
quiesc_stem 7.178156163227734 0.47578465651817675 -1.1645649925481973 2
quiesc_stem -3.4636783273995455 3.462504373426442 -8.500473732939696 2
quiesc_stem 1.7813801695773086 7.102567043740392 1.0219110332426076 2
quiesc_stem -0.46199480507411317 9.435741854577838 -1.63667888890217 2
quiesc_stem -1.9119444039993017 5.049461060833323 -7.567260224607601 2
quiesc_stem 3.648743019782297 5.521218789690689 -5.045689386615996 2
quiesc_stem -1.7650185129466553 4.350994957575573 6.7714009504582835 2
quiesc_stem 5.354825232251232 -1.0115126668947605 7.705145307162775 2
quiesc_stem -2.824554553426095 -2.207686181340253 -6.555413944893438 2
quiesc_stem -2.936745226506559 1.4064470032766458 -9.580416135751417 2
quiesc_stem -1.7564861886829792 8.171277739763584 2.2652991721573117 2
quiesc_stem -7.168057526299947 1.3296429391901805 -2.899712824019737 2
quiesc_stem 2.229122057363382 3.8383339440668682 -8.998790589431433 2
quiesc_stem 3.664094149183597 6.86179568760767 -3.5210598782047855 2
quiesc_stem -1.06874441148035 2.589886404102741 9.891328403590366 2
quiesc_stem 1.4993982267776946 6.668024692622554 -4.813428572832617 2
quiesc_stem -7.548285295065433 3.240205247210314 -1.9588729880359013 2
quiesc_stem -9.117289797983144 0.9669180654408134 -3.162247044631583 2
quiesc_stem -0.5792345872422864 8.185495724894142 3.88204792066592 2
quiesc_stem -8.547740417749564 4.315722248121637 2.9165554835025587 2
quiesc_stem -6.622192115584026 4.8142073443125595 0.6515535311334624 2
quiesc_stem -6.17019418657431 4.803522872458033 -2.9081032729715384 2
quiesc_stem -1.8700909094334737 8.48109551924464 -3.8324056370495034 2
quiesc_stem 6.906918387538265 -0.9230151677951092 8.963388141421827 2
quiesc_stem 4.779805415602039 3.9331347501931133 -9.018075674315828 2
quiesc_stem -0.15813392628027834 5.8761715614624395 6.569716858008729 2
quiesc_stem -8.408375257924654 -0.10391848039541696 -0.6095635546309282 2
quiesc_stem 9.134190224068876 0.5995974794705641 -3.5571168468184893 2
quiesc_stem -4.871540563949116 5.32283099698637 2.5188458228475072 2
quiesc_stem -4.530145089545279 1.8757868094896426 -10.69432682461841 2
quiesc_stem -1.990765361152253 6.1913603169050955 7.521130037999348 2
quiesc_stem -3.974291043690052 5.083109902844683 -6.970599663426406 2
quiesc_stem -2.8656689892153535 4.609974548000671 -10.025497349119817 2
quiesc_stem -0.295896650734651 7.552459515194576 -6.608351757626174 2
quiesc_stem -2.8646321376263337 6.792934808460644 -7.796793171111876 2
quiesc_stem -3.78227414081877 8.700120274917385 -5.283435580257321 2
quiesc_stem 2.4389703891102377 2.2866877692143426 -10.243120861396472 2
quiesc_stem -2.1418639907301573 7.248037251998572 5.820601874383024 2
quiesc_stem 8.413794263200794 0.845140565603862 0.3640862751771967 2
quiesc_stem -3.3784159479916065 -3.005120388907375 -8.303937962518516 2
quiesc_stem -3.5763110665894438 4.952904012785912 6.01857865150401 2
quiesc_stem 3.1391713559014365 8.415428016822883 1.6797857627294706 2
quiesc_stem 2.0468526972319805 8.023494381918754 -6.178344513166996 2
quiesc_stem -1.1507051332837164 3.5200629845027054 -9.843485898855974 2
quiesc_stem 0.23150729644081358 9.703588426394335 4.900915992446476 2
quiesc_stem -9.167818236595568 -1.8901957531812361 -1.0917044747738938 2
quiesc_stem -6.616839479936149 6.035197106010418 3.2198692832159743 2
quiesc_stem 4.069125176019292 6.669820033174389 -8.490742555576475 2
quiesc_stem -8.259703217347862 2.6459492908997504 -3.9368469877929506 2
quiesc_stem 3.0383435470436035 4.344561365985073 -10.756315661212138 2
quiesc_stem 10.320250999218326 0.44177885137082057 0.8143329200112968 2
quiesc_stem -5.97291216608208 5.102131847263174 -6.898823798687821 2
quiesc_stem -2.649453303994497 8.469787341908743 -8.865373374290623 2
quiesc_stem -1.8145688914243705 10.14700684071375 1.960141967915131 2
quiesc_stem -5.283857497356657 7.23494138790242 2.1019182519478687 2
quiesc_stem 0.006085292006923204 7.807851130619836 7.061291969710933 2
quiesc_stem -5.350223690036332 9.42897773369745 -6.288572892214803 2
quiesc_stem 4.623724361730581 8.511524794981316 -4.118976032403002 2
quiesc_stem 2.8506432094776506 9.32624396936469 3.436819003540986 2
quiesc_stem -7.260924180923298 3.091144331703039 1.4409046591395183 2
quiesc_stem -8.204707463010191 2.255123606245305 -0.34681712732127035 2
quiesc_stem -0.25696336823487775 11.522124937106025 1.641198341000981 2
active_diff 1.2690041411832502 -7.814098072124122 5.4105273313048174 3
active_diff 5.2914000455395875 -4.313448491982791 10.31648197659791 3
active_diff -5.3392529671408875 8.090275529139557 -3.9033921826890143 3
active_diff -6.9155421368917445 -4.305951955363648 -0.9510527512959721 3
active_diff -5.713896081991725 -3.8677479352017397 -8.096200978899423 3
active_diff 7.603360842210923 8.01867593784318 -2.3744609206011402 3
active_diff -0.48714624938759477 6.335020360575157 -10.312858524144556 3
active_diff 6.249809267639972 8.649607565679856 7.500261644521759 3
active_diff -4.694995249466811 -7.168966880949242 6.545574436504327 3
active_diff -9.147593078721666 3.956929433602865 1.0426706147407698 3
active_diff 6.10313630420591 -7.017329244653286 -6.8408195985476485 3
active_diff 8.116055274847554 -1.7235677602354278 6.0425691072715875 3
active_diff 7.854508352848017 -5.607100213501974 -9.331585133785165 3
active_diff 10.092528416722788 0.0042177125279048155 -5.208513480464125 3
active_diff -0.7211115820738194 -8.133723596893715 8.286991341871708 3
active_diff -5.592440806350771 3.558172576036901 -10.916690663577047 3
active_diff 9.066367200948832 5.611269488300918 3.1715765137080094 3
active_diff -3.3113549862796536 -5.814084139165492 -10.342749550019414 3
active_diff -5.901313762735644 -1.2255361576274262 -11.76736555195638 3
active_diff 4.914761119710306 2.006591156110232 -10.742173797385929 3
active_diff -6.274223589255243 -7.290640959758795 -3.2513204523250696 3
active_diff -3.8903061586209766 -8.963221078166965 -2.7461226692637153 3
active_diff 1.0604709967463481 -2.077063348279308 -13.896428247775068 3
active_diff 0.7977620276270314 -5.819125244996913 13.264523248341838 3
active_diff -4.4366197238043 9.226507231663584 -1.0532587947124996 3
active_diff -5.019601940974028 6.2820138362441735 5.630791945820419 3
active_diff 7.238133334970335 8.792904365805924 4.748835430294841 3
active_diff 1.5352285796203895 -9.547325211561523 -5.512288263701047 3
active_diff 2.3766615826492585 -0.3883993123169609 12.171962462601876 3
active_diff 2.0488484707525787 9.816214285510277 -4.202657563650603 3
active_diff -3.612954845589889 -2.511906606270859 11.637425454892382 3
active_diff 9.813158846827582 0.8859200041914329 -7.788580380140784 3
active_diff 0.8570300268063651 -2.074209634374401 13.57862401816213 3
active_diff -7.326436053900956 -1.8196800268802868 -8.583872433852731 3
active_diff 3.4070905102903235 -9.829922818016243 -2.011878773088751 3
active_diff -4.481290944767047 3.416357341822634 12.211167904332276 3
active_diff 8.29562866377523 0.7699496730744347 -11.206937660425675 3
active_diff 3.40787759383622 -8.57165267138626 -9.390525171744969 3
active_diff -1.7910256489314362 -1.515756684697847 14.277635388443752 3
active_diff -0.11540006745471931 6.430257295599063 8.861882811169394 3
active_diff -1.2625246385196434 2.5609975282987505 11.881708934158173 3
active_diff -5.489279402202411 1.424300792658389 -12.390269555635463 3
active_diff -8.334275534018293 3.3126675381003623 9.994773956379543 3
active_diff -8.088808063604846 -2.74423429980905 -5.214772768576505 3
active_diff -2.586100070740629 2.649475121079689 -11.107481646163105 3
active_diff 1.129267265344677 5.420236570053029 -13.807844621020108 3
active_diff 5.42570483517447 -7.788126246495107 3.701389893609244 3
active_diff -1.542908060053951 0.6186099023907703 13.223031469083422 3
active_diff 0.40574748389559256 1.0150469035108693 -12.768277618409517 3
active_diff -1.3529040473788545 -10.798786665719176 -2.6910884754296687 3
active_diff -4.389352702097191 -4.829155062885658 10.523527802788694 3
active_diff -9.802768401785105 0.8273782499573906 -7.3307753715261015 3
active_diff -8.6692793188708 4.8956263809642 -2.013216971269141 3
active_diff -8.460449301322194 -0.186945718279375 6.228900985272128 3
active_diff -5.530048979556448 0.9308659415636125 10.67506933333 3
active_diff 4.454615625207095 -4.393785353875273 12.131237558628197 3
active_diff 9.340068994254029 -1.9880616152480346 -7.23389752378285 3
active_diff 4.686441553410953 -3.6026163727308003 -12.735464318040018 3
active_diff 3.3840157983698935 9.850355767021979 6.664593051112372 3
active_diff 2.2581842776755066 -6.046105204561649 11.908222809172523 3
active_diff 6.555424745488231 9.578070948682983 -3.0601118065143256 3
active_diff 5.336751295343576 -6.732797647744826 7.039283078996382 3
active_diff -7.39970713731389 -6.241043467005316 -1.0959840934500749 3
active_diff -8.289039945327474 -3.69407240453418 2.940205614468701 3
active_diff 9.367280569673344 -6.4995280362595365 -1.8602790666551532 3
active_diff 7.480451178877853 6.346892190424027 6.444076759214909 3
active_diff -5.782544523027316 10.99494337351882 1.2226115620564733 3
active_diff -5.8637206023241175 6.948722941687775 -1.793334446402768 3
active_diff -6.7768109363664335 -5.821641096617446 -4.52856401858146 3
active_diff 9.839127188173201 3.783225890861908 -6.952824732110904 3
active_diff -0.5359719162899953 4.826157465950754 12.99988705289205 3
active_diff 9.861156862083826 2.558101521535629 2.258129862732972 3
active_diff -4.735685814014925 -2.892347893665944 9.580970954387242 3
active_diff -6.556662382722628 -5.814975495894633 4.351778176539675 3
active_diff -6.798186646512549 1.45004221645225 -10.300646719707236 3
active_diff -9.672367289757776 2.119822037723176 4.554547219866087 3
active_diff 0.13006453323182132 -9.774375841898499 2.857518458908015 3
active_diff 6.8083549297722845 -1.3570668810400226 -12.160614716253496 3
active_diff 6.063608867266155 -9.965463294901896 -0.9868507342389695 3
active_diff 5.177274219681115 9.386890625594901 -1.1362233666617358 3
active_diff 8.543100451740203 -4.9540317369258515 4.175105559101343 3
active_diff -0.19816684982613514 9.053039528469476 -7.926952724474858 3
active_diff -5.394234814231517 5.5213148326024575 8.312982494056982 3
active_diff -1.3336563488944053 -10.274692311573562 1.2350947386343714 3
active_diff 10.448231575976301 3.4474333783276783 0.18568706996969564 3
active_diff -5.975238890299094 -5.516733655140358 -9.197357658025757 3
active_diff -0.7553808574952412 -8.2001665404873 -8.1138592877277 3
active_diff -0.745995613971876 11.565774848190124 -0.2976008099921742 3
active_diff 2.548201386182738 8.23947101721731 -8.424685710726376 3
active_diff -4.918116631923789 -2.6371478541876714 13.147679520046303 3
active_diff -1.1569124320252442 -9.255707388630968 5.836084364291446 3
active_diff -9.717613940361316 -1.3647649274197224 0.9330397196436901 3
active_diff -10.696636726637463 0.09633022227885879 -4.026966702259872 3
active_diff 7.654769751181999 -8.32226465492553 -4.807411170925651 3
active_diff 4.931187797093737 -0.5291869683878241 -12.19453729138313 3
active_diff -8.897589441716269 -3.0277258826875766 -7.021843659509457 3
active_diff -1.9113548807354057 -10.732638258944041 3.0942746426769325 3
active_diff -8.443645223085808 2.321947992334944 7.68070275259623 3
active_diff -6.701840923482023 7.269758922938254 6.071735989256964 3
active_diff -12.393034634519292 1.9662198561774473 2.1468872511260457 3
active_diff 3.136286841310011 -6.095926749138508 -12.228229104241564 3
active_diff 7.442643765985458 10.373697594759566 5.956837189772173 3
active_diff -1.0602608810197662 -7.499720881766106 -9.962216409723965 3
active_diff 5.772841364028634 7.6635977981123755 -8.822038351851916 3
active_diff -9.239814271794746 4.292003230342858 -7.937628533717856 3
active_diff 9.063238880457764 -5.004213516451898 -7.856628137074985 3
active_diff -7.484556763068696 -1.7794383103106035 -10.57720593469493 3
active_diff -12.49942382338906 1.4092502906847095 -2.16951831848421 3
active_diff 3.281327097932246 -11.442101661612318 -0.8349918029963481 3
active_diff -8.153825711892651 -5.672932332836888 2.683631073185985 3
active_diff 3.1296762148080575 4.412716276709606 -12.75306633466718 3
active_diff 7.510963870662051 5.533805042946167 -10.99854570460247 3
active_diff -8.94762383227635 1.7986848010893661 -8.902828813243842 3
active_diff 4.493328942156538 2.3260005352216577 -12.671000530987977 3
active_diff -3.0803443379791613 -9.302692004220448 -7.377042396832883 3
active_diff 12.828693916684072 -2.074424945771784 -3.683628544085285 3
active_diff -5.912507103489277 -8.742938610976749 6.344880942865407 3
active_diff 5.012093575895171 8.987284918099604 -6.361481977766334 3
active_diff -6.271998336058211 -1.6090086570851432 8.44423987387901 3
active_diff 6.701885439764717 -8.11516949936718 -8.401667524451167 3
active_diff -2.621273533246919 -8.42121193798065 10.869330260796671 3
active_diff 9.91827063835525 5.877154405402356 -0.7502874914044999 3
active_diff 5.797662890228921 5.127920539461221 10.695021940920505 3
active_diff 6.549496543196606 9.559330122250849 -5.0600152136423375 3
active_diff 5.0926985141595 -8.712780548121822 7.181078545112265 3
active_diff 3.849029221457972 3.3661901615971193 13.788229813188615 3
active_diff -7.531537441376663 6.802878846849717 -0.6992062585867138 3
active_diff 8.579013616102445 -6.48832735641033 0.4859791096478817 3
active_diff -9.480799478990463 7.31070561750176 1.36811056360739 3
active_diff 0.37501287680996165 1.193502326557375 12.829614084470514 3
active_diff 2.5014008061484736 7.341118640438704 -12.285817131532317 3
active_diff 3.6658141113557754 -7.321385446704642 8.841120989218256 3
active_diff 9.744260110907625 -6.334880589368235 -3.8175163143394926 3
active_diff 9.168652506697807 -4.153015780312433 -4.3444453974282 3
active_diff 8.224745095616804 2.6901422735421834 -10.652108049757647 3
active_diff 5.960507238872037 -3.2858084734069344 12.841644259216844 3
active_diff 4.522973366496217 -10.063397091476057 -7.4008276411914204 3
active_diff 2.52528483163273 -4.064611954860304 -11.177381767509278 3
active_diff -8.212807782532323 0.024768971318073874 8.81247802694452 3
active_diff 2.7253584008175507 -1.4182691520627038 -14.787573656109966 3
active_diff 2.9762836593467465 -2.1267518579746136 12.958463442984323 3
active_diff -6.022357540009537 -7.277552081363238 1.3978062785265597 3
active_diff -2.261094313573338 -2.183676330880104 -12.171687036317167 3
active_diff -2.695778047721049 11.002289546016254 0.3591516202687145 3
active_diff 9.788767167588329 0.014350634813043994 -9.588517012454613 3
active_diff -5.946330625586266 -5.692470505588331 8.753137051666418 3
active_diff 10.872012274285556 -1.9423393496979802 -5.938785431236873 3
active_diff -1.251270447224944 6.46178458717029 10.69817554064763 3
active_diff 0.4391191815086399 -6.107778613584045 -12.951182486331792 3
active_diff 6.883228818296853 2.7339646200750316 10.18882015450786 3
active_diff 10.343018344132435 5.465415074609384 -3.3232805901411577 3
active_diff -3.069802145745947 1.6619407009898166 13.984645082258423 3
active_diff -2.637546185926632 10.359455598039302 -7.106107519447559 3
active_diff -9.29048978201016 -6.244754522335364 -0.4441196761179753 3
active_diff -5.45860159374628 -7.968402114742182 -0.7106441621116867 3
active_diff -10.472956488221355 2.769389221320886 -5.921497274894284 3
active_diff -0.42002988314724443 2.0269090875252496 -14.282948097636417 3
active_diff 9.544716229413321 8.184288774870753 4.084720081643894 3
active_diff 0.15736303932700757 8.297886720515665 9.523366460827088 3
active_diff 4.477348545504525 10.085471081436689 4.674440229871078 3
active_diff 10.93301262624071 -1.3522764541710892 2.874910598664468 3
active_diff -4.68159349317164 8.932922853956843 3.0949220781155824 3
active_diff -6.281243146694478 -1.1021232500695688 -13.727065252791377 3
active_diff -9.897564169051051 -2.221822767774854 -3.4573461001627837 3
active_diff -5.567024920668162 -6.07474382090489 11.553865995569216 3
active_diff -1.0042168109323646 -11.340152741429348 -0.7975890740013296 3
active_diff 5.7946523868236115 -5.751699728763231 -9.618546467831464 3
active_diff -10.503399667073305 -3.534769803326515 0.8935692139480944 3
active_diff 1.3478674490958191 -3.786881563063898 14.971678941311588 3
active_diff -1.4927037325696118 -4.192887958170913 13.486304251740533 3
active_diff -3.639527745504855 -7.545202638099897 -4.648218969573991 3
active_diff -6.59437767715791 2.618038227137955 11.184100021429881 3
active_diff -4.222615928507307 -8.608291271430778 1.6305374930944694 3
active_diff 5.468257406617892 -7.883752845731409 -4.786573658869479 3
active_diff 7.124907432395422 -7.715907782944484 -2.4780392206805915 3
active_diff -4.809899660252333 -0.7707005554495979 11.985297941525737 3
active_diff 2.194028562066116 -1.0515308126921017 14.658699452747966 3
active_diff -4.735168862426176 3.2392025948186713 14.187063194710547 3
active_diff -7.313514935495093 -3.8188953843380355 7.531694052760658 3
active_diff -4.75171295935121 -7.15160979640387 -6.322897650796688 3
active_diff 7.747529386033273 5.3182860611965905 9.77487645713114 3
active_diff -9.793805244924334 -1.2865821154708663 4.530207414899317 3
active_diff 0.8117172120479486 -8.070761949756646 9.570140483203687 3
active_diff 10.252676104272737 1.5684822294021203 4.1718820437984645 3
active_diff 2.513804762863265 1.621111480668342 12.340421653892069 3
active_diff -3.352684333998185 -0.47841964973973783 -12.511648459353967 3
active_diff 7.448765113822423 6.892800574623677 -5.69859157454256 3
active_diff -4.815658263232837 1.2147837117990483 12.521426992120729 3
active_diff 10.11126964620809 -3.2269311407716827 -8.60154216079732 3
active_diff -4.761468781615509 5.952324364098694 -8.590728494495547 3
active_diff -5.991280395007913 12.982525894894117 1.145507369745558 3
active_diff -0.45725699577472 6.024531890641859 -12.288384667367405 3
active_diff 1.503066061222079 -5.917100879796861 15.133465996309283 3
active_diff -6.381677374044707 -5.560243033799285 -6.981626442671295 3
active_diff 8.987724334264364 9.129710973251413 -1.4529736054605422 3
active_diff 3.741542844365112 6.582934294992943 8.540735044808045 3
active_diff 6.120134583202623 -9.30385840935367 2.5967074344701206 3
active_diff 8.682517549297144 -5.527836404365858 6.085945970159489 3
active_diff 8.917853653304661 4.6131984538037605 6.258326470239115 3
active_diff -7.204711919121693 4.719490055732643 -9.15550793755469 3
active_diff 10.826058345394289 -3.583210465202445 -1.7120786570912294 3
active_diff -5.606455589076581 -3.4104884571023266 11.30529411300946 3
active_diff -1.2430937316357853 2.5112562227068 13.880995867636127 3
active_diff -6.536270296205579 4.561159244765127 9.644844425736473 3
active_diff -10.36975969583912 5.385718754856173 1.7244842516505883 3
active_diff -7.613534569652702 -4.255165589427897 -8.587404783232223 3
active_diff 0.9748478343980556 10.979700274525085 -2.7303750955673745 3
active_diff -1.8291474204762035 -4.008096763915849 -13.192695472434568 3
active_diff 2.3115981995131873 8.604241649762477 9.727608635329636 3
active_diff -7.332303566078025 8.227833480445062 -3.9973449373530077 3
active_diff 9.05130778616424 6.16340135397092 -6.64984784609352 3
active_diff -2.1568569300924354 3.228619118302408 -12.973049269351117 3
active_diff -5.974630003192958 10.377442163149516 -1.6099213172342681 3
active_diff 0.6666909778075472 -11.07543503720708 -4.5580750825917615 3
active_diff -9.854874535606754 1.2346368624872568 6.415129962746996 3
active_diff 7.644390099806885 -6.9843247534188055 5.17202016655857 3
active_diff 9.532363339592605 5.0439372030493805 1.1910044032899156 3
active_diff 1.3017796039041345 -10.522648458103479 1.3424285761584647 3
active_diff -3.6925794636216165 10.977160673282345 2.094489537722377 3
active_diff 9.89893424578045 -2.508501657704919 5.589555474354641 3
active_diff -5.232492769256083 -5.647661521257875 -11.049703763252714 3
active_diff 0.042961503660597034 -6.651650367840084 10.960877797197869 3
active_diff 7.201649100790336 -4.413600986051315 -11.674642119064615 3
active_diff -0.8093419481794561 -9.756711247917666 -5.650593716514221 3
active_diff 4.663619486905223 -10.225907678653053 -5.170290394773885 3
active_diff -8.040825885564704 5.853784224571371 6.9376302810692465 3
active_diff 5.256408363542098 9.313842003742774 9.103990815868581 3
active_diff -7.2568451504952245 3.7222486890558546 -12.013430016536383 3
active_diff -4.79207950633621 -7.260315446988381 -8.984423094181235 3
active_diff 2.658380997085319 -3.7217850287258805 -13.165231358149125 3
active_diff 4.072898400062478 7.2790333700888485 11.766028966860544 3
active_diff -8.034937259606979 -4.042405042141122 5.679263586516588 3
active_diff 9.682822703808633 -3.073926425788217 3.2378553153671055 3
active_diff -4.2720912708159915 -9.573812122743872 4.297041097444328 3
active_diff -1.4025825092646782 0.11174596900639355 -13.360862784857824 3
active_diff -4.3834722671835555 -2.5749808647073067 -12.642212484187857 3
active_diff 3.0796498950697426 -9.69522032137759 7.4472401848657945 3
active_diff -9.04099787371402 4.521116048531905 5.527171729059253 3
active_diff 10.900291817261108 -2.7641809920047953 1.3956891886243779 3
active_diff -5.891381339116711 9.615690599795693 5.315547205626124 3
active_diff -8.045476104321986 0.07899794096552659 -9.549310175213009 3
active_diff -2.244200352199125 11.309001786097193 -2.2185503188788225 3
active_diff -5.037282570196938 7.759629153928419 -7.580859144097845 3
active_diff 8.84190173870508 -2.5761841842023876 -10.934421324361718 3
active_diff 3.5127047512657947 -8.474617018631875 -11.385417486923853 3
active_diff 0.6381226677961244 -10.349858996513309 -2.68952889209437 3
active_diff 7.863068822881532 -2.4286352198092858 11.576621705424238 3
active_diff 3.724902360247386 0.6582177320847797 -13.962004175420489 3
active_diff -8.599281560908494 4.469035182653715 11.604924780477088 3
active_diff -11.324997365231262 2.7338173746426984 5.498911323314319 3
active_diff 7.3348458013420235 -7.078972358119665 2.089384448054883 3
active_diff 10.055930735299922 3.294250786414654 -2.360377726692878 3
active_diff -1.1494587106238767 6.72947756147952 12.968160610697772 3
active_diff -5.325703924612727 -10.35147792725046 -2.63487441373285 3
active_diff -10.627185836378125 -2.0796042866330353 -5.956993516426382 3
active_diff -8.698801486294707 -5.727943760282673 -3.9834281317145406 3
active_diff 4.650052379346447 11.118748303053994 -1.986344602780516 3
active_diff 3.590866105642509 -10.6379159722797 1.2378955584963356 3
active_diff -2.2010146334408485 -9.669935288723924 -1.1803518294592092 3
active_diff 10.984159945584562 -0.6603103995108985 4.977769670694173 3
active_diff -10.081372327000212 5.7082610795764825 -0.853209133794173 3
active_diff 2.234307074634491 11.441286063422512 2.020445750057141 3
active_diff -8.768309949268298 -4.410202751131013 -1.696963741296302 3
active_diff -0.0015544761446942834 -11.542081846875423 3.7837430085390795 3
active_diff 2.710142175667031 11.683226372366276 -1.8691424691214302 3
active_diff 9.751722367038496 8.244835616749889 0.5416543250132951 3
active_diff 7.90763267057889 9.835445953867804 1.2450239362172308 3
active_diff 2.1897967705944397 11.08240140819358 4.129056704234423 3
active_diff -6.923358475618901 -9.177218562724196 -3.3907795764258726 3
active_diff 8.750495956972376 0.4733497691615039 8.660668229647388 3
active_diff 1.294461272707165 -11.206599729780848 -0.8550906859372907 3
active_diff -6.647190997261864 -5.882195753199459 6.348597148544268 3
active_diff -2.8917398892026362 -6.922065246209798 -11.954053691619603 3
active_diff 8.673934474004797 -5.7171656823064225 -5.935811231583502 3
active_diff 3.4171302769680216 11.597251648349527 5.691321140951587 3
active_diff 1.6230870913554578 -7.8286408141431245 12.555693553301058 3
active_diff 1.4853617305018099 3.248717333388118 -13.732976853122306 3
active_diff 2.7988854923177127 9.80987284368184 -6.671597659598413 3
active_diff 5.959175383620716 1.4040096445284478 12.369397362014979 3
active_diff 5.434203399689731 -2.857318856699774 -14.434106079521154 3
active_diff 10.989932639471807 -4.5551038252231555 0.4220301061335261 3
active_diff -10.675718226626158 0.19403520428832632 -9.015066079750964 3
active_diff 12.31550725432403 3.772765901798752 0.8239975666897259 3
active_diff 10.231749611372466 5.806511615196652 4.785194916354816 3
active_diff 9.923779425880983 1.383613646021678 6.501128163725115 3
active_diff 7.487810652659355 -5.025777795216244 7.798521260042717 3
active_diff 6.845057209456367 -1.403421963461433 -14.15974056246721 3
active_diff 1.2760872476747815 -8.33783792299876 -11.329541948099353 3
active_diff 2.0944353348389297 5.496832436110502 12.177277569898981 3
active_diff 8.61437876607638 3.241243000226193 8.644939504008386 3
active_diff 1.08758523249803 -10.043770369392808 -8.15660912559032 3
active_diff 7.94246762910734 6.695447606974652 -8.289910486796474 3
active_diff 10.739658991098528 4.177635665674746 3.0361678857654035 3
active_diff 1.315377484373685 11.98967110896482 -0.3626812475429544 3
active_diff -2.7517563678958847 -1.839187453590303 16.001697169057106 3
active_diff 9.062789742834026 6.4430475569721795 7.663485966372665 3
active_diff -3.8137054860580912 7.713119345367381 10.658191354396491 3
active_diff 5.9772718521313735 -6.191985205251945 10.290411268467082 3
active_diff 3.979854473513623 -10.601705042734206 4.557534032504278 3
active_diff 7.317965335366187 -10.72104444182939 0.3753852883882943 3
active_diff 11.219291078622621 1.741555455328391 -0.7581459082538992 3
active_diff -9.54845314431454 5.930205038924681 3.5426699755019935 3
active_diff 11.271249506052122 4.192623715413316 -5.6181266059843695 3
active_diff -3.3739855684458178 -7.8726716669805565 8.079921692941022 3
active_diff 8.44537455973288 -8.535531080623077 1.2861643258678874 3
active_diff 12.695006059946866 3.7792854887295437 2.902246353240051 3
active_diff 12.959229213847836 1.3064823046542495 0.12691151313269167 3
active_diff 3.4701433815238305 -2.6221356101972426 -16.20037260978064 3
active_diff -5.927504065486631 5.519598628488048 -10.715344064044874 3
active_diff 2.0101495705329326 8.784901180489456 11.696489245738361 3
active_diff -7.386344480495977 -7.404407331270574 -5.588431890074336 3
active_diff -9.536658269736565 -4.077333799670965 -4.858998255616045 3
active_diff 5.641838362349636 -5.793207617931246 -11.612267854851448 3
active_diff 7.931507244389192 -6.654738777110188 -7.565793982881454 3
active_diff 4.006130163403474 2.904906778266824 -14.522352715674849 3
active_diff 9.965322105994954 -1.070710501277272 9.034934590550302 3
active_diff -5.585019029367164 -10.065618817855892 1.7721503922174209 3
active_diff 10.712677873363093 -4.786791932646739 3.3119504242222186 3
active_diff 11.561950406794187 1.5075257833473403 2.1981970953874006 3
active_diff 3.7977893889578205 -10.533235268752616 -9.403272945453162 3
active_diff -2.1368451484169415 -3.302274414411689 17.21876772462624 3
active_diff -8.179367815261855 -7.708387541590954 -2.8086995406170785 3
active_diff -1.5126639154061485 -7.08600349249356 12.140439969640328 3
active_diff -1.237375003799134 7.827748733966691 -11.412366968553227 3
active_diff 11.725839961119524 -4.386877065570623 -3.3072316401795416 3
active_diff -5.265918659455879 5.049872446646584 11.110233836546492 3
active_diff 10.408939165123183 -3.2783512247533535 -11.959777433900657 3
active_diff -7.085734565821886 -9.008832101669892 -1.2302052590829828 3
active_diff 4.228773816353679 -13.096532298955715 -0.23067071121485117 3
active_diff 1.3370693934158002 -4.633800738727588 -14.357859963674905 3
active_diff -6.120709058172371 9.912083842989446 -3.6381736965738525 3
active_diff -0.8910695258078449 -11.162616944569173 -7.070716871447566 3
active_diff -6.881945829216593 -0.05125954887713369 11.774070893340495 3
active_diff -5.188552260839568 -11.547034637368746 -4.232320367127016 3
active_diff -8.30790716613893 -6.079856219019517 -7.121772530001377 3
active_diff 4.400642513607844 -1.8087614386974327 14.325973570016638 3
active_diff -3.4577471797409833 -6.325594613156495 11.468398070656528 3
active_diff -1.3701940752733173 -10.650385821938743 7.253611439277874 3
active_diff -9.20338964274029 -2.5000401020429273 -11.302703411955891 3
active_diff -1.4934094342774273 -4.132182953317672 15.485382640491427 3
active_diff 4.800660206965013 9.569446338243186 11.034524431727469 3
active_diff 8.16463244341918 9.087092815646107 7.87716861124007 3
active_diff -9.001220425331852 -7.455817436209931 2.3623167289593527 3
active_diff -6.103553473620289 -5.277504354409674 13.307874645755845 3
active_diff -6.546507007570562 -3.7411124607547106 9.558051211274444 3
active_diff -8.627676622620106 7.350319282920109 -2.2799617312319977 3
active_diff 7.828364134494783 8.408111382588755 -6.947486181292388 3
active_diff -7.131973843954031 -1.4759136937687791 10.24499745238844 3
active_diff 1.3625062909433505 -10.02349755406135 -10.137519881929899 3
active_diff 1.268457032904537 4.277717559879498 13.665657160915282 3
active_diff -0.8285528523257613 11.661434069688276 -5.210553066885581 3
active_diff -7.805357998437368 -4.989137147060482 0.7046905036768452 3
active_diff 11.414043296988245 5.607229860050936 1.5678092871537965 3
active_diff 11.178050616736535 -1.5053591374966375 -7.866319821875424 3
active_diff -0.33627412010691726 7.293893553173295 -13.829190986633579 3
active_diff -8.632667145671977 1.7347340730164105 -11.044711128888208 3
active_diff 3.9632937993418196 5.321564307400313 12.867675370238995 3
active_diff 11.229074532833412 2.660015769756926 7.3178302527944386 3
active_diff 5.265150634534222 -8.284837800264162 -12.330360487581185 3
active_diff 9.630595936619212 -3.7314212231078625 -6.2977931634454105 3
active_diff 3.992819030418729 -0.012366896712459996 13.288490440949895 3
active_diff -9.324583130599551 -1.8135279912214675 -8.669723539483993 3
active_diff -8.177094140419387 -9.736289045337923 -4.845285361315482 3
active_diff -5.3235966916028 -8.861320340932933 -7.188830009998102 3
active_diff -6.593584041491004 8.597456585548322 -0.9279000284542964 3
active_diff 12.792263824415272 -3.364518974193177 1.150666268702536 3
active_diff -8.603713815635105 -2.4381785293515383 8.18668093510385 3
active_diff -1.1802634155717764 -12.928254268714934 -2.0004777355274594 3
active_diff 4.108747526194319 -5.095597564803534 -10.521855591813955 3
active_diff -2.0505746203847575 8.74434653372407 10.085952064084184 3
active_diff -6.961905217391925 -6.109979081484055 -11.941552998123333 3
active_diff 6.575669696962372 -11.246979121172114 2.726205154272737 3
active_diff -11.441034589558676 -0.3107661604657205 -7.186861511802711 3
active_diff 0.864597745422581 -9.282881274455002 6.706340346989762 3
active_diff -6.2601223701239 -8.302352995351024 3.0987621780873 3
active_diff 8.931963126197227 -6.394199751734145 8.003081720772956 3
active_diff 11.970825178035783 2.74518732208122 -2.5384467731705995 3
active_diff -10.480130152125115 5.887645589243121 5.775154187307575 3
active_diff -6.560055812704007 2.4746025497782416 13.178654662466514 3
active_diff 4.856715036293919 9.506553403606304 -8.286635932490725 3
active_diff 6.194946936266949 0.9416166937836352 -12.68407730557932 3
active_diff 10.001745827760523 3.6042253886950366 4.914023264842932 3
active_diff -12.338299162754312 -2.9189975484573596 -6.563219659298612 3
active_diff 5.478768836293281 -5.042790215680281 -13.874813596744504 3
active_diff 1.1174838676948644 9.949185636370093 8.673472300838224 3
active_diff 1.6682648688157742 2.11100786084038 14.085432778288842 3
active_diff -9.60706146883583 -1.8035511660124501 6.4969818754329625 3
active_diff 11.656073257595454 -0.5926887840062575 -9.968873569150867 3
active_diff -11.059511066564017 3.370049297406527 1.0545581503569914 3
active_diff -5.622152526175833 -7.8371812889869545 8.18687541107795 3
active_diff -11.205828553989488 -0.024581218719514242 1.2207874054461698 3
active_diff 5.286785061800831 4.836756979892971 -12.299262057574174 3
active_diff 5.551804765305822 3.450955630367684 11.756785792291517 3
active_diff -0.7242204788288891 -12.33315859102376 -5.253414411245225 3
active_diff -6.602262061726825 -10.209913666257956 7.516299862282974 3
active_diff 11.75477155576693 0.44643261607989587 -7.596250132451786 3
active_diff -10.155139630401326 -3.8516263759193285 -8.34084157466727 3
active_diff -3.1862885505114047 -4.417203095796646 12.070785766463151 3
active_diff -3.0183030998239815 -9.944672670705502 -4.254884889413814 3
active_diff 1.1679073478127262 3.0561768622461027 -15.698212432355469 3
active_diff 10.970963928883407 7.016455324553734 -2.0127573927082203 3
active_diff -7.894789963557919 -4.910886243548492 -10.455806727985783 3
active_diff 2.2803863966693076 -12.263530588374701 1.2344556459574434 3
active_diff 5.342107793290349 10.257305876175268 6.68094383361832 3
active_diff -10.767494550634531 -4.257939232200526 2.7394510816792934 3
active_diff 9.27923150961138 7.929075898086227 6.342549657915618 3
active_diff 1.4907800930678445 12.871974437006264 -3.121670889654203 3
active_diff -7.591681928698609 -3.342851995248141 11.538321342102481 3
active_diff 7.2265962341720344 -9.926125811853836 -2.6134769810592937 3
active_diff -9.686451253900355 -2.2364541422721924 2.732813816490964 3
active_diff -2.5392256189869924 3.806264945677713 12.786884975427515 3
active_diff 7.220782291362337 6.95424740877046 8.33185103269249 3
active_diff -11.88058808986438 -2.1210886133469757 -3.697072526769938 3
active_diff -9.735424491427224 4.697362938888951 9.64923054928458 3
active_diff 10.68222319725549 9.346697869217698 5.248714495500779 3
active_diff 2.2640900533127204 -3.6866445096227327 16.746640538822767 3
active_diff 11.369056713939477 -4.513039398724532 -9.475554312356536 3
active_diff -3.9173056454018638 -10.054548110538358 -0.22829188409979373 3
active_diff -2.118464130091088 -3.8057378482621673 -15.161285503597249 3
active_diff -3.6084606876296696 -8.048756267227674 12.56837066512661 3
active_diff 6.463734259622651 2.9630216993689507 -11.57037837824257 3
active_diff 11.746512438460574 4.386929862802587 -1.0108968835272507 3
active_diff 10.181783284801703 3.069830142197866 9.875329973242442 3
active_diff 6.561669861593669 7.598380784807064 -10.658746369639399 3
active_diff 11.740886924646519 1.8635284670364314 5.475022969324263 3
active_diff 0.9370047830221842 0.06975731927751372 -14.44881124915442 3
active_diff 3.2200575974566843 10.989169584376372 -8.231044117557154 3
active_diff 1.3086194132020306 13.190791820565035 2.307381211784808 3
active_diff 7.112360871725672 -8.677069758010278 -10.276708329098705 3
active_diff -12.837256229985815 1.9311830338509286 -0.2686092000190401 3
active_diff 0.1909319965849421 -1.5310415927461511 15.384525979146964 3
active_diff -10.53087433371481 3.684480306874298 3.6518788664531785 3
active_diff -2.0417702867774135 -1.8617631777412778 -14.133387546870763 3
active_diff -7.356557828607178 10.796152571302336 0.004841332985453306 3
active_diff -0.09608557976106046 10.799979479064566 -6.958562192036252 3
active_diff -6.131533330961508 -3.456206065697787 -10.008323469201272 3
active_diff -10.470062593188999 -7.213110404266244 -1.7367506633132852 3
active_diff 13.42859162215963 -0.6927277004046426 -2.3679403343980447 3
active_diff -3.676454127862452 7.440926480247476 12.634823112932024 3
active_diff 7.888855832389066 2.7000261199634217 11.91727683222303 3
active_diff -3.8628709256627656 5.291225456943781 12.531208887447152 3
active_diff 8.308552834314241 -8.188300730533763 -0.9366669536456775 3
active_diff 12.817810247091229 -1.9926330409875157 2.6813095393774806 3
active_diff -9.181470907293672 6.342621191330189 11.993165727631505 3
active_diff -10.445631570024174 2.225580912340839 -10.157313778417205 3
active_diff 3.2608764008515987 -1.5009333436408197 16.289611177537395 3
active_diff -3.792078154689792 1.1343977101496303 15.773503869228357 3
active_diff -3.4897656669729953 -0.714887401424535 13.589964869798772 3
active_diff 2.3100688611858637 -11.349729363022313 -3.142138190039862 3
active_diff 0.9290343234684599 -7.3342950242544624 -14.45306152541405 3
active_diff -4.779144138404202 7.197402338571496 7.392678416337244 3
active_diff 5.521824305581259 -6.479718055427536 12.21648949618041 3
active_diff 9.936056996088503 -8.215756387740617 -3.165197231426868 3
active_diff -7.8256454759681615 7.250381110437895 8.352979895021146 3
active_diff 10.716948588128623 1.6461080775686285 -6.164701473867068 3
active_diff 1.0553051357024699 -9.98224706708644 4.618404423778715 3
active_diff 6.962228216911628 -4.706775496684022 11.342945365678261 3
active_diff 6.270222831246541 11.90437480323648 -2.8568839235471675 3
active_diff 0.9374595034550481 6.090708328193781 10.528074043494696 3
active_diff 9.166061781941671 4.346760148219211 -11.26000616074907 3
active_diff -5.339864101884233 0.7214159492673828 14.38738425037138 3
active_diff -4.156215754453879 6.741009728110085 -10.326137428927401 3
active_diff 8.967017268025947 7.453076763844362 -3.7237343275521746 3
active_diff 8.516913497924575 1.9002486143548958 -12.842008706440424 3
active_diff 5.7050743548374765 -11.888056195135057 -5.560974496340467 3
active_diff -4.083623577465511 11.176120809191694 -1.326023563309933 3
active_diff 10.541839801829985 0.22933934628874952 10.614351758899167 3
active_diff -2.0079459871146623 10.699549121110898 -8.973710256975185 3
active_diff -4.8605906175483256 -9.128307423261907 -4.595448696558797 3
active_diff -0.7931890335706975 -12.198912516937533 1.307701090531593 3
active_diff 5.577985859825878 -3.4574687059199856 -16.33651159955051 3
active_diff 0.23885231393364648 7.36880750644379 14.258063599516708 3
active_diff -3.3819646252959816 -4.461219417279805 -11.814065737368399 3
active_diff 8.515425797232037 -11.34528790115965 1.8506508732073184 3
active_diff -1.556581149432756 -9.46945932134343 -9.435590700937567 3
active_diff 10.329395751957975 7.018104724661809 2.51921656929914 3
active_diff 8.232659990416686 -2.4781159488858324 -13.005957298704416 3
active_diff -3.9108825367312385 -9.735228214905025 7.587352153454855 3
active_diff -6.968959656413325 -6.949468411299284 9.92539390506843 3
active_diff 0.6672675841120549 -13.385087115368947 4.178722289032417 3
active_diff 3.246316565053797 -5.893378750479209 -14.214901640955146 3
active_diff -9.595739261772662 8.284038163521606 3.1115016847252264 3
active_diff -5.761987771814217 6.756135805632795 9.842680152665894 3
active_diff -3.7736698921715828 -11.43172521254067 3.301784231589006 3
active_diff 6.120002191186657 -9.214206621787282 -6.130121754609293 3
active_diff -7.104763249732534 11.89059458755708 -2.2680767590376663 3
active_diff -12.148268186873754 2.6003905807960193 -4.842252088729823 3
active_diff 2.3714681916695235 13.53897180208484 -1.2046811590047908 3
active_diff -4.589404067841842 -3.405741815201802 14.964603121441607 3
active_diff 0.24660993607022919 13.646500861044638 -0.027045879447526955 3
active_diff -7.435726320027592 9.00302134446728 -5.838102256892484 3
active_diff 6.96086973667676 -7.630281437136113 7.785448031470916 3
active_diff 2.895936560404329 -7.747239088192773 10.637210416995254 3
active_diff 0.671716995170557 -1.874030962896206 -15.847747846596455 3
active_diff 6.111505377480879 10.445961176051533 3.579187592262025 3
active_diff 1.4722102400733426 11.520282118040793 -5.076523212966258 3
active_diff 1.588428262106967 -11.28986556154081 -6.492453006220076 3
active_diff 11.864623217684434 3.8706539531521202 -7.500742634422767 3
active_diff 9.417307224106812 -6.1047724692745025 -10.476129590687787 3
active_diff 7.736406859385654 -3.4571470541626153 13.745427213583776 3
active_diff -0.8990736991780169 3.1955013364163802 -15.833725057148728 3
active_diff -9.412335386728454 -0.45009503655340044 -10.910102710186447 3
active_diff -10.610011018946802 -3.8429203763985793 -1.1618676029594721 3
active_diff -0.8438674265429666 -9.339581364483927 9.877852129933007 3
active_diff -12.619105107738458 -0.2655867397132947 -8.905543940834763 3
active_diff 3.2520850020667047 -5.138312540549209 14.5551741433331 3
active_diff 8.961973477979774 -6.720873422597796 3.3367644318382066 3
active_diff -0.9514738286639204 12.778258125991583 -2.6310354010681376 3
active_diff 1.6299715205771974 -9.578302832792245 11.586861563154686 3
active_diff 3.664267868661801 -7.063350793000208 12.902275296700912 3
active_diff 5.975559124494933 1.2728767384013 14.36502651944018 3
active_diff 1.781646318310576 -9.213879511101212 -13.054929197969019 3
active_diff 9.670822921242538 -7.257935299385968 5.912711143308561 3
active_diff -11.322946278909333 -0.6933250521563946 3.3857539405235437 3
active_diff -2.784395583972614 -7.011245818216423 -13.949178756800043 3
active_diff 10.473804631341556 -6.40355931787854 1.1204721263254598 3
active_diff 5.22707972695418 7.029025868281915 9.803344437576895 3
active_diff -0.03614802837141923 0.4522535724542722 14.641104353445488 3
active_diff -1.7177144194687823 12.74841596561762 0.9896919113472701 3
active_diff 2.3896472697452213 8.388064939288865 -13.986233137815873 3
active_diff 8.444053762096498 10.007454473658395 3.7141258290272168 3
active_diff 5.396739112869726 -9.212921176164736 5.104643397192643 3
active_diff -13.194487334747414 3.747406242745846 2.5770600368766834 3
active_diff 0.8133813099030229 -13.024124866266604 -0.1730610328936697 3
active_diff 12.122040076092823 -5.179532374895298 -1.1038865817304406 3
active_diff 8.660786110407829 -9.613881520433107 -5.956174400536691 3
active_diff -5.102922448443607 -10.552558500247985 5.830590928002334 3
active_diff 0.9479540872675419 -9.968723226459648 8.9543625151289 3
active_diff -3.3891672289526342 0.005054160829112531 -14.451989169865856 3
active_diff 7.295927337348636 10.511840387136493 -6.652361050710733 3
active_diff -5.235464369144623 -2.6895049765972363 -14.448034647633579 3
active_diff -7.318220098955379 -2.408085493335788 -12.53804934119557 3
active_diff 9.837730112704858 -7.004385966935417 -6.930116843647705 3
active_diff -7.0360920277097785 -7.011771856345894 -8.397700607921136 3
active_diff 14.09239165990047 4.071599551431202 -0.043977236554363586 3
active_diff 8.103830163492875 11.883865310012776 4.824482996262888 3
active_diff 4.162142169566507 -12.584071087615516 4.749877631226376 3
active_diff 8.60582837548313 -3.4406959883736246 6.943453649277272 3
active_diff -5.35300252293305 -8.756195857219337 -10.187630128626749 3
active_diff 9.041366923638977 7.832914530162373 -9.514079322836556 3
active_diff -6.462877462328159 8.687934060697753 -8.632490830382237 3
active_diff -1.5985764743788617 0.026400937658491178 -15.349405615993993 3
active_diff 5.864570567961474 -11.534481992496616 -7.590633233864356 3
active_diff -2.429209571539853 3.38462490233727 15.233902502910416 3
active_diff -7.897629616676927 -7.312527288576156 0.517705971171045 3
active_diff -4.797589172842297 12.491296243065994 2.7918753841832675 3
active_diff 3.39241675008315 11.855931348129566 7.674367800642331 3
active_diff 10.54429383410587 -2.407208176043981 7.479859849932672 3
active_diff 3.125313832749008 -10.343702231663736 9.338638085051596 3
active_diff -9.422495610490135 4.06583996123728 7.707022324711557 3
active_diff -10.912581891310166 4.903309903565656 -8.847657457639501 3
active_diff 10.546782869829542 7.09516424621628 -7.596088928889456 3
active_diff -9.361345894470574 -7.509291464810662 -4.606192342927544 3
active_diff -10.002587829350585 -3.790241709917616 5.933753054411832 3
active_diff 8.67309327160843 -1.1094476010731331 -14.915956953277389 3
active_diff -5.15831102168368 14.071971639940948 -0.31026390064797127 3
active_diff -9.047009234956178 0.4104939535566161 10.588801244957224 3
active_diff 7.834758019731375 7.1619299220002395 10.545180604844353 3
active_diff -8.90046949699178 5.31736614902938 -10.031264989573346 3
active_diff -6.507272177705653 8.648536046754382 7.507394948065893 3
active_diff 3.673261820525267 7.504679200383077 13.712660561067992 3
active_diff 5.971714153545131 10.99399717786103 -0.24961538048891874 3
active_diff 10.837878430862148 -5.027804644292008 -5.014094004949362 3
active_diff 9.146054198741066 -1.6108345328656344 12.874755196928508 3
active_diff 8.176499737488424 -5.640287987080071 -12.91758428893271 3
active_diff 0.04105841583181968 7.68665621209778 11.608985955694529 3
active_diff -6.283753755488799 10.112275878051763 3.3003702185549106 3
active_diff 4.283703860693129 -12.244430884989356 2.206959890941765 3
active_diff -8.423496512733845 4.958556512326477 -13.067217265038957 3
active_diff 11.401979639104779 6.779668457149966 6.08270308324745 3
active_diff -3.9255917583373225 -10.340594479202046 -8.86308252105731 3
active_diff -7.897372012653518 -7.270823871336503 4.6398809289282035 3
active_diff 4.656244309759331 -11.109668429720521 -2.9073484568836774 3
active_diff -7.561662079595001 0.12235630429482813 -14.65506157671376 3
active_diff 10.196807299276868 2.96020192710192 -8.74019612418298 3
active_diff 8.154404546025077 11.816447662526306 1.1236325370949245 3
active_diff -11.545294959170011 0.5124519988898012 5.62714023287043 3
active_diff 10.832517081345891 9.826180344773615 1.1171815934174656 3
active_diff -0.7164287244819321 -8.183860666315615 -11.80984521533593 3
active_diff 11.08395234552071 6.625213535444069 -4.774447133247859 3
active_diff 8.062390436267485 -8.590122851173813 4.055468247494693 3
active_diff -5.5293346764926365 2.913865744596059 15.993567164718746 3
active_diff 5.444446487593108 -5.1294280631217894 13.705742137281625 3
active_diff 12.774871018656334 -1.4110355428242611 5.457108394328383 3
active_diff -9.401944256613923 -4.899329390866503 4.084233407320414 3
active_diff 6.7056780864616075 -9.653971633030011 7.8969390350301385 3
active_diff -0.6603441044850935 10.119699028012697 9.634519253014224 3
active_diff -6.17078565758346 -0.9519881065396675 13.439644573552583 3
active_diff -3.247871058059731 1.5512409801961358 -12.642389113126656 3
active_diff 3.459376242079534 0.7371415784431046 -15.942728009539401 3
active_diff -2.808139320096136 -11.842388158425623 -3.5816985053868526 3
active_diff 8.979718222803069 6.5382413911309065 -11.91170958666972 3
active_diff 10.888279610035607 9.289665740085999 -0.8510565710571384 3
active_diff -3.273432112811149 4.004684890903378 -14.439671844499179 3
active_diff 12.372520587584505 2.5315799665172007 -4.663600026450996 3
active_diff -2.065416955496286 0.30494912479752134 15.12792027706756 3
active_diff -7.622206510613364 -6.841732022644683 7.807581348713363 3
active_diff 1.69851898828373 9.660093498017183 -9.547125726828176 3
active_diff 3.8103197331183996 3.3071417360399846 15.786983139377645 3
active_diff -5.509472049818927 10.792731886229895 6.886763010274671 3
active_diff 11.026637782722545 -5.326580772390368 -7.653788045169677 3
active_diff -0.5363030891926142 -6.411858560019235 14.631614130963632 3
active_diff -12.84827501839632 2.8441269029505434 6.790211830296506 3
active_diff -3.056209536882196 12.750085767361014 -0.5437866446608741 3
active_diff 8.206134046389542 10.701009956538524 -2.9410874873424815 3
active_diff -0.749480900398964 5.09612880434288 -14.412211633621954 3
active_diff 11.085475503375521 -7.290008468915954 -1.20993542258112 3
quiesc_diff 0 0 0 4
quiesc_diff 0.7450826347472032 0.037795025185630465 -1.8556463573292685 4
quiesc_diff -1.0796264967752942 1.1904473446433013 -2.3586425563805515 4
quiesc_diff -0.5325766888231412 -0.05002191500697449 1.9271377424930514 4
quiesc_diff 0.5413925358470277 1.4160014533774277 3.008170766328314 4
quiesc_diff 1.673344556170517 -1.1185546093627665 -3.1977288167613582 4
quiesc_diff 2.025560412379664 -2.22748842931908 -4.824446301019751 4
quiesc_diff -1.7446691874570823 1.7649301084423408 0.8684541511471574 4
quiesc_diff -2.211410853703669 -0.5273732287544325 2.903688596311467 4
quiesc_diff 2.0913989393672376 2.393459256251069 -0.6411737410986513 4
quiesc_diff 2.4337082842927384 -0.08621187282564562 -0.7911437951235498 4
quiesc_diff -1.5703420278448719 2.9273678878610205 -3.2202139661402795 4
quiesc_diff 0.33260862329750623 -1.9326947743696192 -0.392507850663531 4
quiesc_diff 3.9717171164769063 2.301642983103903 -1.3164317101862721 4
quiesc_diff 2.0969590588387406 -2.377849474878338 0.43749506090994683 4
quiesc_diff 0.7243049294644324 -0.6542717426209264 6.192584302908685 4
quiesc_diff 2.1263088996341635 2.600293909126219 3.300560060004163 4
quiesc_diff 1.0746591207786707 2.8084381858440457 -2.413487742580609 4
quiesc_diff 0.7787891828479038 -1.5215084241582695 2.2663235381894165 4
quiesc_diff -1.008051775479455 3.381624997281996 1.7869814641711725 4
quiesc_diff 1.822404994700292 0.4977576657027514 1.26352944056567 4
quiesc_diff -4.058039060099871 -0.06596567840257339 3.5177466878795567 4
quiesc_diff 2.630459624353697 -2.089211414913078 -6.72575543176103 4
quiesc_diff -0.27326927328620054 -1.0798591854450499 -3.655109689924723 4
quiesc_diff -1.4735690867621454 -1.0022264819263726 -0.9078194894715926 4
quiesc_diff -1.7865105672727166 -2.3543963651880073 0.5322167033291542 4
quiesc_diff -0.2714621529242918 -0.46318182809082364 3.8664979682796057 4
quiesc_diff 2.396437861369823 -4.303179046776409 0.8885144467564332 4
quiesc_diff 3.7070425465032564 3.749795730841808 3.7247377344855996 4
quiesc_diff 1.977886247044528 3.4011389254316433 1.0826872025397205 4
quiesc_diff -2.3248265097511487 -0.048595658163520294 -3.314806436100125 4
quiesc_diff -2.2436075636198405 1.086352346959022 -5.784680464715985 4
quiesc_diff 0.3485521845375349 -3.636349687336649 -1.4400314734894257 4
quiesc_diff -3.296195594188763 1.0679724583332462 4.978492673841746 4
quiesc_diff 3.7818268444362566 0.7341280539339146 1.5872500830102643 4
quiesc_diff 2.3400193456245093 0.9255911853504138 -5.148664813912442 4
quiesc_diff 3.7325607790837676 -1.2308976464513426 0.21019364871546853 4
quiesc_diff -1.7038365423722286 1.829919906990393 2.8669808637982688 4
quiesc_diff 4.464032948631789 -1.9574075969387814 -7.513560368317781 4
quiesc_diff 3.4663418754128887 -2.901467602270841 -3.612051625096477 4
quiesc_diff -3.521219649350372 1.5470967295434987 -3.804156588673832 4
quiesc_diff 0.41598132239267577 -0.5705537064887378 8.16690136046262 4
quiesc_diff 1.90344623831911 -3.1254283719594085 2.66954470408281 4
quiesc_diff -0.09765108623813304 -3.01072018413358 -4.1459600297651695 4
quiesc_diff -2.0173908085810184 -1.1520493794376154 4.7936981012765205 4
quiesc_diff 2.0654775453892578 -2.2905229494958674 -1.6252397298383234 4
quiesc_diff 3.975466232567891 2.969403525431478 -3.2016589649857883 4
quiesc_diff 2.662844007776722 0.6515517754217827 5.762814679848197 4
quiesc_diff 0.823864445058447 -2.5093945621395797 8.43989860349546 4
quiesc_diff -0.878024837005236 5.053430430288181 2.8770087984348716 4
quiesc_diff 1.3830793337011846 4.356801249759534 -1.1857056794427436 4
quiesc_diff 0.053229243839301 -3.636879709104698 0.6163037623522706 4
quiesc_diff 4.808509715057412 4.073416027812573 -0.9156843770639466 4
quiesc_diff 0.21335488992148188 -2.210743937778582 4.7096937389935905 4
quiesc_diff -0.23195100361164134 -3.186635514044674 2.7199269442636638 4
quiesc_diff -2.4790260700480475 -3.8445196487444298 -0.6079389343882834 4
quiesc_diff -0.8229094889762463 -1.7517495041654536 6.826358794573099 4
quiesc_diff 3.532938948613042 4.62270413495117 1.3820023111393054 4
quiesc_diff -2.3072891849987904 -2.149667682606172 -2.3178866824729685 4
quiesc_diff 4.143273484708486 4.731239022087935 5.411886700825133 4
quiesc_diff -4.592833277673123 1.3014289759409583 2.1597234906833727 4
quiesc_diff 3.7694252871535476 -2.8083280448876926 1.4462293747454307 4
quiesc_diff -2.4966524013587152 4.324705512942523 -2.129619333175203 4
quiesc_diff -3.8891757927856596 0.9987409905811305 6.887309450786268 4
quiesc_diff 5.956936553976351 2.705359439981148 -3.1379715540150643 4
quiesc_diff 4.688534440365481 1.4111239100002297 3.2363583106148943 4
quiesc_diff 2.703034414561408 -4.118461442669355 -2.1273971789974944 4
quiesc_diff 3.455312731225237 -3.1013906513940084 3.9309457410988964 4
quiesc_diff -0.16918670942247804 -4.984193378795922 -2.8239620429453156 4
quiesc_diff -3.8606340567897455 0.46496256682215686 -6.784230394198298 4
quiesc_diff -2.1844880026787354 -0.2598969505940033 0.819373561544223 4
quiesc_diff 2.036866906703536 3.4060878242716752 5.128864273261671 4
quiesc_diff 1.0905339034767756 -3.3186790269550652 -6.383647020403653 4
quiesc_diff -3.36146258265041 -2.072628752686622 3.6335236817608925 4
quiesc_diff -1.2838846113888034 -3.798346154508193 -5.550415566476839 4
quiesc_diff 5.444829115939052 -0.2744505717438762 -0.1814007024776645 4
quiesc_diff -3.772532880385718 -1.2037818868105967 1.852323129352051 4
quiesc_diff 4.834333838823986 -2.2567232349804662 -1.2713970649015152 4
quiesc_diff -2.5344545090107795 4.101355112451759 0.11708745657442776 4
quiesc_diff 5.6648113278442835 0.8698777721366054 -4.410589019347914 4
quiesc_diff -0.9746711667229088 -1.380251490004714 -5.503838941936692 4
quiesc_diff 5.282516628320114 -2.10417262437109 -3.8686251722875573 4
quiesc_diff 4.716903444826157 -0.31044468751351695 -6.40740952547044 4
quiesc_diff 0.7875592814256589 -5.370173488626939 1.411039638548106 4
quiesc_diff 3.332913723513742 -0.7903043013428923 -4.349757874617665 4
quiesc_diff 0.3959801272437117 -6.382115543382148 -4.137887485461478 4
quiesc_diff -2.2795181479917415 6.275953748545588 -2.511041722490113 4
quiesc_diff 5.537136645986904 -1.9810910996548419 1.0093362662013046 4
quiesc_diff -3.599304782762001 -2.0909424548321556 -0.2705093828339914 4
quiesc_diff -1.206708666121662 0.714370234772301 5.185090057896012 4
quiesc_diff 5.79455868340371 -3.539668364885847 -2.5735711530320833 4
quiesc_diff 1.5580024318209622 4.034033725669085 6.966355160208769 4
quiesc_diff -4.146924628187361 -0.8282812751910257 5.364629003209592 4
quiesc_diff 0.4413367899370442 -5.524447619823815 -0.5527142866754351 4
quiesc_diff 0.6034153129468047 1.1773345640546886 6.986690113216313 4
quiesc_diff 0.7066236440604076 -1.2034969847850445 -7.063749460464988 4
quiesc_diff 3.015397349632997 -5.678918406812374 -0.42458507922658284 4
quiesc_diff 3.5505092163715046 -2.5782705990353634 7.184713693326383 4
quiesc_diff -0.5424180442618091 2.8005309928431146 7.973358275458821 4
quiesc_diff -5.668858601744041 0.014169974474027514 -4.393395267771321 4
quiesc_diff 6.034698436593413 5.639864733443433 -0.709045387990462 4
quiesc_diff 1.8104389227099285 -4.125465527816739 9.084092234278938 4
quiesc_diff 5.425516525279731 5.2020956635936315 1.669153095285536 4
quiesc_diff -4.421958826760165 -2.3603032505992996 -4.84501595642186 4
quiesc_diff -2.963785251116803 3.9338804865188983 -4.242587856779363 4
quiesc_diff 5.749811421480219 4.666843881010252 -3.4691481943283615 4
quiesc_diff 4.788547066575335 1.6756938336405094 -6.631286648577644 4
quiesc_diff -1.3922559460230928 -5.77642169822273 -5.275692438240387 4
quiesc_diff 2.779887672821696 -6.046065279913384 -2.6550685003111285 4
quiesc_diff 3.802591378947727 -4.0924160073529725 -5.183222579450236 4
quiesc_diff 5.944288793091477 2.9150375137503124 2.834705627236388 4
quiesc_diff -2.7731179687970497 -2.30680945935182 6.241249695226924 4
quiesc_diff 5.356142212255603 -2.509815178068683 3.7388891259934836 4
quiesc_diff 4.996760496337543 2.924006510504307 -4.920640389500582 4
quiesc_diff 1.2180029979790268 -0.8596760979127241 9.976091641960656 4
quiesc_diff -3.8825853793232907 2.8708934991485586 5.6153778601000806 4
quiesc_diff 1.758149286540981 3.598791669859786 -7.069851982836715 4
quiesc_diff 0.9181907825753565 -4.2006678123767855 4.038168769594627 4
quiesc_diff 0.5469800928498874 2.0741454981824217 -8.137970079037773 4
quiesc_diff -5.833774088136792 0.7769987859448478 -6.687525613285493 4
quiesc_diff -3.279187339946686 5.792869461260275 0.8813859704425981 4
quiesc_diff 1.7552352972891747 -4.2013125189031975 -4.648540657196866 4
quiesc_diff 1.1549588409300124 -5.2788500402866765 -6.775538620120553 4
quiesc_diff -3.7008547273880428 0.16665534661026832 -0.41297585884924914 4
quiesc_diff -1.170457904163621 -1.7938127222080957 8.795480625437975 4
quiesc_diff 2.5320377551930404 -2.198187700652845 -8.720357473476943 4
quiesc_diff 5.057325868864154 -2.4408858000067584 -9.361329925908855 4
quiesc_diff -5.339263551181991 2.048453925321031 7.779132441961563 4
quiesc_diff -2.875576644049179 3.456107826204139 -6.588904876156321 4
quiesc_diff 6.738679915748147 -1.69177426461519 -1.0383762928944356 4
quiesc_diff -1.5878864866225997 -0.4315548303799991 -7.154275738502143 4
quiesc_diff -2.818581777344192 -3.8803859530114067 -3.179973774070002 4
quiesc_diff 1.1519221256948189 -3.1369695434377807 6.213421663637556 4
quiesc_diff 4.854431938233623 2.3857616707567586 1.2385027410266525 4
quiesc_diff -4.021445273550267 -4.818965144470794 -1.4273283268789243 4
quiesc_diff 2.1183924567776047 4.845113219390158 3.1989331208744076 4
quiesc_diff -5.308071821288028 -2.016044185700771 2.8434589014712204 4
quiesc_diff 1.575232096470716 6.297782203435957 -1.6280519840790557 4
quiesc_diff -3.073153625386134 -3.6840129787334 4.782574951813196 4
quiesc_diff -6.491488157101617 1.6593766940695542 2.676427545156437 4
quiesc_diff 5.960803708770927 2.2212057890206545 -1.1239105784521817 4
quiesc_diff 2.4409789593405296 0.011645302275604674 -6.924758865253451 4
quiesc_diff -1.841398154013505 -4.372374727321926 2.659079691573294 4
quiesc_diff 4.382492484574436 1.637088744006357 5.4953712282543465 4
quiesc_diff 3.283460954273151 6.473321851235892 4.9366290560741675 4
quiesc_diff -4.489624031031157 1.9035848737687933 -5.517372616082011 4
quiesc_diff 0.6241317573590093 -6.086040382859949 4.637251034528687 4
quiesc_diff -5.155812360103582 3.011299444523316 -7.043531696894302 4
quiesc_diff 5.69812579788257 5.272292077022309 3.649243155871847 4
quiesc_diff -5.092855785208427 -1.3474305655153946 -1.3734579190476701 4
quiesc_diff -2.1999507173615873 -0.2128900515201334 6.65262492600429 4
quiesc_diff 7.048274045998644 3.880201846776753 -0.8686845100352615 4
quiesc_diff 0.841244757547543 6.24320425021327 3.842544202105401 4
quiesc_diff 6.819240828121272 -1.778256059993589 2.530870627574449 4
quiesc_diff 5.3673744713039175 -3.9927337280784903 1.6553742587337976 4
quiesc_diff -5.420640279288461 2.130466951990041 -3.5763837761428716 4
quiesc_diff -5.874172596301473 1.5540758906368877 -8.529947696821594 4
quiesc_diff 3.813879867491572 -7.417070333113211 0.1595840313663368 4
quiesc_diff -3.2192866476605815 -4.88243543460498 -4.863818316580615 4
quiesc_diff 6.807994165155836 2.357802694852358 0.8109364640483328 4
quiesc_diff -4.087743975335421 5.124096996114307 -3.093631179380525 4
quiesc_diff 2.7644305912797718 -4.8749922148325435 3.1142157101849617 4
quiesc_diff 3.286013050820574 2.9193854050257917 6.613032277814303 4
quiesc_diff -4.143117015725754 1.459905161215796 9.270052901941318 4
quiesc_diff 2.924921856572781 -1.0139998095145815 2.045248789132556 4
quiesc_diff 7.348043806690161 2.6216679936221436 -4.572480652366613 4
quiesc_diff -2.888507516381505 -6.432482831823063 -6.429302002685409 4
quiesc_diff -3.037852972070276 -4.502921645966466 6.606894676698622 4
quiesc_diff 1.5343825169897058 4.007270489729755 8.966036592043706 4
quiesc_diff 2.8879930187088774 -3.8716068752911212 -7.595665182031506 4
quiesc_diff -5.425964846216303 -1.2167081461413027 0.7271584097712582 4
quiesc_diff -0.9324852941019117 0.3213324458944109 9.344261490323838 4
quiesc_diff 4.381355645737642 5.722416956891021 -1.9636993277979413 4
quiesc_diff 1.064784096995841 5.930058434756746 -7.066255641481957 4
quiesc_diff 5.525572576768212 -5.0569350766131596 -4.865356637596522 4
quiesc_diff -5.111512932269454 1.740108029424491 4.475644052348675 4
quiesc_diff -3.3177954417867976 -5.679520469943501 2.324982316243949 4
quiesc_diff 5.7067252696772535 0.49832652514948683 -7.961983837364461 4
quiesc_diff 8.180165076721194 -1.471406631873912 -2.407156274167729 4
quiesc_diff 6.842731457233096 3.0571116644989904 4.615889423181981 4
quiesc_diff -2.4234237745629037 -1.3020080332866926 -8.74932704238263 4
quiesc_diff 1.675783093850167 -6.77132285108072 2.5281067462625155 4
quiesc_diff -3.665965223971684 7.665732937219884 -2.8935052007916147 4
quiesc_diff 5.831072473726794 -0.9605492102554918 -10.461293458262146 4
quiesc_diff -3.819690527542799 -3.668758809650786 2.518895496321787 4
quiesc_diff 4.243106904368428 -4.076853999036676 -0.6903852632051639 4
quiesc_diff -3.33484715169884 2.865202941098851 7.538903386717263 4
quiesc_diff -3.4984886036518774 7.770705518549493 1.081564606225613 4
quiesc_diff 0.44705025579094093 -1.4036045927831005 11.739546677333182 4
quiesc_diff 1.8951833308111428 1.5476775445829971 8.467967084210006 4
quiesc_diff 5.984854427286376 7.420522288989455 0.200225883200413 4
quiesc_diff 3.795349810579808 3.243659112320562 -7.419491767690794 4
quiesc_diff -1.862476293707894 -5.747086892701331 -0.6181494934889348 4
quiesc_diff -0.46642549067923533 1.5868162151776564 -9.791910614002093 4
quiesc_diff -1.0180046621151166 -3.7038129665855104 5.214172211106884 4
quiesc_diff -0.1902672066489104 -6.990072985697676 -2.3249611737110656 4
quiesc_diff 2.725572042485407 -2.24879317686039 9.001677146943985 4
quiesc_diff 3.044521073605818 -0.1776883173802265 -8.822096393680116 4
quiesc_diff -2.0008352160506315 -5.741719832172974 -3.0908279654622985 4
quiesc_diff 5.982625108736429 -1.788835296737719 -5.946638567112707 4
quiesc_diff 4.303669002550684 4.46853167246599 7.388059296098822 4
quiesc_diff -4.4284901977857185 4.586862246904371 -0.3035211881803563 4
quiesc_diff 7.366508522285099 0.38524166328538423 -5.342980836359306 4
quiesc_diff -1.2837458113499174 -3.780840395818296 -7.550338947296025 4
quiesc_diff -5.977342399113119 -1.2410952574830976 4.561460953947279 4
quiesc_diff 2.2079190446193935 -6.097338195693307 -5.095937637356187 4
quiesc_diff 0.9472380453733693 -1.9138494942322795 -9.906764513292968 4
quiesc_diff -7.594110891266046 0.2426972273474051 -4.884494968834583 4
quiesc_diff 4.002226758796789 -3.9496044934274686 5.657624149091624 4
quiesc_diff 2.3194094583955605 -6.729118325321527 -7.510913803891516 4
quiesc_diff 3.3891281107594993 -7.830153960599605 -1.987345752287182 4
quiesc_diff -4.513742065247827 -3.3416231664969733 -6.585299571179897 4
quiesc_diff 6.593981816077082 1.0013347972843623 3.6850711157512253 4
quiesc_diff 5.581744163972644 4.2979651788198865 -6.251065767475861 4
quiesc_diff -5.0098089109521045 -0.6856963847531827 -7.948438765461992 4
quiesc_diff 0.2108316551976337 -4.897900823883831 6.329480923871365 4
quiesc_diff -5.475018465880737 -0.6946511340617321 6.8540281248900925 4
quiesc_diff 3.7615397807552364 -5.634405589573326 1.4921141828756834 4
quiesc_diff 6.249985159816172 -2.196708557384147 5.500425111768325 4
quiesc_diff 5.088945394859815 2.0589176555441533 7.31827678119453 4
quiesc_diff 6.8063566139372895 6.2448899888998275 -2.8418661702989656 4
quiesc_diff -3.7893971019378654 -0.41609766983945906 8.297371781973075 4
quiesc_diff -5.189857269429488 -3.2994378468616623 -0.8564954268931027 4
quiesc_diff 0.06080156031656947 0.006418192227332309 -8.519434557106386 4
quiesc_diff 5.838935864258142 -3.371831578648046 -7.1833380605191355 4
quiesc_diff -2.2232568486298216 7.511504929145644 -5.679236846616799 4
quiesc_diff 7.2561642797688135 -4.211138559357847 -3.762199294466546 4
quiesc_diff 2.0274792184960266 7.861324291523408 -2.7902949360469123 4
quiesc_diff -6.999401299328034 0.30812279792433683 1.292181487511317 4
quiesc_diff -0.6342816340162174 4.504883850421281 9.015827660017703 4
quiesc_diff 1.9253261901785717 -4.258019262661756 11.076384989662099 4
quiesc_diff 4.309605878504398 -3.602695573136197 8.725598416456965 4
quiesc_diff -1.3008681359456986 -3.5882342319511804 7.457927774492882 4
quiesc_diff 3.7793510371593886 8.355649138593606 5.395907848273016 4
quiesc_diff -3.5549422232426506 -2.9459290149787742 7.967597582755908 4
quiesc_diff -0.9255442752777767 -3.2131880253064673 10.183065240277868 4
quiesc_diff 7.2313611430828555 -2.0870078215657726 -4.3177470119077555 4
quiesc_diff 0.5638630804974558 -7.499490605755965 -0.26255482734019076 4
quiesc_diff 0.6225898557821309 -3.8467113086915288 -8.255066342114139 4
quiesc_diff 3.767355815786287 6.573541950200459 1.0087992149864706 4
quiesc_diff 3.51132646719328 6.926539751076827 3.0020306886383272 4
quiesc_diff -6.420069128734809 -1.8245941373462462 -2.7914916515389487 4
quiesc_diff 8.750076606099935 2.4140866816105024 -5.983584485641373 4
quiesc_diff -4.803133510140174 4.20286656288199 -4.980452663333033 4
quiesc_diff 3.403046716782229 -2.072878093055308 -10.516364403050178 4
quiesc_diff 2.579650807797708 1.681574989289187 10.342420537152703 4
quiesc_diff 8.539799411610161 3.357657173289887 0.7771487399211684 4
quiesc_diff -5.411301753918564 -4.448722745751455 3.445410451655474 4
quiesc_diff 0.19830670669858935 -8.111909462342181 -5.122132483792119 4
quiesc_diff -6.855659147552675 1.2833680608675722 5.34128981178832 4
quiesc_diff 3.615339131648272 5.37036287366154 -7.039712122909777 4
quiesc_diff -3.475938075377491 6.77616406466318 -0.9884225984135055 4
quiesc_diff 2.179788083803268 -4.831167686704768 5.4562104325957 4
quiesc_diff 3.316201498383771 3.158499215529189 8.598457482464498 4
quiesc_diff 5.533523570098659 -5.305620515759088 -1.6717542811295925 4
quiesc_diff -0.5742546508104324 -1.9854781677525104 -8.385814596233107 4
quiesc_diff -5.7350458007888045 -0.9570828038363708 -9.79245093059464 4
quiesc_diff -5.070266563273297 -5.350847020850538 -5.459187057672443 4
quiesc_diff -2.3769612255001182 -7.705979198356894 -3.1054692555130683 4
quiesc_diff 8.124972355884413 2.809263195150459 -2.1701495129999913 4
quiesc_diff 1.559012406128034 6.566544651118511 -8.89672653030642 4
quiesc_diff 1.4646964713454484 -5.990053608384968 9.719523935665773 4
quiesc_diff -1.450689753675542 -1.6682908153414093 12.31271686153502 4
quiesc_diff 3.053369440937132 5.205217686685934 -0.47021016299880936 4
quiesc_diff -0.7621397896519047 9.66595049963591 0.32722461381208623 4
quiesc_diff 2.4638662055220832 -2.0227764291431223 11.022524863710743 4
quiesc_diff -3.7897081695570334 6.4706764833154535 -4.542043531966323 4
quiesc_diff 6.1288825010824945 0.8519484700226522 6.0730187508923095 4
quiesc_diff -1.0941700078890868 0.7162025417907261 -11.479503175263456 4
quiesc_diff 4.455413614882682 -8.616734280251226 1.6256129754515336 4
quiesc_diff 6.70800280542217 2.868467846025447 8.168736415977289 4
quiesc_diff -1.4002532311090805 -5.586401249657709 4.657622673382399 4
quiesc_diff -4.067303466636503 -4.1849198464070705 0.5588955084173083 4
quiesc_diff -7.499579706179471 2.2598928190319256 -7.602653681555104 4
quiesc_diff -5.427237166488686 4.129067037670418 5.791588539033383 4
quiesc_diff 4.718818458957198 -4.633145245916836 3.69161095853118 4
quiesc_diff 3.7987725083990056 -0.13222014090828782 9.023852812261563 4
quiesc_diff 7.499478453582832 -0.2082644776298903 -9.654764371719669 4
quiesc_diff 5.741178380094333 -3.178634675016868 -11.089934085427597 4
quiesc_diff -2.7620199834898487 -1.7302233396500064 10.004979090950295 4
quiesc_diff 6.405014969986614 3.5373027012804314 -7.907452731693054 4
quiesc_diff -7.088022383823053 -1.9249751746989152 1.585017697733309 4
quiesc_diff 3.908256798745754 -6.563364092186722 3.2571949790587498 4
quiesc_diff 7.8920014626815735 4.758396654895708 4.547611775910023 4
quiesc_diff 0.9465258583191554 -1.9090418309519341 -11.906758608075096 4
quiesc_diff -5.307136882584174 6.351806099544995 0.03256392056258406 4
quiesc_diff 7.979158168260152 -2.105696400109022 0.4748593697810741 4
quiesc_diff 6.123925812279568 -3.457157279431761 -0.324871498991515 4
quiesc_diff 0.7708868244127514 -4.1709324943812405 -10.223031949497797 4
quiesc_diff -0.2761787172417852 -8.577536564311087 1.1976323830181226 4
quiesc_diff -2.901074356417319 -7.499881139142183 3.0409645583722087 4
quiesc_diff -0.5713253112212348 4.607315208595983 11.012210468569865 4
quiesc_diff -4.615629730788595 -3.069818519201085 6.089699104628433 4
quiesc_diff 6.188605303065651 7.209211550539005 2.1785669438961426 4
quiesc_diff -1.6122641210783821 -6.338403253624048 1.2759832447248192 4
quiesc_diff 2.1707964953027004 5.847942862013605 7.544470270586811 4
quiesc_diff 6.877579437367556 -1.4328228408935406 -7.6994397198246185 4
quiesc_diff 1.3966345504079454 -3.9325884887993356 12.977589860647852 4
quiesc_diff 7.332106298326814 -4.36570138831341 1.6284675253356438 4
quiesc_diff 1.075071732959925 8.029232923117876 -0.760919920270019 4
quiesc_diff -6.96655370523903 0.5467910219321412 7.337912411753887 4
quiesc_diff -4.275437750362872 3.207971487484631 10.232734231432065 4
quiesc_diff 7.401977968760027 4.90458403278391 1.7404762469876491 4
quiesc_diff -3.5519739572698996 4.771347030557424 8.104120743602786 4
quiesc_diff -4.917556201313288 -5.870558926574842 -2.8734043008802224 4
quiesc_diff -2.4660510841915606 9.34156064616164 -0.7313551625690659 4
quiesc_diff 4.317989311100053 -1.7841024020058132 10.118937065845099 4
quiesc_diff 5.25020837057697 7.5202831923903295 -1.8506863117740364 4
quiesc_diff 8.487309502222505 0.6293740954962168 4.211336741837986 4
quiesc_diff 6.629364859583405 -4.094414725250686 -8.872448950779134 4
quiesc_diff -1.5625118277267633 0.5899536263427749 11.223332864259161 4
quiesc_diff 4.316772159916315 -5.210406345490756 -6.759837855385713 4
quiesc_diff 4.6740719985163395 7.531578966209385 6.983479185975714 4
quiesc_diff 7.9923972047694845 5.571784350545724 -0.30558461598605235 4
quiesc_diff 1.6879299935066927 -8.73599948474426 2.1540770977515518 4
quiesc_diff 2.525989490036073 1.804410935475789 -8.034215216355427 4
quiesc_diff 8.077876968591266 0.09253508193898585 -7.189132994453664 4
quiesc_diff -7.1348424673568775 -2.857407923546553 4.342995950940984 4
quiesc_diff -8.146060578326294 1.163824863751937 3.6848017249089593 4
quiesc_diff -5.5937581194053125 3.558544583901414 -8.916691132002985 4
quiesc_diff -0.4354373418624149 6.467302768267196 -8.317908010097215 4
quiesc_diff 4.5340476110681065 -6.337549728819206 -3.5704699024825577 4
quiesc_diff -0.4483145824829269 -6.8305668776638955 -6.6891112165431545 4
quiesc_diff -0.502887045343598 -6.268412982878099 7.599245484152762 4
quiesc_diff 4.358478260498314 4.699686343554647 9.373900040790382 4
quiesc_diff 3.4703838337486177 7.476146656259071 -0.7510622529948776 4
quiesc_diff 7.899580544003249 2.5383500341586176 2.6477812801458227 4
quiesc_diff 7.648630344013005 -5.785005519720174 -2.592193662216631 4
quiesc_diff -0.7342013307381808 -8.903696075944197 -2.5303445642921814 4
quiesc_diff -0.8198497472299053 -5.113144949964483 9.567441693632036 4
quiesc_diff 4.740381021743049 -0.7557010582012271 3.0013785764145746 4
quiesc_diff 2.705484856135786 -7.762471979411052 -4.10611050824128 4
quiesc_diff -3.1029086058735302 -1.0616033888388023 -10.614938462519914 4
quiesc_diff -3.1387753569335652 -6.293298534970387 -8.40869426787567 4
quiesc_diff 2.4781351531833526 9.733778300250957 -2.251012807906898 4
quiesc_diff 3.1996564200508213 0.005489124896857933 -10.807638901138523 4
quiesc_diff 7.715915382668845 -3.240233285558409 3.5597522219071998 4
quiesc_diff 8.98920587384292 -1.9740408871864175 -5.2649641856731 4
quiesc_diff 6.0190520191335635 5.045658783179083 6.030429426613333 4
quiesc_diff 5.31715877631627 -8.35628205783247 -1.910619107796226 4
quiesc_diff -6.375267219878666 -1.7195818223615151 -5.097022705549763 4
quiesc_diff 3.9667443597770613 -5.279973402985044 7.150560706297721 4
quiesc_diff -6.424111210135728 2.4106944690492957 -5.49289380372346 4
quiesc_diff 1.5277312243075793 4.009650025369418 10.966024116533745 4
quiesc_diff -8.623910532538316 1.4352318507382031 1.5931714113951125 4
quiesc_diff 1.184203507149009 0.05792755198079102 -10.173313286551467 4
quiesc_diff -3.6840523974045176 -5.921178410192923 5.3535096387220245 4
quiesc_diff -8.96001661630288 1.491344852484861 -5.642901626604802 4
quiesc_diff 0.3829220824345778 -6.170161081623019 -8.390940697352036 4
quiesc_diff -4.711867048360141 -3.295381456944164 -2.9093437274469776 4
quiesc_diff 7.67368649350113 4.746202895302685 -4.009894765382742 4
quiesc_diff -6.656007757649315 2.5859060552267303 9.185308072099764 4
quiesc_diff 6.511955181538109 6.996549063666432 4.253080533240765 4
quiesc_diff 1.1894490914417335 4.3725580686390115 -12.105273651726169 4
quiesc_diff 3.4061420974652306 -8.404277710616794 -7.397541827469416 4
quiesc_diff -2.867076626244895 -4.040540205307234 9.49359471986811 4
quiesc_diff 4.48633069805191 1.846055943732665 -8.795207999179782 4
quiesc_diff 6.903492826227859 -6.489715935356856 -5.085526565031535 4
quiesc_diff -4.456609397445849 9.521716898609101 0.9552171036727154 4
quiesc_diff 9.929405078804992 -0.546103432162535 -2.1173746258292545 4
quiesc_diff 1.3564295339276262 7.898025498313752 2.844470415744208 4
quiesc_diff -7.061458140732087 -0.7887358618308674 -6.890668124242332 4
quiesc_diff -4.792465132245754 -0.7955474545887642 9.985528287581474 4
quiesc_diff -3.8727284715926156 7.2881958450177 3.895303514014784 4
quiesc_diff 6.359768575283101 -3.6941558676418014 6.821636357062026 4
quiesc_diff -1.4026364306247825 -3.793899270739233 -9.546759365553221 4
quiesc_diff 2.118512388096308 -5.224076606847381 -8.852138494257524 4
quiesc_diff 7.95164253884408 0.16778362374757358 2.2096478229136216 4
quiesc_diff -8.168686068786249 -1.220773384958603 -3.55158328808757 4
quiesc_diff -0.434921822085357 -6.23734359077758 2.94742475495439 4
quiesc_diff 6.824074238342492 -6.189728440554816 -0.4256274216129592 4
quiesc_diff -6.44750544402808 -3.708051206242361 -6.2299269687233565 4
quiesc_diff 6.651115528220514 -5.336565286115556 5.718183478538077 4
quiesc_diff -7.719379905144944 6.368729250450696 1.2677033487712526 4
quiesc_diff 1.4786376586519112 -5.991469312148906 7.7195730264984155 4
quiesc_diff 6.648252993624012 4.867573278418987 8.166010583127795 4
quiesc_diff 8.439004303211892 6.86531165170137 1.1529520550599126 4
quiesc_diff 2.775580371496883 -9.125566622357278 0.21412379902655185 4
quiesc_diff -6.147287420585282 -3.77864869182793 0.8327897686036527 4
quiesc_diff 1.733476263432309 7.696426993746911 5.255315843566399 4
quiesc_diff 9.320896825165283 -1.1984868677011957 1.701270361191181 4
quiesc_diff -7.889463252051588 -0.7395544106917753 4.2577330777855655 4
quiesc_diff -2.313010104390357 1.2408518143443936 8.102226087981297 4
quiesc_diff 6.214750002272984 -2.325991257460922 10.44856617371444 4
quiesc_diff 8.962653236698713 -3.311858249710739 -2.385940197791524 4
quiesc_diff -8.493826509416328 -0.5625960919999867 2.296443358828511 4
quiesc_diff -1.0941974373330594 -4.637050527776562 11.577400811432945 4
quiesc_diff -7.919826410099722 3.871370990828142 -6.49516516709164 4
quiesc_diff -5.451145705330336 -5.969930546502608 -0.6328251370214956 4
quiesc_diff 6.485156168652659 1.9017557932725975 -9.155479386118529 4
quiesc_diff -2.0222627347644986 -8.202000120753578 -6.085167519529031 4
quiesc_diff -4.418844009290949 -2.567442754903772 -10.642539506733574 4
quiesc_diff 3.7363249502027385 -5.399654319805684 9.390645963639582 4
quiesc_diff -5.42573217214442 -4.488647973864408 7.243240180225271 4
quiesc_diff 3.3312639982146335 -9.461476973648082 3.047828648722541 4
quiesc_diff 9.413364147626353 1.4103539521070891 -1.5511991751700318 4
quiesc_diff -2.400032912131368 -8.147257151120872 0.9481602599396283 4
quiesc_diff 4.955337036289896 8.178222206023456 3.5920514580321274 4
quiesc_diff 1.1903087193279114 9.736240107878526 2.074164681545537 4
quiesc_diff -0.8599478642048581 -1.958663867602965 -10.762375850385522 4
quiesc_diff -9.09109040542302 -0.8339706141867456 -5.658987507985572 4
quiesc_diff 3.2804033959233756 5.983008173304659 10.465156045428527 4
quiesc_diff 0.44133456293912415 -6.003198357320528 -10.953919844092425 4
quiesc_diff 8.44918481376282 2.3973454852605833 5.60786533116944 4
quiesc_diff 0.51235373039363 2.4203581991543768 -11.323967726953223 4
quiesc_diff 1.2690860732829163 9.99116214389634 -0.42447948214664744 4
quiesc_diff -8.554315838744014 -3.086645145318856 0.8775529400133073 4
quiesc_diff 5.82863677771064 5.949988536076041 -5.001246871761133 4
quiesc_diff 6.820435805158214 2.102366921105652 -6.430424729243709 4
quiesc_diff 2.4233963876243863 -6.459306751483126 -10.395269155159225 4
quiesc_diff 3.889278910614387 -5.9009246782188605 5.233840808200723 4
quiesc_diff 7.2173061027873535 -4.358474951648955 -5.756386354295267 4
quiesc_diff 5.257876416951014 1.9695276730080327 9.309123771999554 4
quiesc_diff 9.237184796119148 -1.224527516286271 4.184210049564176 4
quiesc_diff 5.795069733929908 -5.825773603839856 2.331422760097452 4
quiesc_diff -6.817349586737142 -2.023753618229737 -0.4614231439419547 4
quiesc_diff 7.969821873235645 7.59112422221299 3.004042710570538 4
quiesc_diff 2.4566904433770236 2.194755923511853 -12.24092829341351 4
quiesc_diff -0.76296929615276 -7.3681467867479835 5.305119412606218 4
quiesc_diff -5.211361484203945 -5.459646415867964 1.5914667774104543 4
quiesc_diff 9.312927777090241 -4.615398781245184 1.5101565738875686 4
quiesc_diff 1.1262299587397466 -8.299489079716308 -7.178862037832864 4
quiesc_diff -5.40469441772364 7.2039280226248685 -5.695068915317091 4
quiesc_diff 3.228974374293913 3.512008006997307 11.892374032156944 4
quiesc_diff -1.3571323835117988 9.283804470946706 -6.009059139762317 4
quiesc_diff -3.1777190172829295 9.584923127825826 -2.613639779676445 4
quiesc_diff -6.776717977499747 3.2589404574880385 7.094700467473386 4
quiesc_diff -0.9644839468881006 -4.340278493417416 -11.42012322396967 4
quiesc_diff 8.618334930707263 5.580477090406803 -2.3171852388067373 4
quiesc_diff 4.5868655303023695 -4.2890426468622955 -8.56498430696653 4
quiesc_diff 9.843219497798588 -2.274470729717818 -0.22997435911142217 4
quiesc_diff 6.332835986610692 5.509960648072128 -8.2290282583091 4
quiesc_diff -1.8219480996272543 -6.766046794747147 10.080972981516801 4
quiesc_diff 3.061573725816646 -1.8872622095912264 -12.47823670782612 4
quiesc_diff -3.1344426565965 -8.062324309663483 4.946009680253953 4
quiesc_diff 7.775624761579615 4.763521913226876 -6.00722013725366 4
quiesc_diff 0.35861472408837003 -9.474139493148058 -0.5047012370028929 4
quiesc_diff 11.128527551370096 -1.0218108268431525 -3.645709592528483 4
quiesc_diff 4.398477720250062 1.7601517133534297 11.170487177571438 4
quiesc_diff -0.2739278312493311 9.689706977260329 -3.611554208971074 4
quiesc_diff 2.1650644907703187 7.81699230488015 7.894914896271086 4
quiesc_diff -6.096810281598825 -3.8706339151546842 -4.232603660350991 4
quiesc_diff 3.867983718415961 -7.060266902584717 -5.658923946476696 4
quiesc_diff 2.5321654069719384 -7.834078281518179 6.96101899779119 4
quiesc_diff -3.369107469751577 1.54437444582315 11.112272802685736 4
quiesc_diff -10.431834524876598 1.678419709994072 2.413092446030862 4
quiesc_diff -2.029265431655933 -7.678580182237618 -1.1095913068695664 4
quiesc_diff -7.831594885498077 3.0034744433761835 5.043324263017822 4
quiesc_diff -2.5645133055644873 -6.0736409459374014 7.750918470511934 4
quiesc_diff -4.203732123312852 8.54696269783029 5.413836553763395 4
quiesc_diff 1.4107344455859578 6.2534456482101195 -11.010115617888221 4
quiesc_diff -6.654488449152472 -2.2618810629540436 6.46333526784613 4
quiesc_diff 3.181667041246012 9.37687019805641 -0.1997976782357278 4
quiesc_diff 2.3452764437816875 0.13673647839302394 -12.611193443798824 4
quiesc_diff 7.955933009170284 -4.235443062601879 -0.5198609096165441 4
quiesc_diff 7.646095847806883 -2.2130241803317996 -9.372959482726808 4
quiesc_diff 4.198626011712593 7.199574660906517 -5.984172345833235 4
quiesc_diff -6.974462519570789 5.311263093089869 5.334963755068856 4
quiesc_diff 4.353537971499145 -6.638621844252454 -8.159426639348892 4
quiesc_diff 7.66376766556807 0.015887229003505476 7.04519627228828 4
quiesc_diff 7.1544164979834095 8.937323059848463 -0.3754823626224064 4
quiesc_diff 4.210273364875881 -9.000613806680665 -3.6559812384428967 4
quiesc_diff 0.8258955238254431 0.8654605389496709 10.908912799990427 4
quiesc_diff 0.9762135829840871 -7.769047122259407 -9.435722313018108 4
quiesc_diff -4.628403171136596 -6.65879595280701 3.752222039013721 4
quiesc_diff 5.573767923888063 -5.123646024493938 8.427934096246982 4
quiesc_diff 8.292549818566101 2.902153117824759 -8.091292885179987 4
quiesc_diff 0.6155012117008487 9.374128408965461 -5.525561835594909 4
quiesc_diff 1.4422438289101591 -8.286477981822742 -1.9497960419989984 4
quiesc_diff -3.626011649961427 -6.186870402119126 0.2164363391777201 4
quiesc_diff 9.282912290034362 3.2503531819410445 -4.246706690760271 4
quiesc_diff -1.6161260900933787 -8.800297965264903 3.8520280769747988 4
quiesc_diff 0.035532564462362526 8.14287499954005 1.3489681415574546 4
quiesc_diff -2.7631468488986366 4.50119883435018 10.434077864724962 4
quiesc_diff -7.859216573917693 -3.16127153723212 -3.168517061369532 4
quiesc_diff 5.533011175649773 9.073732350661015 1.8723668034484329 4
quiesc_diff 2.889964356104735 -8.973203713165066 5.240344798274088 4
quiesc_diff 4.920722989175327 -1.1614188238170287 11.921429028314797 4
quiesc_diff 11.728439242677878 -0.2098878046870773 -1.3108790405595818 4
quiesc_diff 0.49583572761403305 -3.688798025279727 -12.700072098970626 4
quiesc_diff -3.849568717187817 -7.106283560193016 -1.7191134520814566 4
quiesc_diff 6.007730394005103 -7.905145532186958 0.5844818257478468 4
