469
 Lattice="1.0 0.0 0.0 0.0 1.0 0.0 0.0 0.0 1.0"Properties=species:S:1:pos:R:3:Color:r:1
active_stem 1.4826232257535659 4.783141627345239 -5.481960120010037 1
active_stem 3.4984887056785396 -0.5808249156028481 7.0980845515549476 1
active_stem 2.606424531615513 5.170627715242618 -3.3751631019550645 1
active_stem -5.284203558742881 3.4546444669393317 1.2526986086569996 1
active_stem -1.1619870070007887 7.826117812019579 -0.6779707170061271 1
active_stem -0.17549411896913691 4.485525904225246 -8.388547814881141 1
active_stem -0.9484568541638583 5.97452715816759 -5.567057055081455 1
active_stem -2.3661084712731544 6.388398317645616 2.9358971431934977 1
active_stem 7.177357067677347 0.4703645569483018 -3.1645574885258583 1
active_stem -6.690416561076436 0.8333417345455191 -1.0220695611477366 1
active_stem -4.6639068082396085 3.477602306884249 3.261825839209978 1
active_stem -3.3924841272773296 5.005705132178796 4.027744731214826 1
active_stem -6.337367379324707 2.9993294803783517 -0.38545102737460124 1
active_stem -0.2539196543382618 7.3092408997612734 -3.710967484068395 1
active_stem 0.2539103714282681 4.59136381255434 5.093407762638937 1
active_stem 6.0239576673598165 0.18493756216103652 1.6769783394178925 1
active_stem -6.580631284852075 4.036882874249349 3.146186193229719 1
active_stem -5.053255297602076 3.4996629460595923 -1.8822393391900036 1
active_stem -1.0752514849286459 6.129453767770667 4.5513072863222455 1
active_stem 0.7334486907746133 4.57053308358256 -10.168041211349038 1
active_stem 7.178156163227734 0.47578465651817675 -1.1645649925481973 1
active_stem -3.4636783273995455 3.462504373426442 -8.500473732939696 1
active_stem 1.7813801695773086 7.102567043740392 1.0219110332426076 1
active_stem -0.46199480507411317 9.435741854577838 -1.63667888890217 1
active_stem -1.9119444039993017 5.049461060833323 -7.567260224607601 1
active_stem 3.648743019782297 5.521218789690689 -5.045689386615996 1
active_stem -1.7650185129466553 4.350994957575573 6.7714009504582835 1
active_stem 5.354825232251232 -1.0115126668947605 7.705145307162775 1
active_stem -2.824554553426095 -2.207686181340253 -6.555413944893438 1
active_stem -2.936745226506559 1.4064470032766458 -9.580416135751417 1
active_stem -1.7564861886829792 8.171277739763584 2.2652991721573117 1
active_stem -7.168057526299947 1.3296429391901805 -2.899712824019737 1
active_stem 2.229122057363382 3.8383339440668682 -8.998790589431433 1
active_stem 3.664094149183597 6.86179568760767 -3.5210598782047855 1
active_stem -1.06874441148035 2.589886404102741 9.891328403590366 1
active_stem 1.4993982267776946 6.668024692622554 -4.813428572832617 1
active_stem -7.548285295065433 3.240205247210314 -1.9588729880359013 1
active_stem -9.117289797983144 0.9669180654408134 -3.162247044631583 1
active_stem -0.5792345872422864 8.185495724894142 3.88204792066592 1
active_stem 3.615339131648272 5.37036287366154 -7.039712122909777 1
active_stem -8.547740417749564 4.315722248121637 2.9165554835025587 1
active_stem -6.622192115584026 4.8142073443125595 0.6515535311334624 1
active_stem 1.559012406128034 6.566544651118511 -8.89672653030642 1
active_stem -6.17019418657431 4.803522872458033 -2.9081032729715384 1
active_stem -1.8700909094334737 8.48109551924464 -3.8324056370495034 1
active_stem -0.7621397896519047 9.66595049963591 0.32722461381208623 1
active_stem 6.906918387538265 -0.9230151677951092 8.963388141421827 1
active_stem 4.779805415602039 3.9331347501931133 -9.018075674315828 1
active_stem -0.15813392628027834 5.8761715614624395 6.569716858008729 1
active_stem -8.408375257924654 -0.10391848039541696 -0.6095635546309282 1
active_stem 9.134190224068876 0.5995974794705641 -3.5571168468184893 1
active_stem -4.871540563949116 5.32283099698637 2.5188458228475072 1
active_stem -4.530145089545279 1.8757868094896426 -10.69432682461841 1
active_stem -1.990765361152253 6.1913603169050955 7.521130037999348 1
active_stem -3.974291043690052 5.083109902844683 -6.970599663426406 1
active_stem -2.8656689892153535 4.609974548000671 -10.025497349119817 1
active_stem -0.295896650734651 7.552459515194576 -6.608351757626174 1
active_stem -2.8646321376263337 6.792934808460644 -7.796793171111876 1
active_stem -3.78227414081877 8.700120274917385 -5.283435580257321 1
active_stem 1.1894490914417335 4.3725580686390115 -12.105273651726169 1
active_stem 2.4389703891102377 2.2866877692143426 -10.243120861396472 1
active_stem -2.1418639907301573 7.248037251998572 5.820601874383024 1
active_stem 8.413794263200794 0.845140565603862 0.3640862751771967 1
active_stem -3.3784159479916065 -3.005120388907375 -8.303937962518516 1
active_stem -3.5763110665894438 4.952904012785912 6.01857865150401 1
active_stem 3.1391713559014365 8.415428016822883 1.6797857627294706 1
quiesc_stem 0.2236599574801848 1.7471083464461916 -0.9474115521767804 2
quiesc_stem 0.246134398733861 1.7104735615837754 1.05212659250274 2
quiesc_stem 0.8699492588559683 0.8677298106081615 4.9032825534007065 2
quiesc_stem -1.5406755040153708 2.871325166532347 -5.219208491082744 2
quiesc_stem -3.008812161766632 1.4038010400957321 -1.8762289676118256 2
quiesc_stem 0.9698548565102213 0.7805025125279365 -3.6989756921388124 2
quiesc_stem 3.625465357146214 -0.9319374160824813 -2.15659734057526 2
quiesc_stem -0.5782161574801588 4.6086304848391695 0.2672121148935438 2
quiesc_stem 1.6150840933337545 3.1719413246545796 -4.304467995548293 2
quiesc_stem 4.085048766524431 0.7151352523937285 -3.193870069698586 2
quiesc_stem -0.20921242790097883 2.983996004118937 3.997102147791045 2
quiesc_stem -1.3367561510763244 2.994656900746426 -1.0408148327442037 2
quiesc_stem -0.9471686768558667 4.608732460261713 -4.106028929489269 2
quiesc_stem -3.625232914838305 2.440509335435613 0.784354357370862 2
quiesc_stem 2.0785865759118503 -0.5253792846647056 4.12969165086373 2
quiesc_stem -2.712920949887523 3.5562729871937275 2.8288534329647077 2
quiesc_stem -0.5511565619129416 4.082281952338079 -6.46597868888647 2
quiesc_stem -0.7183870452317183 5.949844601164852 -1.2097769901426643 2
quiesc_stem 0.8144774320575767 1.6870068130707916 -6.194115966197294 2
quiesc_stem 0.979981414497984 -0.5477449994084532 -5.194186713987605 2
quiesc_stem 0.6444698257701527 5.558315359741257 -3.35437795066038 2
quiesc_stem -2.9417292462999702 -1.0195152075524248 -4.950882914218743 2
quiesc_stem -0.43536398682504984 2.8053818516875473 5.976231364630468 2
quiesc_stem -4.866136934129797 1.6391429330323202 -1.1726958245438228 2
quiesc_stem -4.673451144411541 0.3495200179752149 -2.6914245446945104 2
quiesc_stem 1.0435624159054468 5.256688840631094 1.2418169714357308 2
quiesc_stem 3.330776182357036 -1.5290955194975064 5.323247225373655 2
quiesc_stem -2.3419661112204784 1.683082604152839 -7.691048371564842 2
quiesc_stem -1.6984503961154573 4.054581672624016 4.794608637056146 2
quiesc_stem 3.1637533472558994 3.4673249178678733 -5.535066254451918 2
quiesc_stem 5.634211368226637 -0.4398138109254096 -2.165535113662016 2
quiesc_stem -1.0174109645958676 6.415809310933046 1.0028836529596528 2
quiesc_stem 5.081467878012638 -0.5838157661106447 5.11947093970874 2
active_diff -2.4790260700480475 -3.8445196487444298 -0.6079389343882834 3
active_diff 3.532938948613042 4.62270413495117 1.3820023111393054 3
active_diff 4.143273484708486 4.731239022087935 5.411886700825133 3
active_diff 3.455312731225237 -3.1013906513940084 3.9309457410988964 3
active_diff 4.834333838823986 -2.2567232349804662 -1.2713970649015152 3
active_diff 0.3959801272437117 -6.382115543382148 -4.137887485461478 3
active_diff -2.2795181479917415 6.275953748545588 -2.511041722490113 3
active_diff 5.79455868340371 -3.539668364885847 -2.5735711530320833 3
active_diff 1.5580024318209622 4.034033725669085 6.966355160208769 3
active_diff 0.7066236440604076 -1.2034969847850445 -7.063749460464988 3
active_diff -0.5424180442618091 2.8005309928431146 7.973358275458821 3
active_diff -5.668858601744041 0.014169974474027514 -4.393395267771321 3
active_diff 6.034698436593413 5.639864733443433 -0.709045387990462 3
active_diff 1.8104389227099285 -4.125465527816739 9.084092234278938 3
active_diff 5.425516525279731 5.2020956635936315 1.669153095285536 3
active_diff -2.963785251116803 3.9338804865188983 -4.242587856779363 3
active_diff 5.749811421480219 4.666843881010252 -3.4691481943283615 3
active_diff -1.3922559460230928 -5.77642169822273 -5.275692438240387 3
active_diff 2.779887672821696 -6.046065279913384 -2.6550685003111285 3
active_diff 3.802591378947727 -4.0924160073529725 -5.183222579450236 3
active_diff 5.944288793091477 2.9150375137503124 2.834705627236388 3
active_diff -2.7731179687970497 -2.30680945935182 6.241249695226924 3
active_diff 5.356142212255603 -2.509815178068683 3.7388891259934836 3
active_diff 1.2180029979790268 -0.8596760979127241 9.976091641960656 3
active_diff -3.8825853793232907 2.8708934991485586 5.6153778601000806 3
active_diff 0.9181907825753565 -4.2006678123767855 4.038168769594627 3
active_diff 0.5469800928498874 2.0741454981824217 -8.137970079037773 3
active_diff -5.833774088136792 0.7769987859448478 -6.687525613285493 3
active_diff 1.1549588409300124 -5.2788500402866765 -6.775538620120553 3
active_diff -1.170457904163621 -1.7938127222080957 8.795480625437975 3
active_diff 2.5320377551930404 -2.198187700652845 -8.720357473476943 3
active_diff 5.057325868864154 -2.4408858000067584 -9.361329925908855 3
active_diff -5.339263551181991 2.048453925321031 7.779132441961563 3
active_diff -2.875576644049179 3.456107826204139 -6.588904876156321 3
active_diff 6.738679915748147 -1.69177426461519 -1.0383762928944356 3
active_diff -2.818581777344192 -3.8803859530114067 -3.179973774070002 3
active_diff -4.021445273550267 -4.818965144470794 -1.4273283268789243 3
active_diff 1.575232096470716 6.297782203435957 -1.6280519840790557 3
active_diff -6.491488157101617 1.6593766940695542 2.676427545156437 3
active_diff 4.382492484574436 1.637088744006357 5.4953712282543465 3
active_diff 3.283460954273151 6.473321851235892 4.9366290560741675 3
active_diff -4.489624031031157 1.9035848737687933 -5.517372616082011 3
active_diff 0.6241317573590093 -6.086040382859949 4.637251034528687 3
active_diff -5.155812360103582 3.011299444523316 -7.043531696894302 3
active_diff 5.69812579788257 5.272292077022309 3.649243155871847 3
active_diff -5.092855785208427 -1.3474305655153946 -1.3734579190476701 3
active_diff 7.048274045998644 3.880201846776753 -0.8686845100352615 3
active_diff 0.841244757547543 6.24320425021327 3.842544202105401 3
active_diff 6.819240828121272 -1.778256059993589 2.530870627574449 3
active_diff 5.3673744713039175 -3.9927337280784903 1.6553742587337976 3
active_diff -5.874172596301473 1.5540758906368877 -8.529947696821594 3
active_diff 3.813879867491572 -7.417070333113211 0.1595840313663368 3
active_diff -3.2192866476605815 -4.88243543460498 -4.863818316580615 3
active_diff 6.807994165155836 2.357802694852358 0.8109364640483328 3
active_diff -4.087743975335421 5.124096996114307 -3.093631179380525 3
active_diff 3.286013050820574 2.9193854050257917 6.613032277814303 3
active_diff -4.143117015725754 1.459905161215796 9.270052901941318 3
active_diff 7.348043806690161 2.6216679936221436 -4.572480652366613 3
active_diff -2.888507516381505 -6.432482831823063 -6.429302002685409 3
active_diff -3.037852972070276 -4.502921645966466 6.606894676698622 3
active_diff 1.5343825169897058 4.007270489729755 8.966036592043706 3
active_diff 2.8879930187088774 -3.8716068752911212 -7.595665182031506 3
active_diff -5.425964846216303 -1.2167081461413027 0.7271584097712582 3
active_diff -0.9324852941019117 0.3213324458944109 9.344261490323838 3
active_diff 4.381355645737642 5.722416956891021 -1.9636993277979413 3
active_diff 1.064784096995841 5.930058434756746 -7.066255641481957 3
active_diff 5.525572576768212 -5.0569350766131596 -4.865356637596522 3
active_diff -5.111512932269454 1.740108029424491 4.475644052348675 3
active_diff -3.3177954417867976 -5.679520469943501 2.324982316243949 3
active_diff 5.7067252696772535 0.49832652514948683 -7.961983837364461 3
active_diff 8.180165076721194 -1.471406631873912 -2.407156274167729 3
active_diff 6.842731457233096 3.0571116644989904 4.615889423181981 3
active_diff -2.4234237745629037 -1.3020080332866926 -8.74932704238263 3
active_diff 1.675783093850167 -6.77132285108072 2.5281067462625155 3
active_diff -3.665965223971684 7.665732937219884 -2.8935052007916147 3
active_diff 5.831072473726794 -0.9605492102554918 -10.461293458262146 3
active_diff -3.819690527542799 -3.668758809650786 2.518895496321787 3
active_diff -3.33484715169884 2.865202941098851 7.538903386717263 3
active_diff -3.4984886036518774 7.770705518549493 1.081564606225613 3
active_diff 0.44705025579094093 -1.4036045927831005 11.739546677333182 3
active_diff 1.8951833308111428 1.5476775445829971 8.467967084210006 3
active_diff 5.984854427286376 7.420522288989455 0.200225883200413 3
active_diff 3.795349810579808 3.243659112320562 -7.419491767690794 3
active_diff -1.862476293707894 -5.747086892701331 -0.6181494934889348 3
active_diff -0.46642549067923533 1.5868162151776564 -9.791910614002093 3
active_diff -1.0180046621151166 -3.7038129665855104 5.214172211106884 3
active_diff -0.1902672066489104 -6.990072985697676 -2.3249611737110656 3
active_diff 2.725572042485407 -2.24879317686039 9.001677146943985 3
active_diff 3.044521073605818 -0.1776883173802265 -8.822096393680116 3
active_diff -2.0008352160506315 -5.741719832172974 -3.0908279654622985 3
active_diff 5.982625108736429 -1.788835296737719 -5.946638567112707 3
active_diff 4.303669002550684 4.46853167246599 7.388059296098822 3
active_diff -4.4284901977857185 4.586862246904371 -0.3035211881803563 3
active_diff 7.366508522285099 0.38524166328538423 -5.342980836359306 3
active_diff -1.2837458113499174 -3.780840395818296 -7.550338947296025 3
active_diff -5.977342399113119 -1.2410952574830976 4.561460953947279 3
active_diff 2.2079190446193935 -6.097338195693307 -5.095937637356187 3
active_diff 0.9472380453733693 -1.9138494942322795 -9.906764513292968 3
active_diff -7.594110891266046 0.2426972273474051 -4.884494968834583 3
active_diff 4.002226758796789 -3.9496044934274686 5.657624149091624 3
active_diff 2.3194094583955605 -6.729118325321527 -7.510913803891516 3
active_diff 3.3891281107594993 -7.830153960599605 -1.987345752287182 3
active_diff -4.513742065247827 -3.3416231664969733 -6.585299571179897 3
active_diff 6.593981816077082 1.0013347972843623 3.6850711157512253 3
active_diff 5.581744163972644 4.2979651788198865 -6.251065767475861 3
active_diff -5.0098089109521045 -0.6856963847531827 -7.948438765461992 3
active_diff 0.2108316551976337 -4.897900823883831 6.329480923871365 3
active_diff -5.475018465880737 -0.6946511340617321 6.8540281248900925 3
active_diff 3.7615397807552364 -5.634405589573326 1.4921141828756834 3
active_diff 6.249985159816172 -2.196708557384147 5.500425111768325 3
active_diff 5.088945394859815 2.0589176555441533 7.31827678119453 3
active_diff 6.8063566139372895 6.2448899888998275 -2.8418661702989656 3
active_diff -3.7893971019378654 -0.41609766983945906 8.297371781973075 3
active_diff -5.189857269429488 -3.2994378468616623 -0.8564954268931027 3
active_diff 0.06080156031656947 0.006418192227332309 -8.519434557106386 3
active_diff 5.838935864258142 -3.371831578648046 -7.1833380605191355 3
active_diff -2.2232568486298216 7.511504929145644 -5.679236846616799 3
active_diff 7.2561642797688135 -4.211138559357847 -3.762199294466546 3
active_diff 2.0274792184960266 7.861324291523408 -2.7902949360469123 3
active_diff -6.999401299328034 0.30812279792433683 1.292181487511317 3
active_diff -0.6342816340162174 4.504883850421281 9.015827660017703 3
active_diff 1.9253261901785717 -4.258019262661756 11.076384989662099 3
active_diff 4.309605878504398 -3.602695573136197 8.725598416456965 3
active_diff 3.7793510371593886 8.355649138593606 5.395907848273016 3
active_diff -3.5549422232426506 -2.9459290149787742 7.967597582755908 3
active_diff -0.9255442752777767 -3.2131880253064673 10.183065240277868 3
active_diff 7.2313611430828555 -2.0870078215657726 -4.3177470119077555 3
active_diff 0.5638630804974558 -7.499490605755965 -0.26255482734019076 3
active_diff 0.6225898557821309 -3.8467113086915288 -8.255066342114139 3
active_diff 3.767355815786287 6.573541950200459 1.0087992149864706 3
active_diff 3.51132646719328 6.926539751076827 3.0020306886383272 3
active_diff -6.420069128734809 -1.8245941373462462 -2.7914916515389487 3
active_diff 8.750076606099935 2.4140866816105024 -5.983584485641373 3
active_diff -4.803133510140174 4.20286656288199 -4.980452663333033 3
active_diff 3.403046716782229 -2.072878093055308 -10.516364403050178 3
active_diff 2.579650807797708 1.681574989289187 10.342420537152703 3
active_diff 8.539799411610161 3.357657173289887 0.7771487399211684 3
active_diff -5.411301753918564 -4.448722745751455 3.445410451655474 3
active_diff 0.19830670669858935 -8.111909462342181 -5.122132483792119 3
active_diff -6.855659147552675 1.2833680608675722 5.34128981178832 3
active_diff -3.475938075377491 6.77616406466318 -0.9884225984135055 3
active_diff 2.179788083803268 -4.831167686704768 5.4562104325957 3
active_diff 1.2690041411832502 -7.814098072124122 5.4105273313048174 3
active_diff 3.316201498383771 3.158499215529189 8.598457482464498 3
active_diff 5.533523570098659 -5.305620515759088 -1.6717542811295925 3
active_diff -0.5742546508104324 -1.9854781677525104 -8.385814596233107 3
active_diff -5.7350458007888045 -0.9570828038363708 -9.79245093059464 3
active_diff -5.070266563273297 -5.350847020850538 -5.459187057672443 3
active_diff -2.3769612255001182 -7.705979198356894 -3.1054692555130683 3
active_diff 8.124972355884413 2.809263195150459 -2.1701495129999913 3
active_diff 1.4646964713454484 -5.990053608384968 9.719523935665773 3
active_diff -1.450689753675542 -1.6682908153414093 12.31271686153502 3
active_diff 3.053369440937132 5.205217686685934 -0.47021016299880936 3
active_diff 2.4638662055220832 -2.0227764291431223 11.022524863710743 3
active_diff -3.7897081695570334 6.4706764833154535 -4.542043531966323 3
active_diff 6.1288825010824945 0.8519484700226522 6.0730187508923095 3
active_diff -1.0941700078890868 0.7162025417907261 -11.479503175263456 3
active_diff 4.455413614882682 -8.616734280251226 1.6256129754515336 3
active_diff 6.70800280542217 2.868467846025447 8.168736415977289 3
active_diff -1.4002532311090805 -5.586401249657709 4.657622673382399 3
active_diff -4.067303466636503 -4.1849198464070705 0.5588955084173083 3
active_diff -7.499579706179471 2.2598928190319256 -7.602653681555104 3
active_diff -5.427237166488686 4.129067037670418 5.791588539033383 3
active_diff 4.718818458957198 -4.633145245916836 3.69161095853118 3
active_diff 3.7987725083990056 -0.13222014090828782 9.023852812261563 3
active_diff 7.499478453582832 -0.2082644776298903 -9.654764371719669 3
active_diff 5.741178380094333 -3.178634675016868 -11.089934085427597 3
active_diff -2.7620199834898487 -1.7302233396500064 10.004979090950295 3
active_diff 6.405014969986614 3.5373027012804314 -7.907452731693054 3
active_diff -7.088022383823053 -1.9249751746989152 1.585017697733309 3
active_diff 3.908256798745754 -6.563364092186722 3.2571949790587498 3
active_diff 7.8920014626815735 4.758396654895708 4.547611775910023 3
active_diff 0.9465258583191554 -1.9090418309519341 -11.906758608075096 3
active_diff -5.307136882584174 6.351806099544995 0.03256392056258406 3
active_diff 7.979158168260152 -2.105696400109022 0.4748593697810741 3
active_diff 6.123925812279568 -3.457157279431761 -0.324871498991515 3
active_diff 0.7708868244127514 -4.1709324943812405 -10.223031949497797 3
active_diff -0.2761787172417852 -8.577536564311087 1.1976323830181226 3
active_diff -2.901074356417319 -7.499881139142183 3.0409645583722087 3
active_diff -0.5713253112212348 4.607315208595983 11.012210468569865 3
active_diff -4.615629730788595 -3.069818519201085 6.089699104628433 3
active_diff 6.188605303065651 7.209211550539005 2.1785669438961426 3
active_diff -1.6122641210783821 -6.338403253624048 1.2759832447248192 3
active_diff 2.1707964953027004 5.847942862013605 7.544470270586811 3
active_diff 6.877579437367556 -1.4328228408935406 -7.6994397198246185 3
active_diff 1.3966345504079454 -3.9325884887993356 12.977589860647852 3
active_diff 7.332106298326814 -4.36570138831341 1.6284675253356438 3
active_diff 1.075071732959925 8.029232923117876 -0.760919920270019 3
active_diff -6.96655370523903 0.5467910219321412 7.337912411753887 3
active_diff -4.275437750362872 3.207971487484631 10.232734231432065 3
active_diff 7.401977968760027 4.90458403278391 1.7404762469876491 3
active_diff -3.5519739572698996 4.771347030557424 8.104120743602786 3
active_diff -4.917556201313288 -5.870558926574842 -2.8734043008802224 3
active_diff -2.4660510841915606 9.34156064616164 -0.7313551625690659 3
active_diff 4.317989311100053 -1.7841024020058132 10.118937065845099 3
active_diff 5.25020837057697 7.5202831923903295 -1.8506863117740364 3
active_diff 8.487309502222505 0.6293740954962168 4.211336741837986 3
active_diff 6.629364859583405 -4.094414725250686 -8.872448950779134 3
active_diff -1.5625118277267633 0.5899536263427749 11.223332864259161 3
active_diff 4.316772159916315 -5.210406345490756 -6.759837855385713 3
active_diff 4.6740719985163395 7.531578966209385 6.983479185975714 3
active_diff 7.9923972047694845 5.571784350545724 -0.30558461598605235 3
active_diff 1.6879299935066927 -8.73599948474426 2.1540770977515518 3
active_diff 2.525989490036073 1.804410935475789 -8.034215216355427 3
active_diff 8.077876968591266 0.09253508193898585 -7.189132994453664 3
active_diff -7.1348424673568775 -2.857407923546553 4.342995950940984 3
active_diff -8.146060578326294 1.163824863751937 3.6848017249089593 3
active_diff -5.5937581194053125 3.558544583901414 -8.916691132002985 3
active_diff -0.4354373418624149 6.467302768267196 -8.317908010097215 3
active_diff 4.5340476110681065 -6.337549728819206 -3.5704699024825577 3
active_diff -0.4483145824829269 -6.8305668776638955 -6.6891112165431545 3
active_diff -0.502887045343598 -6.268412982878099 7.599245484152762 3
active_diff 4.358478260498314 4.699686343554647 9.373900040790382 3
active_diff 3.4703838337486177 7.476146656259071 -0.7510622529948776 3
active_diff 7.899580544003249 2.5383500341586176 2.6477812801458227 3
active_diff 7.648630344013005 -5.785005519720174 -2.592193662216631 3
active_diff -0.7342013307381808 -8.903696075944197 -2.5303445642921814 3
active_diff -0.8198497472299053 -5.113144949964483 9.567441693632036 3
active_diff 4.740381021743049 -0.7557010582012271 3.0013785764145746 3
active_diff 2.705484856135786 -7.762471979411052 -4.10611050824128 3
active_diff -3.1029086058735302 -1.0616033888388023 -10.614938462519914 3
active_diff -3.1387753569335652 -6.293298534970387 -8.40869426787567 3
active_diff 2.4781351531833526 9.733778300250957 -2.251012807906898 3
active_diff 3.1996564200508213 0.005489124896857933 -10.807638901138523 3
active_diff 7.715915382668845 -3.240233285558409 3.5597522219071998 3
active_diff 8.98920587384292 -1.9740408871864175 -5.2649641856731 3
active_diff 6.0190520191335635 5.045658783179083 6.030429426613333 3
active_diff 5.31715877631627 -8.35628205783247 -1.910619107796226 3
active_diff -6.375267219878666 -1.7195818223615151 -5.097022705549763 3
active_diff 3.9667443597770613 -5.279973402985044 7.150560706297721 3
active_diff -6.424111210135728 2.4106944690492957 -5.49289380372346 3
active_diff 1.5277312243075793 4.009650025369418 10.966024116533745 3
active_diff -8.623910532538316 1.4352318507382031 1.5931714113951125 3
active_diff 1.184203507149009 0.05792755198079102 -10.173313286551467 3
active_diff -3.6840523974045176 -5.921178410192923 5.3535096387220245 3
active_diff -8.96001661630288 1.491344852484861 -5.642901626604802 3
active_diff 0.3829220824345778 -6.170161081623019 -8.390940697352036 3
active_diff -4.711867048360141 -3.295381456944164 -2.9093437274469776 3
active_diff 7.67368649350113 4.746202895302685 -4.009894765382742 3
active_diff -6.656007757649315 2.5859060552267303 9.185308072099764 3
active_diff 6.511955181538109 6.996549063666432 4.253080533240765 3
active_diff 3.4061420974652306 -8.404277710616794 -7.397541827469416 3
active_diff -2.867076626244895 -4.040540205307234 9.49359471986811 3
active_diff 4.48633069805191 1.846055943732665 -8.795207999179782 3
active_diff 6.903492826227859 -6.489715935356856 -5.085526565031535 3
active_diff -4.456609397445849 9.521716898609101 0.9552171036727154 3
active_diff 9.929405078804992 -0.546103432162535 -2.1173746258292545 3
active_diff 1.3564295339276262 7.898025498313752 2.844470415744208 3
active_diff -7.061458140732087 -0.7887358618308674 -6.890668124242332 3
active_diff 5.2914000455395875 -4.313448491982791 10.31648197659791 3
active_diff -5.3392529671408875 8.090275529139557 -3.9033921826890143 3
active_diff -4.792465132245754 -0.7955474545887642 9.985528287581474 3
active_diff -3.8727284715926156 7.2881958450177 3.895303514014784 3
active_diff -6.9155421368917445 -4.305951955363648 -0.9510527512959721 3
active_diff 6.359768575283101 -3.6941558676418014 6.821636357062026 3
active_diff -1.4026364306247825 -3.793899270739233 -9.546759365553221 3
active_diff 2.118512388096308 -5.224076606847381 -8.852138494257524 3
active_diff 7.95164253884408 0.16778362374757358 2.2096478229136216 3
active_diff -5.713896081991725 -3.8677479352017397 -8.096200978899423 3
active_diff 7.603360842210923 8.01867593784318 -2.3744609206011402 3
quiesc_diff 0 0 0 4
quiesc_diff 0.7450826347472032 0.037795025185630465 -1.8556463573292685 4
quiesc_diff -1.0796264967752942 1.1904473446433013 -2.3586425563805515 4
quiesc_diff -0.5325766888231412 -0.05002191500697449 1.9271377424930514 4
quiesc_diff 0.5413925358470277 1.4160014533774277 3.008170766328314 4
quiesc_diff 1.673344556170517 -1.1185546093627665 -3.1977288167613582 4
quiesc_diff 2.025560412379664 -2.22748842931908 -4.824446301019751 4
quiesc_diff -1.7446691874570823 1.7649301084423408 0.8684541511471574 4
quiesc_diff -2.211410853703669 -0.5273732287544325 2.903688596311467 4
quiesc_diff 2.0913989393672376 2.393459256251069 -0.6411737410986513 4
quiesc_diff 2.4337082842927384 -0.08621187282564562 -0.7911437951235498 4
quiesc_diff -1.5703420278448719 2.9273678878610205 -3.2202139661402795 4
quiesc_diff 0.33260862329750623 -1.9326947743696192 -0.392507850663531 4
quiesc_diff 3.9717171164769063 2.301642983103903 -1.3164317101862721 4
quiesc_diff 2.0969590588387406 -2.377849474878338 0.43749506090994683 4
quiesc_diff 0.7243049294644324 -0.6542717426209264 6.192584302908685 4
quiesc_diff 2.1263088996341635 2.600293909126219 3.300560060004163 4
quiesc_diff 1.0746591207786707 2.8084381858440457 -2.413487742580609 4
quiesc_diff 0.7787891828479038 -1.5215084241582695 2.2663235381894165 4
quiesc_diff -1.008051775479455 3.381624997281996 1.7869814641711725 4
quiesc_diff 1.822404994700292 0.4977576657027514 1.26352944056567 4
quiesc_diff -4.058039060099871 -0.06596567840257339 3.5177466878795567 4
quiesc_diff 2.630459624353697 -2.089211414913078 -6.72575543176103 4
quiesc_diff -0.27326927328620054 -1.0798591854450499 -3.655109689924723 4
quiesc_diff -1.4735690867621454 -1.0022264819263726 -0.9078194894715926 4
quiesc_diff -1.7865105672727166 -2.3543963651880073 0.5322167033291542 4
quiesc_diff -0.2714621529242918 -0.46318182809082364 3.8664979682796057 4
quiesc_diff 2.396437861369823 -4.303179046776409 0.8885144467564332 4
quiesc_diff 3.7070425465032564 3.749795730841808 3.7247377344855996 4
quiesc_diff 1.977886247044528 3.4011389254316433 1.0826872025397205 4
quiesc_diff -2.3248265097511487 -0.048595658163520294 -3.314806436100125 4
quiesc_diff -2.2436075636198405 1.086352346959022 -5.784680464715985 4
quiesc_diff 0.3485521845375349 -3.636349687336649 -1.4400314734894257 4
quiesc_diff -3.296195594188763 1.0679724583332462 4.978492673841746 4
quiesc_diff 3.7818268444362566 0.7341280539339146 1.5872500830102643 4
quiesc_diff 2.3400193456245093 0.9255911853504138 -5.148664813912442 4
quiesc_diff 3.7325607790837676 -1.2308976464513426 0.21019364871546853 4
quiesc_diff -1.7038365423722286 1.829919906990393 2.8669808637982688 4
quiesc_diff 4.464032948631789 -1.9574075969387814 -7.513560368317781 4
quiesc_diff 3.4663418754128887 -2.901467602270841 -3.612051625096477 4
quiesc_diff -3.521219649350372 1.5470967295434987 -3.804156588673832 4
quiesc_diff 0.41598132239267577 -0.5705537064887378 8.16690136046262 4
quiesc_diff 1.90344623831911 -3.1254283719594085 2.66954470408281 4
quiesc_diff -0.09765108623813304 -3.01072018413358 -4.1459600297651695 4
quiesc_diff -2.0173908085810184 -1.1520493794376154 4.7936981012765205 4
quiesc_diff 2.0654775453892578 -2.2905229494958674 -1.6252397298383234 4
quiesc_diff 3.975466232567891 2.969403525431478 -3.2016589649857883 4
quiesc_diff 2.662844007776722 0.6515517754217827 5.762814679848197 4
quiesc_diff 0.823864445058447 -2.5093945621395797 8.43989860349546 4
quiesc_diff -0.878024837005236 5.053430430288181 2.8770087984348716 4
quiesc_diff 1.3830793337011846 4.356801249759534 -1.1857056794427436 4
quiesc_diff 0.053229243839301 -3.636879709104698 0.6163037623522706 4
quiesc_diff 4.808509715057412 4.073416027812573 -0.9156843770639466 4
quiesc_diff 0.21335488992148188 -2.210743937778582 4.7096937389935905 4
quiesc_diff -0.23195100361164134 -3.186635514044674 2.7199269442636638 4
quiesc_diff -0.8229094889762463 -1.7517495041654536 6.826358794573099 4
quiesc_diff -2.3072891849987904 -2.149667682606172 -2.3178866824729685 4
quiesc_diff -4.592833277673123 1.3014289759409583 2.1597234906833727 4
quiesc_diff 3.7694252871535476 -2.8083280448876926 1.4462293747454307 4
quiesc_diff -2.4966524013587152 4.324705512942523 -2.129619333175203 4
quiesc_diff -3.8891757927856596 0.9987409905811305 6.887309450786268 4
quiesc_diff 5.956936553976351 2.705359439981148 -3.1379715540150643 4
quiesc_diff 4.688534440365481 1.4111239100002297 3.2363583106148943 4
quiesc_diff 2.703034414561408 -4.118461442669355 -2.1273971789974944 4
quiesc_diff -0.16918670942247804 -4.984193378795922 -2.8239620429453156 4
quiesc_diff -3.8606340567897455 0.46496256682215686 -6.784230394198298 4
quiesc_diff -2.1844880026787354 -0.2598969505940033 0.819373561544223 4
quiesc_diff 2.036866906703536 3.4060878242716752 5.128864273261671 4
quiesc_diff 1.0905339034767756 -3.3186790269550652 -6.383647020403653 4
quiesc_diff -3.36146258265041 -2.072628752686622 3.6335236817608925 4
quiesc_diff -1.2838846113888034 -3.798346154508193 -5.550415566476839 4
quiesc_diff 5.444829115939052 -0.2744505717438762 -0.1814007024776645 4
quiesc_diff -3.772532880385718 -1.2037818868105967 1.852323129352051 4
quiesc_diff -2.5344545090107795 4.101355112451759 0.11708745657442776 4
quiesc_diff 5.6648113278442835 0.8698777721366054 -4.410589019347914 4
quiesc_diff -0.9746711667229088 -1.380251490004714 -5.503838941936692 4
quiesc_diff 5.282516628320114 -2.10417262437109 -3.8686251722875573 4
quiesc_diff 4.716903444826157 -0.31044468751351695 -6.40740952547044 4
quiesc_diff 0.7875592814256589 -5.370173488626939 1.411039638548106 4
quiesc_diff 3.332913723513742 -0.7903043013428923 -4.349757874617665 4
quiesc_diff 5.537136645986904 -1.9810910996548419 1.0093362662013046 4
quiesc_diff -3.599304782762001 -2.0909424548321556 -0.2705093828339914 4
quiesc_diff -1.206708666121662 0.714370234772301 5.185090057896012 4
quiesc_diff -4.146924628187361 -0.8282812751910257 5.364629003209592 4
quiesc_diff 0.4413367899370442 -5.524447619823815 -0.5527142866754351 4
quiesc_diff 0.6034153129468047 1.1773345640546886 6.986690113216313 4
quiesc_diff 3.015397349632997 -5.678918406812374 -0.42458507922658284 4
quiesc_diff 3.5505092163715046 -2.5782705990353634 7.184713693326383 4
quiesc_diff -4.421958826760165 -2.3603032505992996 -4.84501595642186 4
quiesc_diff 4.788547066575335 1.6756938336405094 -6.631286648577644 4
quiesc_diff 4.996760496337543 2.924006510504307 -4.920640389500582 4
quiesc_diff 1.758149286540981 3.598791669859786 -7.069851982836715 4
quiesc_diff -3.279187339946686 5.792869461260275 0.8813859704425981 4
quiesc_diff 1.7552352972891747 -4.2013125189031975 -4.648540657196866 4
quiesc_diff -3.7008547273880428 0.16665534661026832 -0.41297585884924914 4
quiesc_diff -1.5878864866225997 -0.4315548303799991 -7.154275738502143 4
quiesc_diff 1.1519221256948189 -3.1369695434377807 6.213421663637556 4
quiesc_diff 4.854431938233623 2.3857616707567586 1.2385027410266525 4
quiesc_diff 2.1183924567776047 4.845113219390158 3.1989331208744076 4
quiesc_diff -5.308071821288028 -2.016044185700771 2.8434589014712204 4
quiesc_diff -3.073153625386134 -3.6840129787334 4.782574951813196 4
quiesc_diff 5.960803708770927 2.2212057890206545 -1.1239105784521817 4
quiesc_diff 2.4409789593405296 0.011645302275604674 -6.924758865253451 4
quiesc_diff -1.841398154013505 -4.372374727321926 2.659079691573294 4
quiesc_diff -2.1999507173615873 -0.2128900515201334 6.65262492600429 4
quiesc_diff -5.420640279288461 2.130466951990041 -3.5763837761428716 4
quiesc_diff 2.7644305912797718 -4.8749922148325435 3.1142157101849617 4
quiesc_diff 2.924921856572781 -1.0139998095145815 2.045248789132556 4
quiesc_diff 4.243106904368428 -4.076853999036676 -0.6903852632051639 4
quiesc_diff -1.3008681359456986 -3.5882342319511804 7.457927774492882 4
